,carcinoma_FA_HN11A_3_total.csv,stroma_ad_dysplasia_FA_HN11A_2_total.csv,stroma_ad_dysplasia_FA_HN15_5_total.csv,stroma_ad_carcinoma_FA_HN11A_1_total.csv,stroma_ad_dysplasia_FA_HN15_2_total.csv,stroma_ad_carcinoma_FA_HN11A_2_total.csv,dysplasia_FA_HN15_2_total.csv,stroma_ad_dysplasia_FA_HN15_4_total.csv,carcinoma_FA_HN14_4_total.csv,stroma_ad_carcinoma_FA_HN14_5_total.csv,carcinoma_FA_HN11A_1_total.csv,dysplasia_FA_HN15_3_total.csv,stroma_ad_dysplasia_FA_HN14_2_total.csv,carcinoma_FA_HN11A_4_total.csv,carcinoma_FA_HN15_1_total.csv,carcinoma_FA_HN14_2_total.csv,dysplasia_FA_HN11A_3_total.csv,carcinoma_FA_HN11A_5_total.csv,stroma_ad_carcinoma_FA_HN15_4_total.csv,stroma_ad_dysplasia_FA_HN14_4_total.csv,dysplasia_FA_HN11A_2_total.csv,stroma_ad_dysplasia_FA_HN15_1_total.csv,dysplasia_FA_HN11A_5_total.csv,dysplasia_FA_HN14_2_total.csv,dysplasia_FA_HN15_5_total.csv,stroma_ad_dysplasia_FA_HN11A_3_total.csv,carcinoma_FA_HN11A_2_total.csv,carcinoma_FA_HN14_3_total.csv,stroma_ad_dysplasia_FA_HN11A_5_total.csv,stroma_ad_carcinoma_FA_HN14_3_total.csv,stroma_ad_carcinoma_FA_HN15_3_total.csv,stroma_ad_dysplasia_FA_HN11A_4_total.csv,stroma_ad_dysplasia_FA_HN14_1_total.csv,stroma_ad_carcinoma_FA_HN14_2_total.csv,dysplasia_FA_HN11A_4_total.csv,stroma_ad_dysplasia_FA_HN15_3_total.csv,dysplasia_FA_HN11A_1_total.csv,stroma_ad_dysplasia_FA_HN11A_1_total.csv,carcinoma_FA_HN14_1_total.csv,stroma_ad_carcinoma_FA_HN14_1_total.csv,dysplasia_FA_HN14_1_total.csv,dysplasia_FA_HN15_1_total.csv,stroma_ad_carcinoma_FA_HN14_4_total.csv,stroma_ad_carcinoma_FA_HN15_1_total.csv,stroma_ad_carcinoma_FA_HN15_2_total.csv,stroma_ad_dysplasia_FA_HN14_3_total.csv,carcinoma_FA_HN15_2_total.csv
carcinoma_FA_HN11A_3_total.csv,0.0,854.2178751613279,1365.6169628699126,1248.5363548371834,1080.2284095711339,974.8341773211843,1312.3738620352792,1251.562252374597,1017.9868568969072,1226.00807364625,857.5985220247617,1786.5758974563853,1135.8959171826257,732.9529284378776,1272.8643267357786,1122.833728712356,968.9691976996514,940.0138988495312,853.2283090405982,1292.2002156569372,932.9180885325355,884.6921111304434,1047.6966117233283,973.4725689048939,977.4361431266889,808.2941457569342,876.3477116605295,1617.3801492979255,1008.3687974468152,921.6904263461136,1368.7435485414871,942.4265543716432,1020.0716464019262,941.5504105005652,912.4843313133974,1483.5275859609696,942.5869506188164,951.4993200303032,837.0899939007448,923.7007634115561,1161.0511199213113,1037.535572012893,1266.066959184017,1022.3393131670048,1439.3511007538618,1910.125614804382,1235.4366621064325
stroma_ad_dysplasia_FA_HN11A_2_total.csv,854.2178751613279,0.0,1235.488288879752,1332.4960530214546,828.5903523412801,825.2642710822386,1056.3589206564623,1076.437835533534,1122.1764996473603,983.0107071622023,804.9175057596292,1646.042640962034,879.2725041715382,862.2742492877386,1196.321085449846,1172.9674055587143,948.5833258661495,1029.5921825160904,761.3228852839683,1145.6294609575466,1082.6756082121647,804.6127237898129,836.8338614862156,837.7286810513494,852.5371270581181,599.4784854175083,981.7027285830585,1712.2204262326156,812.9011157479678,715.0053693931501,1284.2078781653327,925.4358439655691,767.4369764026305,571.9168541219472,948.7815191573238,1431.5458083894373,979.8100532367416,741.9865442960958,921.724216848261,538.6674562025286,913.847921794077,1076.8904333300843,1174.2615193182423,809.1978186614095,1410.5066290490693,1815.284096036137,1188.8009762271972
stroma_ad_dysplasia_FA_HN15_5_total.csv,1365.6169628699126,1235.488288879752,0.0,803.5608776480178,1426.9846218079247,1212.789241541641,1979.0585723925176,735.6711975277982,1117.5241624459504,1211.144208089762,1025.487813694306,2573.6432301478485,1103.282581843082,1078.8671129366335,1882.2726162225674,1786.2013911985327,1635.018851371256,1304.0724536642267,1381.7664491482942,1072.6641679922898,1014.3423521894396,988.4346777318877,1384.0147022974893,1163.7020958329047,1473.9720239849523,1038.5991961855873,1498.0533005054447,1139.487198985104,832.7203765730242,1383.8578734435325,1531.8186033475395,806.4343131660088,1456.3405182594715,1206.034482053845,1436.132968839863,1660.5832847579688,867.4623641482381,1124.1906456190093,1112.6500470119092,1146.7418438420352,1635.6217875262153,1855.8825582307188,1302.8851004448848,1596.1677573111874,1754.8310812404725,1811.4618499538797,1833.171535231886
stroma_ad_carcinoma_FA_HN11A_1_total.csv,1248.5363548371834,1332.4960530214546,803.5608776480178,0.0,1476.0835450795685,1109.8305920572507,2030.186740135906,719.9547322284733,873.9470210507535,1334.524102791957,1160.6841212644217,2602.6720420785455,1172.6358309017037,987.2007197039778,1936.8547199111078,1563.0245949478037,1575.489085929694,1289.3263772860735,1218.4836972192043,1105.667720294833,895.9706070933247,933.1969734039591,1280.7416779928408,1109.4508587848231,1457.1907433409865,1108.7166429776555,1440.8587316654027,815.7284924583523,911.5581465183024,1453.7428363734502,1663.4053966948545,930.7320310175733,1589.9084788154396,1214.294354769151,1273.299579333902,1669.5519139866913,862.9810537469002,1190.6680685380488,1106.4376269597299,1221.2201730962558,1539.8306912772923,1724.204402286339,1430.8072225072692,1571.1206670735098,1799.5026795731706,1856.6161116036296,1804.1711884145611
stroma_ad_dysplasia_FA_HN15_2_total.csv,1080.2284095711339,828.5903523412801,1426.9846218079247,1476.0835450795685,0.0,828.3910247866485,1312.694840814393,1339.264996210347,1405.399095462319,908.7454083613424,1124.7983981132484,1619.3566209856103,878.6203976399906,1132.98930726285,1175.0552501935488,1332.1998774420972,1062.914898297993,1190.1464964860452,940.0527208589838,996.1956048786167,1197.689039784984,997.9572129704725,1072.2236252624587,1198.660748606049,1227.4809047171366,884.9827987026036,1140.1539719498771,1882.0661945272095,979.702291049389,721.3134581941753,1041.520709712314,1154.9439436094644,901.6248166073672,789.5136965968691,1059.4559005676983,1083.8057037885133,1183.7171051370178,928.8278470965398,1236.1840457936362,858.6382484813927,1263.63184660946,1400.4987258431395,988.291416955861,983.5637341711754,1156.9099539847616,1475.5474557895093,1177.146084538661
stroma_ad_carcinoma_FA_HN11A_2_total.csv,974.8341773211843,825.2642710822386,1212.789241541641,1109.8305920572507,828.3910247866485,0.0,1372.4777880877498,1038.320602839099,1083.493280721321,891.0426631575655,920.9041748934991,1791.0001605088703,751.0460835981262,973.8572844436812,1207.1225018222503,1239.638052975801,984.0255133056536,963.7475035943711,703.7708848247942,827.442440281515,863.5746890429265,824.173619243406,809.5350747992508,1078.063051608635,1134.3619772629352,798.9713209725484,1004.6366963026333,1602.0446455204205,737.3166480358685,795.5124594400615,1061.812833451655,904.3320880375576,927.7248403643899,714.6074704693484,887.0647533915817,1111.0799975945015,879.4575021545191,722.0957503870229,997.2411011386548,836.3626939053541,1240.115110020947,1335.5433843717713,928.1518091030384,944.0942141223738,1198.3226278757218,1482.295523464848,1223.5559806616343
dysplasia_FA_HN15_2_total.csv,1312.3738620352792,1056.3589206564623,1979.0585723925176,2030.186740135906,1312.694840814393,1372.4777880877498,0.0,1817.3871331744392,1723.080534190486,1408.691158285702,1331.9931452542378,1221.8522180136606,1393.0801165478556,1338.9515607604628,1284.6788609444989,1461.4648203336849,1250.18716881977,1442.2951207668493,1283.0140751588397,1737.4753784436514,1636.0983323269083,1388.4082510052353,1351.6732771754344,1370.671779433878,1049.8316344503537,1205.585645656548,1413.2495563919772,2442.5087086933495,1441.8356666946868,1123.892997468977,1636.4469390347256,1520.7138346668164,1177.1766008448662,1146.2263205139002,1411.4239464637583,1636.8706917506017,1588.8082877717734,1312.9424903361949,1401.332789106674,1127.4742160256849,1130.8199065342274,1078.299045884009,1637.4062734682202,1026.049159956051,1623.858916820818,2220.0024910662746,1394.0510022952024
stroma_ad_dysplasia_FA_HN15_4_total.csv,1251.562252374597,1076.437835533534,735.6711975277982,719.9547322284733,1339.264996210347,1038.320602839099,1817.3871331744392,0.0,930.8355602726081,1298.9198178113006,1050.9545181341632,2459.668480494254,1105.6597867298806,944.1400154324315,1896.62649714909,1526.4495839760789,1429.3208060830148,1282.4376157065556,1164.503358001225,1058.6255328864222,890.4453735256365,741.6474045586904,1102.8866156753452,958.5610810994195,1250.7455852180472,919.4520609045638,1383.7073980136001,1052.0041704450284,798.7565656546894,1265.4581335929063,1663.4421052861167,783.0471475197689,1446.367026860812,1037.4378981052528,1219.9904118945865,1774.280769667699,823.7615584343321,1076.7320228258186,1027.953547024078,965.5214981504445,1303.1301578476327,1645.3485260204325,1405.4920273097487,1359.5561603917379,1798.7795236769957,1897.2648749151444,1724.1412803206747
carcinoma_FA_HN14_4_total.csv,1017.9868568969072,1122.1764996473603,1117.5241624459504,873.9470210507535,1405.399095462319,1083.493280721321,1723.080534190486,930.8355602726081,0.0,1441.79960644649,1011.2959456958934,2324.8429901629124,1307.8223912017686,827.8909920564001,1846.6976090795797,1117.9418791257974,1338.9412729096607,1349.2515814283852,1079.2996958713723,1367.7064264199107,838.9256052889118,836.3312735354185,1181.2065191725956,1030.596470626282,1118.5156975991192,1003.3530608072053,1281.2885168810428,1051.0457998544462,990.8910929642427,1326.8783431665606,1712.1544420103057,900.6376746202236,1465.687966665143,1201.5764587221538,1159.6709674422234,1863.5639746901065,822.0815559281749,1170.0934734111763,838.7891265113745,1120.0019082070348,1435.4461466086104,1305.1911571676799,1507.309478278631,1477.8399814583702,1877.1673625322226,2117.663286059493,1761.6799489587936
stroma_ad_carcinoma_FA_HN14_5_total.csv,1226.00807364625,983.0107071622023,1211.144208089762,1334.524102791957,908.7454083613424,891.0426631575655,1408.691158285702,1298.9198178113006,1441.79960644649,0.0,993.4341495195,1744.5102390335567,605.1812082434487,1135.2279418016606,1018.198445161997,1641.1414232545435,1208.1325494334262,1046.8636569687794,1091.1215362554444,880.0488231023855,1142.5426219940455,1103.0289968130828,1177.2012403164078,1373.6234933644873,1331.026638225732,1005.8598291147362,1261.1203574888732,1863.3164736290478,833.126235546026,823.3925745548361,625.8979270243232,1022.3562074225592,772.6651333612505,859.7234171458367,1175.7449322144994,708.06402877335,1093.2844934927612,710.2942190043352,1175.2868919093798,1031.0255545811694,1566.0342946105854,1500.8405028940092,553.8965637625702,1057.4377681824953,763.9709155567602,1052.5338500743494,1149.0359201188114
carcinoma_FA_HN11A_1_total.csv,857.5985220247617,804.9175057596292,1025.487813694306,1160.6841212644217,1124.7983981132484,920.9041748934991,1331.9931452542378,1050.9545181341632,1011.2959456958934,993.4341495195,0.0,1857.4870465013537,920.1033307380108,717.7383818089006,1230.9343490172728,1315.6633621019382,999.6436218067395,805.300930975422,903.1774715899519,1196.004692209657,833.9236217599964,826.819758376727,990.293757130426,932.102167929434,977.403046999171,682.7136788601028,926.5648306837186,1544.0572742526651,804.0060393090865,928.3810675031012,1243.4404696763834,697.505984823318,910.8742380498692,929.4812581232993,966.1621770334887,1347.1909324087815,734.0429060261047,715.8097938646271,713.9344728270243,878.0654997509004,1273.8188459633202,1181.7139871157785,1158.1303855896174,1066.4430050120623,1301.9427253924778,1722.6135933521914,1220.0803274111129
dysplasia_FA_HN15_3_total.csv,1786.5758974563853,1646.042640962034,2573.6432301478485,2602.6720420785455,1619.3566209856103,1791.0001605088703,1221.8522180136606,2459.668480494254,2324.8429901629124,1744.5102390335567,1857.4870465013537,0.0,1803.416482467007,1999.2525965418245,1371.8999498432643,1952.3271108961317,1633.5923584196485,1787.298763791474,1741.7013785749566,2090.853150511401,2116.734136330853,2032.5901986812498,1858.1627879981033,1956.4529995521718,1699.4037387140836,1805.2134802996823,1811.7535340681734,3010.5497466341258,2020.246219041396,1491.2848004377347,1750.5243667935508,2130.558265171908,1530.0931876059128,1692.3422216241981,1923.8238478037408,1791.5007510840637,2156.6243346354004,1759.6680084817326,2046.9299192381413,1727.8562757105838,1699.6547038897054,1603.6337640812792,1831.0963214495316,1476.8098999051908,1598.402698033071,2198.268562919929,1556.0365440923583
stroma_ad_dysplasia_FA_HN14_2_total.csv,1135.8959171826257,879.2725041715382,1103.282581843082,1172.6358309017037,878.6203976399906,751.0460835981262,1393.0801165478556,1105.6597867298806,1307.8223912017686,605.1812082434487,920.1033307380108,1803.416482467007,0.0,1090.9108512919984,1098.6093121420265,1542.3964556970468,1161.1614289193171,911.9238832899593,1013.0996976599362,805.4739014545092,984.4003989225805,935.9451024167792,1012.1560725093249,1184.064579049204,1243.5629708620836,857.9404466666753,1204.2999333368118,1720.7017374068123,689.6008154968315,806.4758367781665,828.7420753148489,924.4293813236534,773.9921391416708,735.0170209738337,1039.504055035729,887.7938947565115,892.9753414914566,624.0314877497993,1103.6693351585723,903.142533163917,1361.7586495582104,1479.536844343689,683.828791450071,981.3189511005355,931.1414680843061,1177.5018485243802,1142.9120941124056
carcinoma_FA_HN11A_4_total.csv,732.9529284378776,862.2742492877386,1078.8671129366335,987.2007197039778,1132.98930726285,973.8572844436812,1338.9515607604628,944.1400154324315,827.8909920564001,1135.2279418016606,717.7383818089006,1999.2525965418245,1090.9108512919984,0.0,1402.7858221743538,1143.454508928246,1008.389031230568,980.5893259734555,887.4457506371862,1229.3561669375483,740.885540043376,741.7580182333315,961.1286374468067,818.5825367289399,927.1624219212558,699.4478780340773,990.1116430939969,1355.234295030018,830.0220769370245,965.768978479664,1412.3653301076747,703.459594118559,1049.6970107481402,916.305919531538,886.4919172637407,1542.4546637832686,702.1525541049216,870.1466095535313,642.798493463547,843.8848734789218,1169.6754258408896,1088.2610046313716,1269.438809451052,1086.4234668990541,1516.5124375210812,1925.6618613512455,1337.8085851050566
carcinoma_FA_HN15_1_total.csv,1272.8643267357786,1196.321085449846,1882.2726162225674,1936.8547199111078,1175.0552501935488,1207.1225018222503,1284.6788609444989,1896.62649714909,1846.6976090795797,1018.198445161997,1230.9343490172728,1371.8999498432643,1098.6093121420265,1402.7858221743538,0.0,1706.2110987544106,1133.7865349635915,1152.4965544851464,1289.5526451256287,1359.514070323448,1471.2562918598235,1511.563594259977,1438.1816461922006,1505.682421810431,1480.6014419609644,1289.630701819054,1263.1176035416463,2402.6877271361027,1344.4587093065961,935.9423005467895,1019.1081240132528,1469.6757673311622,945.3851289433514,1139.3073165864394,1412.3693840351182,1093.8789469569,1483.2400690972363,1050.8225623285239,1447.8235373233906,1337.0897809799014,1679.6587601899316,1362.4047767876752,1122.9030566213037,1158.6793073911872,965.5147614420489,1436.0785851438513,971.9503790991034
carcinoma_FA_HN14_2_total.csv,1122.833728712356,1172.9674055587143,1786.2013911985327,1563.0245949478037,1332.1998774420972,1239.638052975801,1461.4648203336849,1526.4495839760789,1117.9418791257974,1641.1414232545435,1315.6633621019382,1952.3271108961317,1542.3964556970468,1143.454508928246,1706.2110987544106,0.0,1121.3275212699157,1476.3443772780315,1106.4606297405142,1585.2927737260857,1176.4765980485463,1107.9100735616732,1249.7822204232418,1367.6583583674549,955.6819719612539,1249.321737944879,1363.2531515213768,1776.4006447645631,1385.5276972605266,1301.1521052583296,1752.6259674577632,1379.3237837329286,1452.7752039253553,1364.936219289806,1293.4266590997304,1876.7028573909731,1316.1517142402813,1319.826892174493,1199.3197294719441,1240.3558034728683,1369.5901784055377,942.7625642527773,1685.4160737913614,1402.200409933864,1881.7594676123608,2186.3178319989547,1657.9105347467178
dysplasia_FA_HN11A_3_total.csv,968.9691976996514,948.5833258661495,1635.018851371256,1575.489085929694,1062.914898297993,984.0255133056536,1250.18716881977,1429.3208060830148,1338.9412729096607,1208.1325494334262,999.6436218067395,1633.5923584196485,1161.1614289193171,1008.389031230568,1133.7865349635915,1121.3275212699157,0.0,1054.0061876783134,907.7363055418182,1290.7019347879443,1074.3693512746304,987.2168644911816,1085.4524775875357,1248.6936411895774,1057.4866185335839,1012.6427553456723,1122.8800378967742,1996.9116129495344,1135.8974262870875,888.8804848231337,1176.6183591979614,1201.5757484381782,1026.458897239502,1036.441225900691,1016.536246373214,1306.6665933730203,1160.1173453135978,980.6303116996802,1080.5107392065208,1039.27984945535,1350.7817454648039,1115.7204157850401,1314.1587265216344,1049.8657530607286,1234.2037660338628,1671.245193953806,1061.416982551181
carcinoma_FA_HN11A_5_total.csv,940.0138988495312,1029.5921825160904,1304.0724536642267,1289.3263772860735,1190.1464964860452,963.7475035943711,1442.2951207668493,1282.4376157065556,1349.2515814283852,1046.8636569687794,805.300930975422,1787.298763791474,911.9238832899593,980.5893259734555,1152.4965544851464,1476.3443772780315,1054.0061876783134,0.0,933.565162989783,1183.8831738071174,1006.8084648731908,1017.6990428917064,1091.7263195211458,1125.3391999002936,1145.8499487415745,930.3317172925274,991.3853831083825,1805.1857296747926,932.6245320143277,961.7221268194231,1167.7243105176017,987.3398945142158,991.8418161266562,1031.4668505243858,1023.7549898943075,1193.265805678915,967.1461907617854,843.4120595220687,1000.9594111544357,1075.1863792464871,1315.8097209729274,1359.6567216047392,1095.0415359477615,1055.9776208084818,1117.2465135063364,1542.5903422203696,1090.5479590330629
stroma_ad_carcinoma_FA_HN15_4_total.csv,853.2283090405982,761.3228852839683,1381.7664491482942,1218.4836972192043,940.0527208589838,703.7708848247942,1283.0140751588397,1164.503358001225,1079.2996958713723,1091.1215362554444,903.1774715899519,1741.7013785749566,1013.0996976599362,887.4457506371862,1289.5526451256287,1106.4606297405142,907.7363055418182,933.565162989783,0.0,1115.6990079109376,970.7930361141961,847.6513889363844,778.0270344295718,1020.2922632830441,957.7167741380172,861.4690223258588,913.9214272882223,1674.0241385651982,915.1099328129067,886.0627365507305,1315.24241537943,991.8448573820908,972.6177469384525,794.1844931184235,805.7435341658444,1342.6150966453304,990.0253206556074,844.9400271039199,933.5645491083933,859.5417161469107,1122.5745960183299,1081.1281618335358,1198.9761469851678,903.5110297266143,1346.6213452694783,1784.57497667707,1176.068241188221
stroma_ad_dysplasia_FA_HN14_4_total.csv,1292.2002156569372,1145.6294609575466,1072.6641679922898,1105.667720294833,996.1956048786167,827.442440281515,1737.4753784436514,1058.6255328864222,1367.7064264199107,880.0488231023855,1196.004692209657,2090.853150511401,805.4739014545092,1229.3561669375483,1359.514070323448,1585.2927737260857,1290.7019347879443,1183.8831738071174,1115.6990079109376,0.0,953.5697975417529,1053.548311115062,1231.6474281402407,1332.0896383963577,1506.0241548877311,1111.1124696279655,1268.0813025596647,1551.719674816387,825.2260341528147,1004.2324345862369,1033.234358026681,994.2995102311702,1121.5846249585406,1013.1989084009243,1245.3422850024187,1120.43932110519,1055.279953245656,907.304784206177,1340.906277314,1126.2289220729856,1578.8930484177629,1724.9627964331412,820.6703692189088,1270.1771701169585,1257.6514320728706,1207.361514004004,1405.7912740467978
dysplasia_FA_HN11A_2_total.csv,932.9180885325355,1082.6756082121647,1014.3423521894396,895.9706070933247,1197.689039784984,863.5746890429265,1636.0983323269083,890.4453735256365,838.9256052889118,1142.5426219940455,833.9236217599964,2116.734136330853,984.4003989225805,740.885540043376,1471.2562918598235,1176.4765980485463,1074.3693512746304,1006.8084648731908,970.7930361141961,953.5697975417529,0.0,729.2015073601693,1053.833637633579,990.3455466857472,1111.2025529996379,939.3628937541961,1089.301552028681,1237.675535836807,779.2169022815044,1050.0282773106453,1311.0262809664173,711.6969185907726,1224.7627173278825,1053.2343964493352,1033.2051242084442,1400.291768921026,617.9378387084136,890.3102856861437,839.4199973736793,1081.4255395464818,1376.6352214318472,1362.3165741675123,1172.5488115703151,1259.1760281278744,1447.428900967493,1632.8086133401637,1407.6215710064173
stroma_ad_dysplasia_FA_HN15_1_total.csv,884.6921111304434,804.6127237898129,988.4346777318877,933.1969734039591,997.9572129704725,824.173619243406,1388.4082510052353,741.6474045586904,836.3312735354185,1103.0289968130828,826.819758376727,2032.5901986812498,935.9451024167792,741.7580182333315,1511.563594259977,1107.9100735616732,987.2168644911816,1017.6990428917064,847.6513889363844,1053.548311115062,729.2015073601693,0.0,934.9949368435481,926.8363784740276,897.7918849403231,735.6787703217718,1072.8576270159988,1271.2638512226863,705.1223337720344,896.1477772858627,1349.444402698138,801.4171259675493,1083.2940033032567,861.2216676565345,954.8061322444115,1533.2409194111972,734.1350975681675,819.3108628540733,811.8477037437923,804.4749372268868,1128.162190964414,1246.4972659839455,1208.7956984396687,1098.885407765335,1509.4604015561888,1757.2544229217024,1384.7077371938744
dysplasia_FA_HN11A_5_total.csv,1047.6966117233283,836.8338614862156,1384.0147022974893,1280.7416779928408,1072.2236252624587,809.5350747992508,1351.6732771754344,1102.8866156753452,1181.2065191725956,1177.2012403164078,990.293757130426,1858.1627879981033,1012.1560725093249,961.1286374468067,1438.1816461922006,1249.7822204232418,1085.4524775875357,1091.7263195211458,778.0270344295718,1231.6474281402407,1053.833637633579,934.9949368435481,0.0,978.0783112996326,1007.5683458891199,834.0788661625907,994.7273954050629,1763.3600898798973,920.9272050747231,962.3698178345969,1392.2065642307855,1038.7761473125727,985.7397661967161,823.2924891504128,935.0029803862848,1459.739605537978,1009.569351768064,900.1275287313288,1001.6907206207494,863.2744274958516,959.847779038103,1219.6265656154897,1239.3155562506515,928.9379887047749,1505.6773406937223,1719.8292014165754,1316.8820916996913
dysplasia_FA_HN14_2_total.csv,973.4725689048939,837.7286810513494,1163.7020958329047,1109.4508587848231,1198.660748606049,1078.063051608635,1370.671779433878,958.5610810994195,1030.596470626282,1373.6234933644873,932.102167929434,1956.4529995521718,1184.064579049204,818.5825367289399,1505.682421810431,1367.6583583674549,1248.6936411895774,1125.3391999002936,1020.2922632830441,1332.0896383963577,990.3455466857472,926.8363784740276,978.0783112996326,0.0,1038.5159306257062,766.5950620775761,1059.9676687414717,1519.7508161537705,960.3093265836196,1010.9282194516711,1601.8429904543825,888.479931131903,1223.9488848555166,864.4636105388659,1034.8169113106185,1728.4053574752943,809.0988681828453,1043.105015755462,979.5785298758158,835.3972487398948,949.8334258044113,1306.0985827530205,1421.6078318571438,1090.9902772029068,1752.339463323115,2051.368372912543,1537.5868932215008
dysplasia_FA_HN15_5_total.csv,977.4361431266889,852.5371270581181,1473.9720239849523,1457.1907433409865,1227.4809047171366,1134.3619772629352,1049.8316344503537,1250.7455852180472,1118.5156975991192,1331.026638225732,977.403046999171,1699.4037387140836,1243.5629708620836,927.1624219212558,1480.6014419609644,955.6819719612539,1057.4866185335839,1145.8499487415745,957.7167741380172,1506.0241548877311,1111.2025529996379,897.7918849403231,1007.5683458891199,1038.5159306257062,0.0,933.9189443262596,1139.61449620114,1773.830922385416,1097.9795757082068,1048.7743743760398,1609.288541974578,1100.6547512789573,1134.7611311130145,1049.632578646786,1068.1026433319507,1703.6130003116405,1125.0018445050962,1051.851898351635,966.0226685010429,911.0572354598644,972.9237749461203,894.5805604824836,1499.609652693814,1009.8711866622917,1669.8068304284873,2121.1065351016605,1407.911837175687
stroma_ad_dysplasia_FA_HN11A_3_total.csv,808.2941457569342,599.4784854175083,1038.5991961855873,1108.7166429776555,884.9827987026036,798.9713209725484,1205.585645656548,919.4520609045638,1003.3530608072053,1005.8598291147362,682.7136788601028,1805.2134802996823,857.9404466666753,699.4478780340773,1289.630701819054,1249.321737944879,1012.6427553456723,930.3317172925274,861.4690223258588,1111.1124696279655,939.3628937541961,735.6787703217718,834.0788661625907,766.5950620775761,933.9189443262596,0.0,956.9440840768956,1534.397694741069,690.0710921152598,804.1558457729359,1304.1938059341262,743.8330657204417,902.8324080263651,624.7326514590236,916.064633772653,1415.6710639479045,790.5043281328965,737.0776726168343,791.1025743861055,587.0864045549421,942.3859372528964,1214.679924836082,1150.2357322251394,933.478709490422,1406.6351114926824,1818.6303463661839,1240.9319155751614
carcinoma_FA_HN11A_2_total.csv,876.3477116605295,981.7027285830585,1498.0533005054447,1440.8587316654027,1140.1539719498771,1004.6366963026333,1413.2495563919772,1383.7073980136001,1281.2885168810428,1261.1203574888732,926.5648306837186,1811.7535340681734,1204.2999333368118,990.1116430939969,1263.1176035416463,1363.2531515213768,1122.8800378967742,991.3853831083825,913.9214272882223,1268.0813025596647,1089.301552028681,1072.8576270159988,994.7273954050629,1059.9676687414717,1139.61449620114,956.9440840768956,0.0,1873.7808608111918,1085.0217721452755,1044.7000625481785,1399.3570729199698,1047.478829541767,1028.0089045776635,1031.6156408170061,866.5886012950967,1449.3850022869487,1084.2195176846888,996.677202989925,1034.830084480072,1053.4264758580282,1333.2060430197046,1257.7108030775253,1313.500752283325,1140.0482726925252,1454.9738963764635,1723.4452931756866,1235.7019851072425
carcinoma_FA_HN14_3_total.csv,1617.3801492979255,1712.2204262326156,1139.487198985104,815.7284924583523,1882.0661945272095,1602.0446455204205,2442.5087086933495,1052.0041704450284,1051.0457998544462,1863.3164736290478,1544.0572742526651,3010.5497466341258,1720.7017374068123,1355.234295030018,2402.6877271361027,1776.4006447645631,1996.9116129495344,1805.1857296747926,1674.0241385651982,1551.719674816387,1237.675535836807,1271.2638512226863,1763.3600898798973,1519.7508161537705,1773.830922385416,1534.397694741069,1873.7808608111918,0.0,1363.8255738771156,1856.7056445487679,2172.2941347680603,1279.8121453866672,2047.4861108971886,1703.8173770487474,1706.0970629959959,2256.268981966307,1177.0610125732792,1644.7088982126545,1446.2961529754107,1639.4838732858716,1973.6973504650682,2046.8934006782465,1907.894785011586,2056.831569047164,2356.7485619207655,2375.4841420586367,2312.192259471052
stroma_ad_dysplasia_FA_HN11A_5_total.csv,1008.3687974468152,812.9011157479678,832.7203765730242,911.5581465183024,979.702291049389,737.3166480358685,1441.8356666946868,798.7565656546894,990.8910929642427,833.126235546026,804.0060393090865,2020.246219041396,689.6008154968315,830.0220769370245,1344.4587093065961,1385.5276972605266,1135.8974262870875,932.6245320143277,915.1099328129067,825.2260341528147,779.2169022815044,705.1223337720344,920.9272050747231,960.3093265836196,1097.9795757082068,690.0710921152598,1085.0217721452755,1363.8255738771156,0.0,889.750721178676,1127.1572994144806,664.1174716393123,960.3004165950011,738.7872003014163,1002.0190909365679,1247.7639494159464,693.7445626445542,685.5334964576409,877.8399783365203,793.9231063582569,1208.7216905086634,1432.3529336967633,985.0215232968492,1117.685703678306,1321.2473408254687,1500.231029769514,1316.3421153467905
stroma_ad_carcinoma_FA_HN14_3_total.csv,921.6904263461136,715.0053693931501,1383.8578734435325,1453.7428363734502,721.3134581941753,795.5124594400615,1123.892997468977,1265.4581335929063,1326.8783431665606,823.3925745548361,928.3810675031012,1491.2848004377347,806.4758367781665,965.768978479664,935.9423005467895,1301.1521052583296,888.8804848231337,961.7221268194231,886.0627365507305,1004.2324345862369,1050.0282773106453,896.1477772858627,962.3698178345969,1010.9282194516711,1048.7743743760398,804.1558457729359,1044.7000625481785,1856.7056445487679,889.750721178676,0.0,963.034774419033,1015.3943320230142,705.8095275029491,654.9241711577241,984.6120742130587,1063.5140265199777,1005.8396860516967,762.8891155463093,1096.0106212243663,792.8540661859805,1161.6686155589316,1233.6588172387517,886.8290773150488,817.325798483491,1054.7899629273466,1465.21612399231,997.1704790784711
stroma_ad_carcinoma_FA_HN15_3_total.csv,1368.7435485414871,1284.2078781653327,1531.8186033475395,1663.4053966948545,1041.520709712314,1061.812833451655,1636.4469390347256,1663.4421052861167,1712.1544420103057,625.8979270243232,1243.4404696763834,1750.5243667935508,828.7420753148489,1412.3653301076747,1019.1081240132528,1752.6259674577632,1176.6183591979614,1167.7243105176017,1315.24241537943,1033.234358026681,1311.0262809664173,1349.444402698138,1392.2065642307855,1601.8429904543825,1609.288541974578,1304.1938059341262,1399.3570729199698,2172.2941347680603,1127.1572994144806,963.034774419033,0.0,1337.1784220637862,947.9921533620725,1124.3406739608263,1354.2218085787636,739.4587203625554,1335.9522192190232,1001.4799033735316,1441.7351218499782,1341.5555815092478,1811.8033201551607,1654.9982154231316,653.3496639539352,1230.4274553441187,750.8647441572131,973.473317563657,1181.586369839994
stroma_ad_dysplasia_FA_HN11A_4_total.csv,942.4265543716432,925.4358439655691,806.4343131660088,930.7320310175733,1154.9439436094644,904.3320880375576,1520.7138346668164,783.0471475197689,900.6376746202236,1022.3562074225592,697.505984823318,2130.558265171908,924.4293813236534,703.459594118559,1469.6757673311622,1379.3237837329286,1201.5757484381782,987.3398945142158,991.8448573820908,994.2995102311702,711.6969185907726,801.4171259675493,1038.7761473125727,888.479931131903,1100.6547512789573,743.8330657204417,1047.478829541767,1279.8121453866672,664.1174716393123,1015.3943320230142,1337.1784220637862,0.0,1063.7177515382102,891.1841166706703,1069.1502169322225,1467.785763876941,575.6831757404113,812.7645054341782,765.8568040287716,853.8993049517541,1300.4370912049071,1418.7544656736902,1159.3361926357445,1171.4268112847299,1443.6296938478279,1746.9953400963327,1405.1301582506103
stroma_ad_dysplasia_FA_HN14_1_total.csv,1020.0716464019262,767.4369764026305,1456.3405182594715,1589.9084788154396,901.6248166073672,927.7248403643899,1177.1766008448662,1446.367026860812,1465.687966665143,772.6651333612505,910.8742380498692,1530.0931876059128,773.9921391416708,1049.6970107481402,945.3851289433514,1452.7752039253553,1026.458897239502,991.8418161266562,972.6177469384525,1121.5846249585406,1224.7627173278825,1083.2940033032567,985.7397661967161,1223.9488848555166,1134.7611311130145,902.8324080263651,1028.0089045776635,2047.4861108971886,960.3004165950011,705.8095275029491,947.9921533620725,1063.7177515382102,0.0,783.2221132020741,1036.9109955372337,1102.0208704489116,1143.7187165717096,751.2882807057865,1048.6724294669084,880.9807171031185,1321.3964876775103,1255.8697781455846,869.9739747368583,832.9143298011704,1095.6913647314072,1409.079493965074,1021.6578011179696
stroma_ad_carcinoma_FA_HN14_2_total.csv,941.5504105005652,571.9168541219472,1206.034482053845,1214.294354769151,789.5136965968691,714.6074704693484,1146.2263205139002,1037.4378981052528,1201.5764587221538,859.7234171458367,929.4812581232993,1692.3422216241981,735.0170209738337,916.305919531538,1139.3073165864394,1364.936219289806,1036.441225900691,1031.4668505243858,794.1844931184235,1013.1989084009243,1053.2343964493352,861.2216676565345,823.2924891504128,864.4636105388659,1049.632578646786,624.7326514590236,1031.6156408170061,1703.8173770487474,738.7872003014163,654.9241711577241,1124.3406739608263,891.1841166706703,783.2221132020741,0.0,963.3511902828379,1255.0289774482303,918.8216758135567,709.4024540690612,1030.3612758922118,551.6258229888458,981.5843909459539,1269.552813133509,1015.0465523088087,816.6115807247712,1246.8232104293131,1636.1424057218535,1178.1301384781407
dysplasia_FA_HN11A_4_total.csv,912.4843313133974,948.7815191573238,1436.132968839863,1273.299579333902,1059.4559005676983,887.0647533915817,1411.4239464637583,1219.9904118945865,1159.6709674422234,1175.7449322144994,966.1621770334887,1923.8238478037408,1039.504055035729,886.4919172637407,1412.3693840351182,1293.4266590997304,1016.536246373214,1023.7549898943075,805.7435341658444,1245.3422850024187,1033.2051242084442,954.8061322444115,935.0029803862848,1034.8169113106185,1068.1026433319507,916.064633772653,866.5886012950967,1706.0970629959959,1002.0190909365679,984.6120742130587,1354.2218085787636,1069.1502169322225,1036.9109955372337,963.3511902828379,0.0,1413.7231882668423,1012.800403072527,902.5660959687839,1001.6105283940462,1006.1700973038799,1198.8416113684948,1205.30916823609,1198.9891826396645,1049.293597521304,1403.194033246118,1636.2328882593579,1307.2521030291268
stroma_ad_dysplasia_FA_HN15_3_total.csv,1483.5275859609696,1431.5458083894373,1660.5832847579688,1669.5519139866913,1083.8057037885133,1111.0799975945015,1636.8706917506017,1774.280769667699,1863.5639746901065,708.06402877335,1347.1909324087815,1791.5007510840637,887.7938947565115,1542.4546637832686,1093.8789469569,1876.7028573909731,1306.6665933730203,1193.265805678915,1342.6150966453304,1120.43932110519,1400.291768921026,1533.2409194111972,1459.739605537978,1728.4053574752943,1703.6130003116405,1415.6710639479045,1449.3850022869487,2256.268981966307,1247.7639494159464,1063.5140265199777,739.4587203625554,1467.785763876941,1102.0208704489116,1255.0289774482303,1413.7231882668423,0.0,1500.9422336902828,1110.192950616616,1584.7260988748444,1462.4096679317474,1888.2748587217566,1825.6792922810614,779.206152025705,1329.5004613676247,803.6566108022602,996.1585814217328,1229.8631999485656
dysplasia_FA_HN11A_1_total.csv,942.5869506188164,979.8100532367416,867.4623641482381,862.9810537469002,1183.7171051370178,879.4575021545191,1588.8082877717734,823.7615584343321,822.0815559281749,1093.2844934927612,734.0429060261047,2156.6243346354004,892.9753414914566,702.1525541049216,1483.2400690972363,1316.1517142402813,1160.1173453135978,967.1461907617854,990.0253206556074,1055.279953245656,617.9378387084136,734.1350975681675,1009.569351768064,809.0988681828453,1125.0018445050962,790.5043281328965,1084.2195176846888,1177.0610125732792,693.7445626445542,1005.8396860516967,1335.9522192190232,575.6831757404113,1143.7187165717096,918.8216758135567,1012.800403072527,1500.9422336902828,0.0,804.178120394555,763.8363822076858,935.8074392198099,1291.7026797437468,1427.688776122027,1157.0229327954623,1199.5432113097638,1473.078292177903,1739.1192359986553,1411.2284224831587
stroma_ad_dysplasia_FA_HN11A_1_total.csv,951.4993200303032,741.9865442960958,1124.1906456190093,1190.6680685380488,928.8278470965398,722.0957503870229,1312.9424903361949,1076.7320228258186,1170.0934734111763,710.2942190043352,715.8097938646271,1759.6680084817326,624.0314877497993,870.1466095535313,1050.8225623285239,1319.826892174493,980.6303116996802,843.4120595220687,844.9400271039199,907.304784206177,890.3102856861437,819.3108628540733,900.1275287313288,1043.105015755462,1051.851898351635,737.0776726168343,996.677202989925,1644.7088982126545,685.5334964576409,762.8891155463093,1001.4799033735316,812.7645054341782,751.2882807057865,709.4024540690612,902.5660959687839,1110.192950616616,804.178120394555,0.0,920.0112492015837,806.0035856874318,1236.7081442283115,1275.7571325947001,834.4046580223524,936.2439369074916,1094.2211448544283,1395.3851439157334,1075.7700266984107
carcinoma_FA_HN14_1_total.csv,837.0899939007448,921.724216848261,1112.6500470119092,1106.4376269597299,1236.1840457936362,997.2411011386548,1401.332789106674,1027.953547024078,838.7891265113745,1175.2868919093798,713.9344728270243,2046.9299192381413,1103.6693351585723,642.798493463547,1447.8235373233906,1199.3197294719441,1080.5107392065208,1000.9594111544357,933.5645491083933,1340.906277314,839.4199973736793,811.8477037437923,1001.6907206207494,979.5785298758158,966.0226685010429,791.1025743861055,1034.830084480072,1446.2961529754107,877.8399783365203,1096.0106212243663,1441.7351218499782,765.8568040287716,1048.6724294669084,1030.3612758922118,1001.6105283940462,1584.7260988748444,763.8363822076858,920.0112492015837,0.0,988.9611009314565,1287.7424200243731,1167.9240944949534,1325.2658896499306,1171.6092001420557,1535.0042308563789,1954.3400028485144,1431.6982439908552
stroma_ad_carcinoma_FA_HN14_1_total.csv,923.7007634115561,538.6674562025286,1146.7418438420352,1221.2201730962558,858.6382484813927,836.3626939053541,1127.4742160256849,965.5214981504445,1120.0019082070348,1031.0255545811694,878.0654997509004,1727.8562757105838,903.142533163917,843.8848734789218,1337.0897809799014,1240.3558034728683,1039.27984945535,1075.1863792464871,859.5417161469107,1126.2289220729856,1081.4255395464818,804.4749372268868,863.2744274958516,835.3972487398948,911.0572354598644,587.0864045549421,1053.4264758580282,1639.4838732858716,793.9231063582569,792.8540661859805,1341.5555815092478,853.8993049517541,880.9807171031185,551.6258229888458,1006.1700973038799,1462.4096679317474,935.8074392198099,806.0035856874318,988.9611009314565,0.0,895.8608031567292,1174.6661888362514,1210.9446285644406,849.7377981174837,1436.4631331909852,1852.3025030925735,1249.89387889113
dysplasia_FA_HN14_1_total.csv,1161.0511199213113,913.847921794077,1635.6217875262153,1539.8306912772923,1263.63184660946,1240.115110020947,1130.8199065342274,1303.1301578476327,1435.4461466086104,1566.0342946105854,1273.8188459633202,1699.6547038897054,1361.7586495582104,1169.6754258408896,1679.6587601899316,1369.5901784055377,1350.7817454648039,1315.8097209729274,1122.5745960183299,1578.8930484177629,1376.6352214318472,1128.162190964414,959.847779038103,949.8334258044113,972.9237749461203,942.3859372528964,1333.2060430197046,1973.6973504650682,1208.7216905086634,1161.6686155589316,1811.8033201551607,1300.4370912049071,1321.3964876775103,981.5843909459539,1198.8416113684948,1888.2748587217566,1291.7026797437468,1236.7081442283115,1287.7424200243731,895.8608031567292,0.0,1256.8097887817469,1646.1534688246418,1004.2368808381085,1847.858167390649,2168.8183379513084,1569.4493141250343
dysplasia_FA_HN15_1_total.csv,1037.535572012893,1076.8904333300843,1855.8825582307188,1724.204402286339,1400.4987258431395,1335.5433843717713,1078.299045884009,1645.3485260204325,1305.1911571676799,1500.8405028940092,1181.7139871157785,1603.6337640812792,1479.536844343689,1088.2610046313716,1362.4047767876752,942.7625642527773,1115.7204157850401,1359.6567216047392,1081.1281618335358,1724.9627964331412,1362.3165741675123,1246.4972659839455,1219.6265656154897,1306.0985827530205,894.5805604824836,1214.679924836082,1257.7108030775253,2046.8934006782465,1432.3529336967633,1233.6588172387517,1654.9982154231316,1418.7544656736902,1255.8697781455846,1269.552813133509,1205.30916823609,1825.6792922810614,1427.688776122027,1275.7571325947001,1167.9240944949534,1174.6661888362514,1256.8097887817469,0.0,1614.9604164344678,1128.3549053082836,1669.874308341106,2273.34451517181,1426.77021989942
stroma_ad_carcinoma_FA_HN14_4_total.csv,1266.066959184017,1174.2615193182423,1302.8851004448848,1430.8072225072692,988.291416955861,928.1518091030384,1637.4062734682202,1405.4920273097487,1507.309478278631,553.8965637625702,1158.1303855896174,1831.0963214495316,683.828791450071,1269.438809451052,1122.9030566213037,1685.4160737913614,1314.1587265216344,1095.0415359477615,1198.9761469851678,820.6703692189088,1172.5488115703151,1208.7956984396687,1239.3155562506515,1421.6078318571438,1499.609652693814,1150.2357322251394,1313.500752283325,1907.894785011586,985.0215232968492,886.8290773150488,653.3496639539352,1159.3361926357445,869.9739747368583,1015.0465523088087,1198.9891826396645,779.206152025705,1157.0229327954623,834.4046580223524,1325.2658896499306,1210.9446285644406,1646.1534688246418,1614.9604164344678,0.0,1143.1921651372152,857.4590997490117,932.2071412019816,1202.2357767674423
