,topology_carcinoma_20_clean_mieloides.csv,topology_carcinoma_17_clean_mieloides.csv,topology_carcinoma_6_clean_mieloides.csv,topology_carcinoma_13_clean_mieloides.csv,topology_dysplasia_17_clean_mieloides.csv,topology_carcinoma_19_clean_mieloides.csv,topology_dysplasia_16_clean_mieloides.csv,topology_carcinoma_9_clean_mieloides.csv,topology_dysplasia_15_clean_mieloides.csv,topology_carcinoma_2_clean_mieloides.csv,topology_ad_dysplasia_3_clean_mieloides.csv,topology_dysplasia_7_clean_mieloides.csv,topology_carcinoma_8_clean_mieloides.csv,topology_dysplasia_2_clean_mieloides.csv,topology_dysplasia_18_clean_mieloides.csv,topology_carcinoma_11_clean_mieloides.csv,topology_ad_carcinoma_15_clean_mieloides.csv,topology_dysplasia_8_clean_mieloides.csv,topology_ad_dysplasia_8_clean_mieloides.csv,topology_carcinoma_15_clean_mieloides.csv,topology_dysplasia_3_clean_mieloides.csv,topology_ad_dysplasia_9_clean_mieloides.csv,topology_dysplasia_14_clean_mieloides.csv,topology_ad_carcinoma_11_clean_mieloides.csv,topology_ad_dysplasia_5_clean_mieloides.csv,topology_dysplasia_5_clean_mieloides.csv,topology_dysplasia_4_clean_mieloides.csv,topology_dysplasia_13_clean_mieloides.csv,topology_dysplasia_11_clean_mieloides.csv,topology_ad_carcinoma_13_clean_mieloides.csv,topology_ad_carcinoma_9_clean_mieloides.csv,topology_ad_carcinoma_4_clean_mieloides.csv,topology_carcinoma_10_clean_mieloides.csv,topology_ad_carcinoma_7_clean_mieloides.csv,topology_ad_carcinoma_5_clean_mieloides.csv,topology_carcinoma_16_clean_mieloides.csv,topology_dysplasia_19_clean_mieloides.csv,topology_dysplasia_10_clean_mieloides.csv,topology_dysplasia_1_clean_mieloides.csv,topology_ad_dysplasia_1_clean_mieloides.csv,topology_carcinoma_7_clean_mieloides.csv,topology_ad_carcinoma_3_clean_mieloides.csv,topology_ad_dysplasia_4_clean_mieloides.csv,topology_carcinoma_4_clean_mieloides.csv,topology_ad_carcinoma_1_clean_mieloides.csv,topology_ad_dysplasia_7_clean_mieloides.csv,topology_ad_carcinoma_10_clean_mieloides.csv,topology_ad_carcinoma_8_clean_mieloides.csv,topology_dysplasia_6_clean_mieloides.csv,topology_ad_dysplasia_6_clean_mieloides.csv,topology_ad_carcinoma_14_clean_mieloides.csv,topology_ad_carcinoma_12_clean_mieloides.csv,topology_ad_carcinoma_6_clean_mieloides.csv,topology_ad_dysplasia_10_clean_mieloides.csv,topology_ad_dysplasia_2_clean_mieloides.csv,topology_carcinoma_5_clean_mieloides.csv,topology_carcinoma_3_clean_mieloides.csv,topology_carcinoma_18_clean_mieloides.csv,topology_carcinoma_14_clean_mieloides.csv,topology_dysplasia_12_clean_mieloides.csv,topology_dysplasia_9_clean_mieloides.csv,topology_carcinoma_12_clean_mieloides.csv,topology_carcinoma_1_clean_mieloides.csv,topology_ad_carcinoma_2_clean_mieloides.csv
topology_carcinoma_20_clean_mieloides.csv,0.0,4862.469058278696,4313.04363607929,3668.547589695143,11944.446631285127,4588.703907263419,13177.564569831704,4770.16199209563,12026.818394371649,6958.506174596926,10020.39409910772,11415.767873355187,5547.940752965485,6692.451536622612,12951.934558191313,4038.7911897946915,11257.783707232711,11468.459467083145,14280.148848730163,1549.477545418494,8773.931930875127,13060.528537772621,11990.224173273711,13913.083792975083,11774.89834989984,4847.681162404335,12750.361445323188,8442.37162140057,7544.079736075407,11159.37114963808,7285.346102345751,8987.374093204293,2632.3409907191417,7334.493149014405,8502.0347223116,3081.6721849636683,13656.016789580948,10232.51462127908,1615.9676898594084,4160.9895824139085,5529.511042147828,6465.589531000285,10679.622475227367,8874.772394162232,9507.189870070008,7352.781420460123,5399.582020226345,6415.38312796968,10288.656347762224,10412.77091070623,9096.27938138651,12598.941790928557,11975.509528940489,5312.730153841469,8906.320749959003,15879.040022835308,7557.927067110014,5308.607574937037,7274.474705177341,9853.549308932974,9763.105480021224,7431.6517572430585,5221.143523477058,8678.143063230209
topology_carcinoma_17_clean_mieloides.csv,4862.469058278696,0.0,4529.959038991797,1788.105626513233,8356.1485784116,4664.439737931101,8711.131712451273,7110.255987622916,7906.43866192238,10748.485098371288,5562.963776251954,8519.931907930119,5108.208406451341,5688.644100538459,8704.364833406931,3938.110145811318,6969.55913101816,8141.511605577442,9743.395698297376,4791.8182238103855,6570.856747573821,8317.844727362964,8052.106279921702,10503.126000343094,7208.010895200782,2258.916324021701,10248.488792242646,4799.1824863289485,4216.198239378078,6527.972038890697,3534.347106060849,4923.262705264865,7078.972552352169,3096.9441218230645,4082.1724182532867,7735.035992620147,10008.502577305024,7045.919360203258,3846.3059383761592,1175.2149355550894,2315.1935511055644,2537.7045487080068,5930.3063329368815,12063.190443615638,5752.60579340133,3371.6254161051556,2169.1237074182845,3856.17224157322,7815.710596886301,5691.250276351124,5916.614816756895,9023.803984773967,7505.622265615585,1296.0341276720353,4181.481276673017,17935.71096198882,4936.181955472872,3938.769031026981,3383.7071355884755,6698.065882115363,8337.424272715603,6337.2497811717085,7464.9456260123425,4285.0054464040895
topology_carcinoma_6_clean_mieloides.csv,4313.04363607929,4529.959038991797,0.0,5136.595031010681,8709.637237672556,1914.849389092079,11134.833068906893,8404.864729122093,9681.444539515282,11213.164118774439,7934.858094938296,7626.316295931351,8488.850281414007,4171.427928757397,10620.379893953237,6584.364724249846,9046.632004450255,8005.703508309951,12249.457462156988,3140.355544625028,4856.768889545338,11166.13119235478,9381.75794229114,10229.612293018703,9711.73264474843,3402.132111457385,8778.276073808942,6629.12346522079,4965.935746086055,9490.025000202484,5385.163870859934,8709.349517635663,6120.713836027393,7303.232405874989,6959.037445960352,6620.370484796638,10296.679019516974,6618.724327367396,4102.901561212406,4743.093437324471,3661.274816111235,5308.365090212017,8721.725708065269,12735.181400443817,8647.634537341268,5742.644760348762,5501.15383475254,7245.976478825619,6370.696776910079,8493.65559788062,6470.377921180323,9475.059997711558,9896.453715978652,3912.812033259467,7109.354172888777,20105.47351413233,5266.513407058659,2601.6216207851967,7605.208805650606,7440.436543011847,5802.030918770644,10096.277305768086,9212.03026874406,6950.780343516235
topology_carcinoma_13_clean_mieloides.csv,3668.547589695143,1788.105626513233,5136.595031010681,0.0,9714.218149819724,5201.076667938359,10291.484880615555,5658.7004531213015,9421.55214458314,9287.172091551023,7133.381538657436,9672.65635697922,3899.6118390007377,5971.0524163401915,10229.966476232476,2523.7480350341557,8478.51500391943,9446.579455579244,11311.987576519334,3691.1264841821176,7585.349105076025,9799.030912155631,9495.248573931605,11827.213788426208,8764.061171613143,3199.103964969804,11330.73283252058,5992.222945651901,5398.722290948754,8006.493629447502,4827.035697880462,5728.302153298006,5598.253329821847,3892.6857308284116,5457.580821324245,6268.644414051603,11391.350587154295,8281.646389427531,2507.7907727066404,1149.0277381015296,3323.350896594991,3675.0048227058614,7473.734062046763,10671.923987436146,6537.156350365538,4695.075075187101,2618.7094787255032,3587.7281403716643,8858.854180607816,7215.558140121609,7124.704338026635,10373.83031761868,9076.667637815683,2337.339032753377,5710.790408402808,16764.59416895259,5952.828654914514,4847.7789400019055,3862.68093000933,7730.287595865146,9286.27474569612,5425.039913761206,6011.799084380512,5810.757702438074
topology_dysplasia_17_clean_mieloides.csv,11944.446631285127,8356.1485784116,8709.637237672556,9714.218149819724,0.0,9048.178993675612,2786.2071643186396,14772.355836739926,1496.3947689306576,18387.036497124638,3136.7542606042675,2876.9623677186396,13303.425193864545,9571.211380749137,2157.3189852577557,11585.703767834762,2189.9627921681104,1746.795175273124,3902.1158730027514,11395.878614361876,4853.818778621155,3629.103463758533,1106.5047437099738,2236.02580382623,3546.291123666892,7282.31229052062,5287.261563775329,4192.972424165391,4490.994719143305,3803.260448491737,5052.5969659450275,7027.11560962593,13880.361560118423,8150.1438461345715,4960.575253027655,14749.24652695742,1787.4242511646721,2748.1700121220592,10771.010308530032,9056.55528569577,6868.8843385405935,6646.489932119801,3704.3590661471794,19025.474546366404,6534.1003615547315,5669.494968015973,8506.039809377333,10440.613514543074,3207.918713788944,4073.7385695347216,3013.5805109780435,947.830845714713,1930.1602579638386,7596.554525779648,5016.697216827657,26082.87180437418,4605.702552156367,7005.18177606378,8285.925113317138,3492.644137352147,8410.3282970506,14416.807606804356,15504.841293502945,4397.509455154295
topology_carcinoma_19_clean_mieloides.csv,4588.703907263419,4664.439737931101,1914.849389092079,5201.076667938359,9048.178993675612,0.0,10962.055837024865,8525.15420687504,9662.644580460137,11351.965053730826,7837.885241385489,7915.841428039943,8441.850286054507,3674.6571089709455,10674.089633236563,6542.172456465996,9065.533010679344,8273.758894324952,12102.917340624606,3343.729284468181,5088.720293435098,10880.659885455983,9430.821952675096,10625.31579873983,9602.99741847512,3106.9934184746653,8794.385888833198,5919.912911402781,5014.154050320059,8878.854360770029,4913.12932840672,8089.572358032335,6403.126957746703,6831.1537630556495,6186.262250510713,6917.468296683901,10736.191725899662,6942.076764993038,4451.128276452838,4835.662830814042,3736.5044339117817,4477.348587647279,8518.146493825889,13010.80183875252,8213.203049506388,5175.75514375246,5186.7233366700175,7043.086731821949,6624.562259459535,8254.740866860655,6250.834511955565,9717.351724197264,9782.502153346815,3849.342880378516,6835.130882019558,20203.20203569547,5013.85969108895,2458.991982941396,7354.9307681152995,6838.522969796873,5533.479546590941,10035.152474238452,9337.709063739458,6499.510704492182
topology_dysplasia_16_clean_mieloides.csv,13177.564569831704,8711.131712451273,11134.833068906893,10291.484880615555,2786.2071643186396,10962.055837024865,0.0,15621.95185372564,1533.9437594431213,19302.416998069973,3341.575490310086,5534.462702181776,13708.816023762689,12240.132507548838,907.3312439529435,12358.34585449593,3060.5584580198724,4226.924978709628,1248.7083285434292,12980.908689694703,7475.1016517604985,1761.357839957275,1925.0395060715246,3659.822600346755,2377.839556937054,8989.156970940534,7973.1753313086165,5758.574349336347,6365.30039822363,2862.636346417491,6443.524940662389,6481.465907127389,15412.254759160603,8047.346057845374,5493.439611711145,16058.699396401098,2353.419340747458,5359.926409929539,12138.033348048224,9540.640279185407,8068.1964333952765,7466.202127431812,3063.78835224073,20394.708091999353,7200.653840312809,6711.711844378282,9511.960963900156,11450.279376643,5721.846300621809,3339.370549534463,4959.006457923205,2385.4625521902744,1409.0785643254362,8185.874286389626,4804.4537875501155,26407.212197120953,6141.928178779933,8812.13665557596,8024.000397320151,5807.099125476379,11112.240465028119,14739.171806231887,16032.910693981941,4740.670285573778
topology_carcinoma_9_clean_mieloides.csv,4770.16199209563,7110.255987622916,8404.864729122093,5658.7004531213015,14772.355836739926,8525.15420687504,15621.95185372564,0.0,14584.785678535087,3996.4077168500266,12462.31193938209,14575.685341788301,2539.038947353675,8804.358678657522,15455.634752479826,3518.4177513884474,13664.239343060624,14459.671259958042,16706.53343638921,5689.73581966508,12237.505115228085,15355.79748520346,14603.986749510143,16866.986770460895,14178.020705629042,7922.881187403801,16159.889119348118,10734.529243060646,10386.886011526478,13388.0784924537,9824.406809895376,9841.495128513698,3089.3881202671337,8425.813445032773,10614.945097309916,4434.024692932183,16458.610950908907,13271.453845836379,4413.175941714964,6427.7142794567835,8128.660377305645,8442.070608107746,12976.077153850036,5276.801077485862,10148.313699092245,9635.774930887683,6703.212184392874,6124.941534704909,13634.57844747937,12706.17592195584,12073.257279575875,15431.36620947084,14399.383788169655,7594.926104516069,11194.835198838255,11843.671201560628,10715.808248798105,8946.087732795819,8213.999700237555,12115.703835442939,13592.762324559533,3986.055503321928,1669.2347857230618,11024.878323318551
topology_dysplasia_15_clean_mieloides.csv,12026.818394371649,7906.43866192238,9681.444539515282,9421.55214458314,1496.3947689306576,9662.644580460137,1533.9437594431213,14584.785678535087,0.0,18283.621438840437,2489.7684554015436,4150.94375707673,12895.10992649966,10795.045469893399,1142.2480829222295,11335.556972482154,1932.838224751359,2832.82694650203,2629.1059667231016,11727.751746597356,6026.532305569358,2496.1218169832923,611.8852700475643,3173.4294622549487,2537.093902393267,7646.139325502705,6543.043986109372,4334.121280361268,4966.986797066224,2756.725306748896,5068.2716640305935,6051.606585203584,14158.871179713768,7441.237529326163,4564.721902997673,14897.751455812808,2332.936362699671,3928.6937918313897,10872.213611164958,8691.62816998289,6978.86477876464,6391.7000354499,2726.7901004430605,19121.56749806933,5972.973813551926,5444.695070583798,8391.308663836291,10347.981132619063,4328.048571023152,3103.151170174999,3552.7616950777283,1573.9023595287433,914.3034896248046,7289.32050417453,4263.2645253103565,25645.937180327168,4919.527020992081,7432.338815306128,7518.77565491184,4419.520323049948,9671.927230442889,13935.131850911366,15212.298463720497,3788.509185469545
topology_carcinoma_2_clean_mieloides.csv,6958.506174596926,10748.485098371288,11213.164118774439,9287.172091551023,18387.036497124638,11351.965053730826,19302.416998069973,3996.4077168500266,18283.621438840437,0.0,16146.630908798019,17985.17489665522,6164.8143134472575,11882.854306488684,19139.912781530533,7212.827019538512,17367.869886766355,17980.128149964068,20394.751750867683,8302.214436371029,15422.959387149445,19002.575065668563,18308.737699507878,20420.377472908425,17860.815581644758,11359.936200850922,19415.989740670622,14466.959944684197,13944.568091484676,17078.17619658095,13520.745116299098,13601.628555133653,5147.719386409402,12163.18705250747,14348.592223353346,4996.413116263861,20091.34986258522,16756.190492326437,7693.518694078187,10064.73314512193,11652.651997960029,12182.08225847419,16619.476300477145,3989.550614141425,13883.00899035583,13375.948199658953,10461.870410297894,9828.442186482062,16929.458409012754,16363.25786539416,15577.0454466436,19031.232612635067,18088.899211525764,11259.12572659016,14837.17315948275,9207.113833866042,14095.580025386693,11985.971237640439,11976.082065145596,15741.835626456617,16589.47056140575,7306.753900767268,3766.1937493805717,14732.15702580934
topology_ad_dysplasia_3_clean_mieloides.csv,10020.39409910772,5562.963776251954,7934.858094938296,7133.381538657436,3136.7542606042675,7837.885241385489,3341.575490310086,12462.31193938209,2489.7684554015436,16146.630908798019,0.0,3986.5652073702163,10551.350675928119,9070.168190316255,3216.705171601817,9167.055549963392,1750.2650349225812,3102.430482675664,4401.493309837793,9842.010862935029,4609.560097046488,3401.548001404182,2682.7226370949825,5325.836694683457,2166.971465418868,5779.73728717365,5971.519229413324,2649.101338510188,3160.084441984786,2242.160630472715,3232.390667846181,4406.398509649938,12213.807894983447,5063.6246459860085,2246.5612964059947,12908.912095966798,4678.076710385297,2677.3572665899637,8938.32065039626,6358.9815179566485,4838.487796620093,4331.730766665415,1403.8572480646767,17132.744454917975,4715.769011350963,3525.337256683361,6383.453815250808,8301.486216026795,4085.1590463413336,1679.5015674583667,2252.2915642648577,3753.870609156122,2075.15407112034,5039.499695299253,1952.5730941691957,23250.146280860205,3302.1301256219813,5690.978012501907,5222.850877140522,3419.9634750227015,7986.410397746975,11558.505531771463,12863.630377791813,1603.4317293656638
topology_dysplasia_7_clean_mieloides.csv,11415.767873355187,8519.931907930119,7626.316295931351,9672.65635697922,2876.9623677186396,7915.841428039943,5534.462702181776,14575.685341788301,4150.94375707673,17985.17489665522,3986.5652073702163,0.0,13373.60108632931,8178.045072696572,4888.078172173801,11515.085352409731,3432.7096360685878,1772.4470511024383,6664.165462214216,10587.916732985861,3118.8210527475967,5931.1509528362985,3740.586841512694,3004.868435458485,5200.626056636696,6697.367683243596,2742.750976089384,4617.794360920735,4400.111388899633,5348.009407589383,5401.0731956761765,8157.669559796827,13283.460180993065,8815.896133389231,5535.749990141431,14070.510688690636,3731.6121339717606,1683.8316447441578,10389.109719636826,9174.668876622558,6629.6219164785625,6768.886988476125,4923.342553660661,18826.434286546093,7554.3669375829195,6169.607130895627,8562.312452547169,10597.73549067047,1915.3148454343623,5240.550708473568,2727.1359639308052,3362.8485816938273,4318.633889781272,7498.9052393771435,5808.473679974069,26124.465074078176,4166.860411394933,6287.5679899122215,9045.733271865072,3448.4925269055097,5771.896695963608,14625.60019335916,15306.518040275178,5147.309935919234
topology_carcinoma_8_clean_mieloides.csv,5547.940752965485,5108.208406451341,8488.850281414007,3899.6118390007377,13303.425193864545,8441.850286054507,13708.816023762689,2539.038947353675,12895.10992649966,6164.8143134472575,10551.350675928119,13373.60108632931,0.0,7947.19570946267,13700.715358188378,2021.5961626335904,11957.493048177748,13067.486928916649,14721.63500264026,6184.900635583494,11330.593675437118,13265.456336497653,13020.571779758871,15440.824070087765,12164.099771804922,6838.891079009572,15082.356369255447,9190.964665304844,9089.293426790045,11299.9733556637,8308.70092627349,7724.076577787848,4257.17589991072,6230.977073199329,8653.39204193393,5907.051958153117,14963.507237996788,11946.05097689902,4639.399003123146,4416.674243597397,7053.4754120717025,6812.894998235583,10923.636399109393,7125.12030520452,8150.4090364416825,7982.147050789554,5129.402328447476,4399.309088306351,12618.856278798215,10625.240428299425,10770.545252219488,13968.981499042837,12497.048058485281,5927.654103506835,9118.248712605016,13008.420969364524,9713.212591606605,8458.303086238891,6107.65678571782,10627.043712424065,12951.801478845,2054.457708013702,3196.3285174272883,9188.338773900537
topology_dysplasia_2_clean_mieloides.csv,6692.451536622612,5688.644100538459,4171.427928757397,5971.0524163401915,9571.211380749137,3674.6571089709455,12240.132507548838,8804.358678657522,10795.045469893399,11882.854306488684,9070.168190316255,8178.045072696572,7947.19570946267,0.0,11596.135237106437,6420.854286217021,9954.646799812,8739.18136068719,13380.237617534662,5488.919666805931,5486.613006441492,12221.071640710972,10409.463619920432,10862.919500490754,10795.466586294755,3911.4273379548345,9098.14880001248,6614.588239020032,6085.844896660609,10164.978613151943,6032.046485826184,6521.319421729204,7535.646855676564,5740.264332893224,7117.636048352011,8651.408925441086,11112.383296123775,7362.894304941974,5846.529443016281,6106.663401633645,5159.1754388720055,5161.696278293512,9852.74585734574,12353.798065669365,5606.998417523891,6052.349987285498,4229.493763183094,4972.441229330761,7008.829887974797,9589.745055329007,7378.526999236171,10242.059448432503,10986.407312495852,5284.7753800821965,8127.585233383019,19589.506968298996,6315.42232970499,4069.2688283736297,6393.464886466214,6543.585011626415,6087.802989503569,8719.614485553815,9606.352434542343,7764.271517107727
topology_dysplasia_18_clean_mieloides.csv,12951.934558191313,8704.364833406931,10620.379893953237,10229.966476232476,2157.3189852577557,10674.089633236563,907.3312439529435,15455.634752479826,1142.2480829222295,19139.912781530533,3216.705171601817,4888.078172173801,13700.715358188378,11596.135237106437,0.0,12171.889581364412,2499.519089714545,3563.5979282756716,1890.8340775312497,12695.753279143531,6827.147064713958,2190.8154288368464,1445.3242794598077,3121.227283350303,2658.4134258618537,8460.987658929596,7303.75455656387,5210.426209623895,5802.53669670388,3168.9385705229674,5958.6328576673395,6606.839988477979,15120.157446187295,8180.34429455876,5263.26458665153,15820.022988773166,1924.9322705054694,4742.226635137723,11834.008477329902,9502.792887069765,7687.53685508837,7231.543643820629,3287.9399147632876,19995.383244057586,6661.009092668009,6092.055598914496,9283.114770840395,11242.19498841646,5123.5702008119215,3615.8372917206557,4494.416945460565,1853.407967686665,1294.6477418994384,8098.085913141417,4938.988003386201,26444.663017979943,5864.336261135025,8435.848131326304,8119.929568934956,5331.42533857363,10437.018738268218,14732.881617499039,16019.960319810518,4562.938894601127
topology_carcinoma_11_clean_mieloides.csv,4038.7911897946915,3938.110145811318,6584.364724249846,2523.7480350341557,11585.703767834762,6542.172456465996,12358.34585449593,3518.4177513884474,11335.556972482154,7212.827019538512,9167.055549963392,11515.085352409731,2021.5961626335904,6420.854286217021,12171.889581364412,0.0,10397.379182406019,11302.495437858754,13403.497404960664,4469.209177489467,9409.658015308412,12133.174278414283,11383.78328339685,13690.338079776326,10872.107412810139,4954.353814346502,13195.838206480728,7494.9447957794255,7258.966885828029,10106.001689215142,6599.763919190947,6604.045711720521,3705.646501214377,5229.891335648088,7259.10246873437,5046.709290734522,13269.768904742923,10135.372587485508,2827.06372298703,3192.2344072871774,5190.993413555816,5232.059608662401,9754.08703937918,8326.34793238696,7144.859449469069,6345.145390459111,3573.9529216540473,3571.929995840316,10717.945506351914,9498.576952704825,8945.89132142884,12243.820759573786,11104.322322863825,4444.70844273877,7986.8958932832375,14673.583193741702,7811.738225202144,6527.6161685216875,4887.859886639361,8948.046353368158,11020.195432099805,3628.5157908880446,4034.4573613124007,7722.524643763445
topology_ad_carcinoma_15_clean_mieloides.csv,11257.783707232711,6969.55913101816,9046.632004450255,8478.51500391943,2189.9627921681104,9065.533010679344,3060.5584580198724,13664.239343060624,1932.838224751359,17367.869886766355,1750.2650349225812,3432.7096360685878,11957.493048177748,9954.646799812,2499.519089714545,10397.379182406019,0.0,2307.840112262177,4086.950218382361,11072.461367180696,5353.501748491024,3193.4221197714323,1920.2956005362666,3878.8265043839765,2535.326969231242,6846.317812887528,5407.600804362142,3664.4345215414783,4233.389076470701,2604.283440161556,4366.879613614053,5684.549690583184,13442.020049524335,6583.225127788475,3536.3099686773444,14140.254687335688,3595.653983185011,3239.47364267975,10146.30566321201,7752.433949846883,5862.3952974668755,5580.0751489726745,2226.2004625031086,18328.1536275082,5629.544443710146,4555.39101338217,7625.412205000651,9491.261832348724,4121.991554254522,2596.189761805591,2983.2030042524284,2615.0155920010247,1796.10529378037,6360.439350926849,3448.6827347614903,24728.53894119695,4274.028244714887,6860.339583525216,6747.356768701073,3855.3748252016812,8407.930948521493,13005.75428105676,14267.454309218621,2917.065879216411
topology_dysplasia_8_clean_mieloides.csv,11468.459467083145,8141.511605577442,8005.703508309951,9446.579455579244,1746.795175273124,8273.758894324952,4226.924978709628,14459.671259958042,2832.82694650203,17980.128149964068,3102.430482675664,1772.4470511024383,13067.486928916649,8739.18136068719,3563.5979282756716,11302.495437858754,2307.840112262177,0.0,5324.846457490183,10749.182832958197,3951.777364673246,4466.239762471089,2453.865894156381,2568.3545663607574,3897.4816564401663,6712.135242706056,4041.5147738036035,3987.640546518835,4125.9142145197575,4071.560564558582,4830.597323866252,7067.418051718765,13333.240498200776,8054.276771053148,4819.586263734026,14203.098217927365,2622.9198632857456,1708.9094256072608,10341.50123877161,8818.708469628462,6577.804825837404,6424.75261796164,3784.8152386616794,18691.257947809587,6477.571809943458,5456.9834675452685,8227.708096366368,10163.738621778786,2693.545410299061,4124.988089025954,2482.7164937966736,2086.836785304695,3052.290209152253,7301.2771600972455,4936.6052527799475,25844.27958195949,4275.777080969241,6414.931416146981,8193.030889214131,2975.6920602758546,7038.908370002676,14226.451316420107,15181.924595892135,4296.033165566821
topology_ad_dysplasia_8_clean_mieloides.csv,14280.148848730163,9743.395698297376,12249.457462156988,11311.987576519334,3902.1158730027514,12102.917340624606,1248.7083285434292,16706.53343638921,2629.1059667231016,20394.751750867683,4401.493309837793,6664.165462214216,14721.63500264026,13380.237617534662,1890.8340775312497,13403.497404960664,4086.950218382361,5324.846457490183,0.0,14110.990221791633,8592.56349981716,1745.3162554036683,3027.407106904335,4596.085622173839,2734.7390832684387,10091.006478589226,9105.395065060036,6869.348008694484,7461.933243790877,3524.934835735145,7543.8897782877675,7432.201396509489,16499.201730757857,8850.108581188495,6484.63994275186,17178.310795118123,3108.3604950439912,6493.274464277977,13214.866967846023,10479.173123630184,9110.799546388485,8583.365575736814,3870.4080005415913,21466.090617426395,8323.762352335207,7812.776125771029,10628.911107463975,12549.98321126772,6854.542863592318,4138.816090643284,6065.227548263733,3488.620478532099,2455.656938159753,9225.778962860228,5666.782990306754,27403.296615129213,7226.039783922888,9933.23024606956,8777.769165152284,6952.555793410153,12247.411888789302,15685.153817732056,16952.43473113582,5783.530885750991
topology_carcinoma_15_clean_mieloides.csv,1549.477545418494,4791.8182238103855,3140.355544625028,3691.1264841821176,11395.878614361876,3343.729284468181,12980.908689694703,5689.73581966508,11727.751746597356,8302.214436371029,9842.010862935029,10587.916732985861,6184.900635583494,5488.919666805931,12695.753279143531,4469.209177489467,11072.461367180696,10749.182832958197,14110.990221791633,0.0,7889.892888924028,12913.092303410853,11581.788869524415,13202.841816145334,11603.48879039985,4404.293881553198,11799.006787965482,7975.13438676208,7133.529708755925,10941.78721853977,6894.672472516643,8693.873499614316,3287.812414528714,7083.448205885608,8222.205384462242,3705.163542308635,13125.0999512677,9501.238673876074,1854.4900858957885,4164.8555467280485,5356.588073321236,6171.93157243175,10531.676780986736,10010.360115105354,9101.094493764484,6990.053820792547,5129.595259525092,6449.891013774632,9403.362230917934,10270.25455140852,8467.565671939728,12076.304474935847,11792.310375570605,5202.160329240321,8757.888306394403,17226.965578189338,7002.226163493857,4474.666196186655,7120.87596899694,9119.604948908047,8635.856970098252,7982.723999307356,6434.120495520276,8503.782470806309
topology_dysplasia_3_clean_mieloides.csv,8773.931930875127,6570.856747573821,4856.768889545338,7585.349105076025,4853.818778621155,5088.720293435098,7475.1016517604985,12237.505115228085,6026.532305569358,15422.959387149445,4609.560097046488,3118.8210527475967,11330.593675437118,5486.613006441492,6827.147064713958,9409.658015308412,5353.501748491024,3951.777364673246,8592.56349981716,7889.892888924028,0.0,7900.94605903171,5644.207865815069,5626.555855814595,6530.809435381936,4560.618224457577,4129.82262860646,4466.148442128595,2820.5942355892244,6624.272708492218,3959.8019216865923,7931.461137359392,10648.956988745398,7595.097790567377,4909.073194053414,11372.742411828069,5986.333974708786,2798.616728264542,7910.668392656511,7171.021443820371,4393.984413734017,5077.357667677679,5487.66288982204,16514.326350540498,7508.591021798091,5061.669735526804,6744.012759698193,8795.90981731116,1981.9738373736109,5809.345846305165,3399.151280188722,5474.994805629207,6350.540207257011,5453.895964796096,5311.633244552581,23897.89024933594,1884.7836075578005,3534.2347702182396,8099.960105454514,4799.375311861123,3928.8854781226546,12728.6974878112,12928.364565389471,4893.402752523383
topology_ad_dysplasia_9_clean_mieloides.csv,13060.528537772621,8317.844727362964,11166.13119235478,9799.030912155631,3629.103463758533,10880.659885455983,1761.357839957275,15355.79748520346,2496.1218169832923,19002.575065668563,3401.548001404182,5931.1509528362985,13265.456336497653,12221.071640710972,2190.8154288368464,12133.174278414283,3193.4221197714323,4466.239762471089,1745.3162554036683,12913.092303410853,7900.94605903171,0.0,2987.8390661331514,5233.982066588882,1573.26609025596,8920.93595162558,8346.785490817569,5719.813845933981,6342.99110851042,2110.531340993109,6374.23140445957,6248.38633815689,15318.03414992749,7324.317925102814,5229.991053107356,15965.472099988909,4030.953052456687,5389.780642043691,12047.919001640636,9067.852044889496,7982.493659815973,7293.78099534019,2610.069181064331,20277.655240753753,7160.7621113194855,6637.9109121041165,9392.586971113142,11214.32996139663,6558.905123900585,2736.6108472045853,4950.742673626442,3800.5946588416114,1877.4221005425475,7846.0427261767945,4203.308368316735,26082.110031579406,6508.001847239899,8914.417923305708,7464.535141224707,5795.657245278535,11109.790249232143,14326.052082370832,15527.341538571629,4539.100483772245
topology_dysplasia_14_clean_mieloides.csv,11990.224173273711,8052.106279921702,9381.75794229114,9495.248573931605,1106.5047437099738,9430.821952675096,1925.0395060715246,14603.986749510143,611.8852700475643,18308.737699507878,2682.7226370949825,3740.586841512694,13020.571779758871,10409.463619920432,1445.3242794598077,11383.78328339685,1920.2956005362666,2453.865894156381,3027.407106904335,11581.788869524415,5644.207865815069,2987.8390661331514,0.0,2762.943176133606,2946.551724238579,7480.469531080543,6131.645283228202,4051.581763726103,4650.150655444721,3193.7093684170277,4909.860657338005,6450.773469966465,14039.48313915733,7697.179337097016,4637.405593860534,14840.66963006813,2025.4358418463307,3547.3700619316987,10810.24497147275,8783.400208538804,6921.956124125091,6431.558476545015,3124.864673244772,18982.837808353517,6025.021936585947,5327.791809512059,8371.593300064278,10345.533139063877,3944.869898788782,3501.418451041906,3276.517279030908,1238.015832587808,1332.001325450269,7356.479707835079,4550.6391006005815,25782.33670922218,4774.205856427743,7219.319326315432,7791.496631466847,4066.5815922724805,9278.27508262433,14082.83652718267,15292.494848761673,3963.4555753984455
topology_ad_carcinoma_11_clean_mieloides.csv,13913.083792975083,10503.126000343094,10229.612293018703,11827.213788426208,2236.02580382623,10625.31579873983,3659.822600346755,16866.986770460895,3173.4294622549487,20420.377472908425,5325.836694683457,3004.868435458485,15440.824070087765,10862.919500490754,3121.227283350303,13690.338079776326,3878.8265043839765,2568.3545663607574,4596.085622173839,13202.841816145334,5626.555855814595,5233.982066588882,2762.943176133606,0.0,5558.89195888144,9163.367706760197,4833.064747408686,6326.421417085768,6520.0257228683195,5876.202042042323,7178.975426666611,9166.52698342979,15775.70866065068,10344.568407149536,7123.2028949405985,16652.246203001985,1770.5184137870167,3744.8044136895905,12776.97814409416,11186.086115390948,8871.810364948904,8780.451850759884,5838.683560522699,21102.249698425803,8631.146086424784,7767.534925227344,10612.379956418623,12544.56373049807,4076.054731998759,6217.030274660584,4881.894995650845,1772.0802441016538,3907.236219670368,9691.526081557442,7211.050480686736,28226.63166960113,6478.087666855037,8815.242800708827,10474.889775284986,5378.088659567724,8062.878362003565,16582.57219440006,17591.544202530473,6584.524224151327
topology_ad_dysplasia_5_clean_mieloides.csv,11774.89834989984,7208.010895200782,9711.73264474843,8764.061171613143,3546.291123666892,9602.99741847512,2377.839556937054,14178.020705629042,2537.093902393267,17860.815581644758,2166.971465418868,5200.626056636696,12164.099771804922,10795.466586294755,2658.4134258618537,10872.107412810139,2535.326969231242,3897.4816564401663,2734.7390832684387,11603.48879039985,6530.809435381936,1573.26609025596,2946.551724238579,5558.89195888144,0.0,7499.594640059998,7464.804467553891,4306.668948944256,4888.930433282297,1114.2738012620173,4983.3709656501005,4935.84180725583,13983.042693110936,6287.119772590333,3889.9742693310936,14666.02192655104,4514.490940705065,4155.86610634593,10673.593533307305,7922.363206673656,6630.645654741792,6079.8522976808845,1524.1857687040986,18858.83175417643,5742.178868389106,5212.209623362446,8130.513564176727,10029.618481978005,5876.441435743972,1652.7157862641234,3719.3863225764712,3913.138398789295,1712.0106336137949,6694.01534262457,3131.713683527715,24852.888443756172,5225.927801064452,7518.018958013096,6171.141287457207,4739.445926262416,9722.429317204298,13122.601352699605,14378.323765895853,3247.0021693026
topology_dysplasia_5_clean_mieloides.csv,4847.681162404335,2258.916324021701,3402.132111457385,3199.103964969804,7282.31229052062,3106.9934184746653,8989.156970940534,7922.881187403801,7646.139325502705,11359.936200850922,5779.73728717365,6697.367683243596,6838.891079009572,3911.4273379548345,8460.987658929596,4954.353814346502,6846.317812887528,6712.135242706056,10091.006478589226,4404.293881553198,4560.618224457577,8920.93595162558,7480.469531080543,9163.367706760197,7499.594640059998,0.0,8299.874270520018,3980.434061979756,3013.5496290493065,6988.907861460128,2835.770644339827,5532.383543328723,6821.182120347395,4246.438738913324,4245.054031981897,7551.20212703158,9011.123157986598,5480.793910604322,3812.589045375355,2796.7114998438797,1673.015490605847,2456.6697482383606,6554.57859574451,12200.643497821991,5610.12850464475,2939.0359751395777,2735.5503202012346,4663.465569813343,5828.957578657613,6277.83682559953,4481.127039498047,7960.717133741874,7704.086683893842,1667.3245507900538,4803.101147971331,19502.155386255123,3319.3024884864453,2064.3670478055124,4742.941348365311,5287.6942507169615,6236.296335878959,8292.880686969902,8658.398703501523,4503.596010576924
topology_dysplasia_4_clean_mieloides.csv,12750.361445323188,10248.488792242646,8778.276073808942,11330.73283252058,5287.261563775329,8794.385888833198,7973.1753313086165,16159.889119348118,6543.043986109372,19415.989740670622,5971.519229413324,2742.750976089384,15082.356369255447,9098.14880001248,7303.75455656387,13195.838206480728,5407.600804362142,4041.5147738036035,9105.395065060036,11799.006787965482,4129.82262860646,8346.785490817569,6131.645283228202,4833.064747408686,7464.804467553891,8299.874270520018,0.0,6597.21959939478,6121.613953393738,7643.57935109085,7211.926233271604,10289.899417735925,14635.278033729155,10744.685516301026,7463.933707221661,15325.537656544746,6070.3696554503595,3684.1901641865397,11863.410975434374,10882.262630746332,8159.291894674632,8517.892787588864,7065.790237422038,20437.699111302638,9688.859231524302,8088.243067620637,10318.750835038883,12375.30855859581,3239.4284593270368,7400.16318444595,4631.138349801472,5722.72160527416,6779.158638293878,9202.576171890076,7798.42078906375,27777.49938638526,5598.760260031598,7507.607643672281,11050.491038935634,5561.203392111222,4105.295215251699,16374.211887681318,16862.39627947962,7201.190773250745
topology_dysplasia_13_clean_mieloides.csv,8442.37162140057,4799.1824863289485,6629.12346522079,5992.222945651901,4192.972424165391,5919.912911402781,5758.574349336347,10734.529243060646,4334.121280361268,14466.959944684197,2649.101338510188,4617.794360920735,9190.964665304844,6614.588239020032,5210.426209623895,7494.9447957794255,3664.4345215414783,3987.640546518835,6869.348008694484,7975.13438676208,4466.148442128595,5719.813845933981,4051.581763726103,6326.421417085768,4306.668948944256,3980.434061979756,6597.21959939478,0.0,2243.4323842957333,3709.3877552391405,1706.0889664612375,3838.403482877578,10333.87101171273,4250.421782230317,1364.9900799585453,11199.835965630846,5825.396086377711,3075.8986826148966,7226.79381685102,5395.943204064243,4445.796749183942,2635.270553373699,3393.5636724556884,15048.767622449774,3402.9731225554256,2116.77294599684,4419.027906673849,6384.601780613059,4613.147463061327,3189.689222823897,2226.0196384849305,4838.294215233732,4487.426276690368,4223.883709959094,2376.8826936751775,21938.939849892522,3501.340577795686,4779.621696348763,4516.729811577997,2176.6961959170785,6629.2371353885155,10283.962832456727,11434.940947833013,1705.3162623531916
topology_dysplasia_11_clean_mieloides.csv,7544.079736075407,4216.198239378078,4965.935746086055,5398.722290948754,4490.994719143305,5014.154050320059,6365.30039822363,10386.886011526478,4966.986797066224,13944.568091484676,3160.084441984786,4400.111388899633,9089.293426790045,6085.844896660609,5802.53669670388,7258.966885828029,4233.389076470701,4125.9142145197575,7461.933243790877,7133.529708755925,2820.5942355892244,6342.99110851042,4650.150655444721,6520.0257228683195,4888.930433282297,3013.5496290493065,6121.613953393738,2243.4323842957333,0.0,4727.278343404195,1370.4630308622568,5292.673813599481,9559.793332467496,4877.12417949457,2468.439867819615,10359.84198060422,6166.795444959909,2979.5285489097,6370.416455747023,4881.687280474306,2721.7645939045024,2535.5261504938335,3974.703651253068,14622.004631448806,5036.848348358395,2427.851560691256,4290.200953378217,6291.422078947922,3789.214065408578,3719.462626506546,2100.0044144260883,5115.766389119416,5099.956332455525,3297.3962520122577,2738.281357879581,21838.947328378155,1826.0500868079523,2944.9325977042545,5334.45793754658,3449.4429507484033,5344.38098907911,10322.727160062854,11114.419387956395,2399.032025658237
topology_ad_carcinoma_13_clean_mieloides.csv,11159.37114963808,6527.972038890697,9490.025000202484,8006.493629447502,3803.260448491737,8878.854360770029,2862.636346417491,13388.0784924537,2756.725306748896,17078.17619658095,2242.160630472715,5348.009407589383,11299.9733556637,10164.978613151943,3168.9385705229674,10106.001689215142,2604.283440161556,4071.560564558582,3524.934835735145,10941.78721853977,6624.272708492218,2110.531340993109,3193.7093684170277,5876.202042042323,1114.2738012620173,6988.907861460128,7643.57935109085,3709.3877552391405,4727.278343404195,0.0,4377.6035051838335,4223.088019728778,13370.207655440974,5383.121003971774,3190.0988744387078,14057.243224482465,4976.165083396591,4284.764626744808,10134.373551037665,7138.574906103059,6434.804637339107,5287.969279148153,1332.4705779272251,18256.62808952156,5138.941219207491,4595.489078083133,7360.2943301933565,9188.177796223932,6058.171520462338,1206.6582714808903,3482.7590762841005,4213.2975427207975,2029.8068752391148,5976.406707696363,2497.757038520209,24059.800242770354,5216.473782064015,7318.983208632023,5458.979966563834,4077.5911864884774,9332.873719375804,12281.224613721477,13507.407132683808,2628.467853894108
topology_ad_carcinoma_9_clean_mieloides.csv,7285.346102345751,3534.347106060849,5385.163870859934,4827.035697880462,5052.5969659450275,4913.12932840672,6443.524940662389,9824.406809895376,5068.2716640305935,13520.745116299098,3232.390667846181,5401.0731956761765,8308.70092627349,6032.046485826184,5958.6328576673395,6599.763919190947,4366.879613614053,4830.597323866252,7543.8897782877675,6894.672472516643,3959.8019216865923,6374.23140445957,4909.860657338005,7178.975426666611,4983.3709656501005,2835.770644339827,7211.926233271604,1706.0889664612375,1370.4630308622568,4377.6035051838335,0.0,4208.348489613914,9324.607522140128,3736.7467603452837,1779.0522136970942,10128.970932472905,6714.563282351509,3856.6898185242085,6115.391012650816,4126.696802287908,2913.5935230138334,1776.9983348255848,4013.7589001579095,14226.073471258425,4165.806376969152,1438.2100980362386,3625.984903828393,5550.371885057549,4901.200605571417,3774.7658009014945,2809.8565818362035,5701.326019389599,5157.624647712121,2765.308463581745,2369.171293103687,21069.451902204353,2747.3493470532962,3404.519582980172,4238.347106655978,3525.5354887069193,6055.909178190969,9438.7762061292,10520.215801061144,2020.2102050681574
