,topology_carcinoma_20_clean_mieloides.csv,topology_carcinoma_17_clean_mieloides.csv,topology_carcinoma_6_clean_mieloides.csv,topology_carcinoma_13_clean_mieloides.csv,topology_dysplasia_17_clean_mieloides.csv,topology_carcinoma_19_clean_mieloides.csv,topology_dysplasia_16_clean_mieloides.csv,topology_carcinoma_9_clean_mieloides.csv,topology_dysplasia_15_clean_mieloides.csv,topology_carcinoma_2_clean_mieloides.csv,topology_ad_dysplasia_3_clean_mieloides.csv,topology_dysplasia_7_clean_mieloides.csv,topology_carcinoma_8_clean_mieloides.csv,topology_dysplasia_2_clean_mieloides.csv,topology_dysplasia_18_clean_mieloides.csv,topology_carcinoma_11_clean_mieloides.csv,topology_ad_carcinoma_15_clean_mieloides.csv,topology_dysplasia_8_clean_mieloides.csv,topology_ad_dysplasia_8_clean_mieloides.csv,topology_carcinoma_15_clean_mieloides.csv,topology_dysplasia_3_clean_mieloides.csv,topology_ad_dysplasia_9_clean_mieloides.csv,topology_dysplasia_14_clean_mieloides.csv,topology_ad_carcinoma_11_clean_mieloides.csv,topology_ad_dysplasia_5_clean_mieloides.csv,topology_dysplasia_5_clean_mieloides.csv,topology_dysplasia_4_clean_mieloides.csv,topology_dysplasia_13_clean_mieloides.csv,topology_dysplasia_11_clean_mieloides.csv,topology_ad_carcinoma_13_clean_mieloides.csv,topology_ad_carcinoma_9_clean_mieloides.csv,topology_ad_carcinoma_4_clean_mieloides.csv,topology_carcinoma_10_clean_mieloides.csv,topology_ad_carcinoma_7_clean_mieloides.csv,topology_ad_carcinoma_5_clean_mieloides.csv,topology_carcinoma_16_clean_mieloides.csv,topology_dysplasia_19_clean_mieloides.csv,topology_dysplasia_10_clean_mieloides.csv,topology_dysplasia_1_clean_mieloides.csv,topology_ad_dysplasia_1_clean_mieloides.csv,topology_carcinoma_7_clean_mieloides.csv,topology_ad_carcinoma_3_clean_mieloides.csv,topology_ad_dysplasia_4_clean_mieloides.csv,topology_carcinoma_4_clean_mieloides.csv,topology_ad_carcinoma_1_clean_mieloides.csv,topology_ad_dysplasia_7_clean_mieloides.csv,topology_ad_carcinoma_10_clean_mieloides.csv,topology_ad_carcinoma_8_clean_mieloides.csv,topology_dysplasia_6_clean_mieloides.csv,topology_ad_dysplasia_6_clean_mieloides.csv,topology_ad_carcinoma_14_clean_mieloides.csv,topology_ad_carcinoma_12_clean_mieloides.csv,topology_ad_carcinoma_6_clean_mieloides.csv,topology_ad_dysplasia_10_clean_mieloides.csv,topology_ad_dysplasia_2_clean_mieloides.csv,topology_carcinoma_5_clean_mieloides.csv,topology_carcinoma_3_clean_mieloides.csv,topology_carcinoma_18_clean_mieloides.csv,topology_carcinoma_14_clean_mieloides.csv,topology_dysplasia_12_clean_mieloides.csv,topology_dysplasia_9_clean_mieloides.csv,topology_carcinoma_12_clean_mieloides.csv,topology_carcinoma_1_clean_mieloides.csv,topology_ad_carcinoma_2_clean_mieloides.csv
topology_carcinoma_20_clean_mieloides.csv,1.2723985456247807e-308,35.93040771618226,50.79332975268815,45.27012298819335,126.9545607918675,24.141190538147498,56.591073016855375,25.152542205622865,50.33660581810824,28.26029001838108,64.16150640661763,141.3628960233957,43.45409217830016,157.00812030981757,114.72475021494472,27.597379163473107,244.62882680606162,105.77665921113686,69.19766992268401,18.087476924466586,103.95268188536852,65.39117879662459,62.07975718833927,221.98000079078417,61.25923621075498,71.81016739630658,211.3402837801139,73.14230651201765,70.38021664162702,50.93703995942802,85.54562334868018,42.02333117181928,33.49709893051488,44.072030101349554,88.63500726648203,13.985756495966207,120.32030501585689,80.1208227868241,27.37754681000513,44.99378685816444,156.7593520876872,31.43842167600446,47.5203086200885,49.44323044779273,76.09188674079148,77.79309063562755,21.885105329011108,23.031498151164122,84.09795239679818,46.5837896360174,55.416035900226376,122.86584858686803,61.55779316471512,28.708271386245457,40.971430952885555,27.48985946677368,34.320433031791865,33.653632257696756,54.25445737480143,67.8512193189548,230.19233154704824,34.90113126402292,48.969168352402086,44.510947939370396
topology_carcinoma_17_clean_mieloides.csv,35.93040771618226,1.272926480266968e-308,80.61625639619072,15.44719634469078,152.93170930312488,44.64833901504262,48.322066376253474,22.778874418225797,65.6999260927065,28.760458028987212,93.9844330501202,160.13587691888898,20.85491032121601,167.95848906209994,144.5476768584473,54.13415909980358,244.62882680606162,135.59958585463943,59.74283463607432,43.848689372815016,133.7756085288711,50.17590013996703,91.90268383184184,221.98000079078417,91.08216285425755,101.63309403980915,211.3402837801139,102.96523315552022,100.20314328512958,46.20955041419697,115.36854999218275,60.658696514201154,63.32002557401745,22.23624074377841,118.4579339099846,39.52651187538535,149.61458141511957,109.4452948096064,57.2004734535077,54.88976387904995,167.83410495103476,24.01054851748563,33.95258083550699,79.2661570912953,105.91481338429406,107.61601727913012,31.546104846295577,20.053540942451022,113.92087904030075,33.980877944405364,85.23896254372895,150.88735320062517,91.38071980821769,25.746251348457434,25.445067220190793,35.874002428302646,50.11146563582375,63.476558901199326,84.077384018304,97.67414596245737,230.19233154704824,52.81203276371835,44.39474386685077,74.33387458287297
topology_carcinoma_6_clean_mieloides.csv,50.79332975268815,80.61625639619072,9.83864479145452e-309,96.0634527408815,76.16123103917934,49.377006228461255,76.15220950272584,70.1130523780086,53.262310767295816,71.01892668349761,59.74053272283034,95.39095717126563,86.2127288434167,106.21479055712942,63.98206126077487,70.35601582858965,244.62882680606162,68.94266922334944,85.69750676459896,42.85790937676947,53.15935213268037,106.25698680544014,52.19367641684076,214.2578140144979,84.4332279339421,35.62102987390577,192.97837999315732,40.97025693175706,32.772982108173025,90.02214767766714,36.52523759985023,67.9978693803265,45.79409650617535,88.16798973641684,55.71921489055488,49.13646477407423,70.18281828810046,42.29529360097004,38.4914393392138,87.75242352328098,105.96602233499905,61.32920093046019,83.18941733849715,41.19126844364726,51.496549813524254,46.46794239354149,49.272454744978546,65.20999501909782,42.57186181655868,84.84869655193992,44.31633693150364,78.16883976627489,60.325062884604066,73.6687815586312,83.7300676180021,62.13849196473224,33.5894405441706,28.03197979437715,71.79152380766573,44.82997430041634,230.19233154704824,77.65976792913946,91.72780501751862,56.902022162049235
topology_carcinoma_13_clean_mieloides.csv,45.27012298819335,15.44719634469078,96.0634527408815,2.004402396016743e-308,152.93170930312488,46.68644651242025,55.53729200299372,38.22607076291658,81.14712243739729,28.44353396808074,109.43162939481098,160.13587691888898,36.302106665906784,167.95848906209991,146.8168040146635,69.58135544449436,244.62882680606162,142.3427585127596,75.1900309807651,59.2958857175058,141.4307698498754,52.59391434412511,107.34988017653262,221.98000079078417,106.52935919894833,117.08029038449993,211.3402837801139,118.412429500211,115.65033962982037,61.65674675888775,130.81574633687353,76.10589285889193,78.76722191870823,20.422849448708362,133.77193254043215,46.92698796680727,149.61458141511957,123.29160079068362,72.64766979819848,70.33696022374073,167.83410495103476,35.58264772777454,33.964260932916474,94.71335343598608,121.36200972898484,123.0632136238209,46.99330119098636,35.47048310772242,129.36807538499153,34.24897420239125,100.68615888841973,150.88735320062517,106.82791615290847,41.193447693148215,27.23965423664655,51.32119877299343,65.55866198051453,78.9237552458901,99.52458036299478,113.12134230714815,230.19233154704824,68.25922910840912,59.841940211541555,89.78107092756375
topology_dysplasia_17_clean_mieloides.csv,126.9545607918675,152.93170930312488,76.16123103917934,152.93170930312488,1.0105121187819836e-308,125.5382372676406,117.24886164370602,133.99861301714424,91.07756134266356,143.78114981198007,62.79305438524986,70.23412980499495,135.92257711415402,53.72476735811409,53.97462303227316,102.64332833556648,183.3942350058735,59.469104535421536,97.03465279929574,112.92879806255505,49.15011321286687,152.93170930312488,64.87480360352822,149.19407958038778,96.85851550890013,55.14439339556091,116.817148953978,53.81225427984984,56.57434415024048,110.5679370211731,43.079545691302,96.11879092116891,93.45746186135261,152.93170930312488,64.11219646169934,125.29769581325357,54.594579682687424,48.933082989377226,99.57701398186236,102.73213494691981,57.01745257574294,137.49043196963953,152.93170930312488,77.51133034407476,52.114147741765365,49.16147015623994,125.23138258907449,136.7542006723384,49.71271528957354,138.3990969449306,71.53852489164112,62.580601160861846,65.39676762715237,131.0312360869126,149.1654889555155,120.9034850070674,106.66602179954631,93.30092853417074,82.91216615538198,59.10334147291269,154.52124448784667,103.96545467165171,112.38274356851929,82.4436128524971
topology_carcinoma_19_clean_mieloides.csv,24.141190538147498,44.64833901504262,49.377006228461255,46.68644651242025,125.5382372676406,1.841823122762863e-308,69.73898574226558,32.6074245083555,60.76458785595176,32.416428213650846,62.745182882390736,139.94657249916878,43.46623311056316,155.59179678559065,113.30842669071782,34.59528903667385,244.62882680606162,104.36033568690996,81.26826519175776,19.220259498595198,102.53635836114162,81.93950007332961,60.663433664112375,221.98000079078417,75.92514645321359,70.39384387207969,211.3402837801139,71.72598298779076,68.96389311740012,66.11863984186118,84.12929982445328,59.52031292244634,32.080775406287984,60.795200358377045,87.21868374225514,27.37076078499154,118.90398149162999,78.26814414658924,25.96122328577823,47.88434937433382,155.34302856346028,36.39967551325297,62.84976828704309,48.026906923565825,74.6755632165646,76.37676711140065,31.792054474534154,33.382769114629326,82.68162887257128,61.87973918121503,53.99971237599948,121.44952506264113,63.35859375113432,39.45612653602835,56.51372817406657,48.11257169870393,29.929193000022245,32.23730873346986,62.82467203625029,66.43489579472791,230.19233154704824,48.49600930265569,53.495528228124456,47.09089495411649
topology_dysplasia_16_clean_mieloides.csv,56.591073016855375,48.322066376253474,76.15220950272584,55.53729200299372,117.24886164370602,69.73898574226558,1.536100503082997e-308,50.90213747248288,36.93556699624027,53.10372048785034,54.45580725845616,131.6571968752342,56.52860010887463,147.30242116165607,105.01905106678325,49.804418648137485,244.62882680606162,97.4941850589338,55.398496468056635,62.80307802233358,94.24698273720705,83.44645249188048,53.90907310230969,221.98000079078417,60.93674093319221,62.10446824814511,211.3402837801139,63.43660736385618,60.674517493465544,63.490262099031696,75.83992420051871,35.0269443735549,62.82854962333218,59.204144386589135,78.92930811832056,58.5408853163419,110.61460586769542,80.65169835540135,55.612149402318934,60.38423338546049,147.0536529395257,48.01631121870014,50.369220175094966,52.22165685414438,66.38618759263002,68.08739148746608,50.9178883495552,51.75556154868981,79.95265431828756,55.10353900396589,63.75262616806182,113.16014943870655,51.85209401655365,48.873606352657774,60.58963439185629,46.48459462183728,62.84916749500603,62.97541727710774,57.82234736077173,68.13587540309939,230.19233154704824,50.43259417229413,63.07424503632481,41.07862187867339
topology_carcinoma_9_clean_mieloides.csv,25.152542205622865,22.778874418225797,70.1130523780086,38.22607076291658,133.99861301714424,32.6074245083555,50.90213747248288,6.01351059855723e-309,53.46580837100444,11.779113661654392,71.2055586318944,157.83049808855327,19.588420430179355,164.05217253509434,121.76880244022149,36.23847268147236,244.62882680606162,124.78000183123524,63.41474640252538,27.25514300123913,110.99673411064529,59.49953936810101,69.12380941361604,221.98000079078417,68.30328843603175,90.51367601628358,211.3402837801139,80.18635873729443,83.37607139247208,45.44170941656135,92.58967557395694,37.87982209597535,40.541151155791646,30.285696763612606,95.6790594917588,28.24251314203468,127.36435724113366,105.27336499244697,49.957299231736044,32.110889460824154,163.80340431296398,27.272240270056866,40.39726753444448,70.60902019980978,83.13593896606825,96.6804836628294,21.201091656457436,17.708755123427316,91.14200462207495,40.34569732211955,65.77889397131199,135.25536743769135,68.6018453899919,24.04432359551862,37.19934409659025,19.05146092494632,45.77283189302048,44.116549898003655,61.2985096000782,74.89527154423158,230.1923315470482,30.033158345492552,31.209161600041185,51.55500016464717
topology_dysplasia_15_clean_mieloides.csv,50.33660581810824,65.6999260927065,53.262310767295816,81.14712243739729,91.07756134266356,60.76458785595176,36.93556699624027,53.46580837100444,1.8852808540193215e-308,53.68182820808275,35.72066282962075,112.03820117826979,68.30596236438191,121.13112086061363,78.84775076574078,52.44924934955486,244.62882680606162,71.3141934602308,82.2122350046213,53.53422523966904,68.07568243616458,89.22544238149092,26.202757739135336,221.98000079078417,84.3822659467532,47.05209271078705,207.89471029664156,38.044137092197374,43.484403410455215,72.11538119863235,49.668623899476245,56.64339525944564,50.21433291640069,71.52074572941268,52.7580078172781,52.76927118070543,84.44330556665295,54.39871748526352,48.11318105135484,69.8456570442462,120.88235263848327,46.41287062697597,68.27308703501294,46.172394129756285,40.21488729158756,43.21467529182496,42.03009516295084,48.562751012093656,57.74475703376686,68.20145254493576,44.27596284208839,86.98884913766409,40.68139620787667,57.021537551627034,65.82330113896731,53.495312746533436,50.695797464218245,52.66359364227647,67.64601990056354,41.328459640058384,230.19233154704824,60.41509079085702,73.82103853848383,41.14999894447217
topology_carcinoma_2_clean_mieloides.csv,28.26029001838108,28.760458028987212,71.01892668349761,28.44353396808074,143.78114981198007,32.416428213650846,53.10372048785034,11.779113661654392,53.68182820808275,5.59520243778072e-309,80.98809542673024,158.18948504350828,15.634282665003594,167.95848906209991,131.5513392350573,41.13782147641362,244.62882680606162,124.99602166831355,65.23742517454929,30.852351749425054,120.77927090548111,59.160324418271315,78.90634620845188,221.98000079078417,78.08582523086758,90.7296958533619,211.3402837801139,89.96889553213025,87.20680566173962,49.474544300987034,102.37221236879279,47.662358890811184,50.32368795062749,33.229884043355014,105.46159628659464,31.85639417758418,137.14689403596947,105.48938482952528,50.17331906881435,41.89342625565999,167.83410495103473,33.56833194577989,44.705893146065904,70.82504003688808,92.9184757609041,96.8965034999077,28.85486876489159,25.124176262704022,100.92454141691078,44.7058931460659,72.24262492033898,139.6924376069806,78.38438218482773,30.915857020140677,39.16453933238274,22.877664804912683,45.98885173009878,50.48022127780936,71.08104639491404,84.67780833906741,230.1923315470482,39.81569514032838,31.398406243460812,61.337536959483
topology_ad_dysplasia_3_clean_mieloides.csv,64.16150640661763,93.9844330501202,59.74053272283034,109.43162939481098,62.79305438524986,62.745182882390736,54.45580725845616,71.2055586318944,35.72066282962075,80.98809542673024,1.303637680190164e-308,113.32338835623105,73.12952272890419,92.84661390319994,61.501955816558564,39.85027395031662,244.62882680606162,98.32673673988629,56.73090792777259,50.135743677305186,83.13794210741986,110.77187287467407,46.09125872385832,200.88963736056843,56.311160949365714,38.33305482324042,179.61020333922784,36.80044884251731,51.26375439598496,52.754019532368176,33.64917426140042,33.32573653591905,44.18800076816633,99.29897664566624,24.4735008598644,62.50464142800371,97.39376744671407,75.88408237511732,40.029123042513575,59.642876395683714,92.59784568106957,74.69737758438967,96.55759399242663,38.985201783854286,51.51606173619271,50.59991813251003,62.438328203824625,73.96114628708855,73.04075477346029,75.60604255968076,39.50060040685655,96.31827339372182,33.0158401203838,68.23818170166277,86.37243457026565,58.11043062181756,43.872967414296454,41.29801428068973,43.241324762327864,56.09924710251549,217.3142988730965,41.17240028640185,49.58968918326943,26.447703054937477
topology_dysplasia_7_clean_mieloides.csv,141.3628960233957,160.13587691888898,95.39095717126563,160.13587691888898,70.23412980499495,139.94657249916878,131.6571968752342,157.83049808855327,112.03820117826979,158.18948504350828,113.32338835623105,1.507754815559535e-308,157.83049808855327,78.73112885896919,81.14670518614994,129.26553686780187,168.98589977434528,40.72400771803899,124.81076826176258,138.2488665480351,81.92185123310915,160.13587691888898,102.31467749865439,123.68824774379038,116.38496365553524,77.8953307035514,102.40881372244979,99.47997608040319,82.12793815680214,157.83049808855327,113.31367549629695,130.26183478836487,137.33010364134418,160.13587691888898,113.50934703329779,139.70603104478175,58.41258319972826,63.34141822090544,115.54671031753819,157.83049808855327,127.25158238073789,151.89876720116774,160.13587691888898,94.89498934946444,87.47581277459645,80.04149102025596,144.30291789281677,157.83049808855327,74.53329325069805,157.83049808855327,99.72511557796224,50.69029507651824,116.65196513316846,157.83049808855327,160.13587691888898,150.14441734798748,121.07435703107453,121.38745965127058,138.73648427233945,120.20073870748155,140.11290925631846,152.12720550582816,157.83049808855327,139.77109141116853
topology_carcinoma_8_clean_mieloides.csv,43.45409217830016,20.85491032121601,86.2127288434167,36.302106665906784,135.92257711415402,43.46623311056316,56.52860010887463,19.588420430179355,68.30596236438191,15.634282665003594,73.12952272890419,157.83049808855327,1.6761532959734153e-308,165.9761366321041,123.69276653723128,45.92236826858317,244.62882680606162,134.46389741834605,55.27670744252188,44.40439847831294,112.92069820765508,49.8878436081404,79.11484118665408,221.98000079078417,74.34750761505302,100.19757160339441,211.3402837801139,82.11032283430421,93.0599669795829,41.14526088524194,94.51363967096674,44.92607034802015,42.46511525280144,26.169453916762052,97.6030235887686,47.05019633750325,129.28832133814342,116.9689792717243,59.64119481884685,34.034853557833934,165.72736840997374,29.62715832129396,35.296301749553706,80.29291578692059,94.067170612846,106.3643792499402,36.94027409843815,24.16648087696771,106.83302392414825,35.549696168642114,75.4627895584228,142.70617703276184,70.52580948700168,21.32344101042191,30.205723056179302,34.16472201903625,55.45672748013129,61.27608266514636,63.222473697087985,76.81923564124136,230.19233154704824,31.95712244250234,23.539833545634764,53.478964261656955
topology_dysplasia_2_clean_mieloides.csv,157.00812030981757,167.95848906209994,106.21479055712942,167.95848906209991,53.72476735811409,155.59179678559065,147.30242116165607,164.05217253509434,121.13112086061363,167.95848906209991,92.84661390319994,78.73112885896919,165.9761366321041,7.38309360157282e-309,67.68537993380437,132.69688785351653,153.34067548792342,51.23146109868071,127.08821231724582,142.9823575805051,53.05543842444905,167.95848906209994,94.9283631214783,157.691078634362,101.61756141751019,85.19795291351099,108.78852773200049,83.86581379779992,86.62790366819056,140.62149653912314,71.46249696113739,126.17235043911897,123.51102137930268,167.95848906209991,73.63028827891947,155.35125533120362,61.55740151918789,78.9866425073273,129.6305734998124,131.94128307427016,64.6428139580689,167.5439914875896,167.95848906209994,107.56488986202483,80.91623356902608,79.21502967419002,155.28494210702453,166.8077601902885,72.9101679130194,167.95848906209994,101.5920844095912,58.05857317311141,95.45032714510245,161.08479560486268,167.95848906209994,150.9570445250175,136.71958131749636,123.35448805212081,102.75366293501614,89.15690099086277,124.4676849698966,134.01901418960176,142.43630308646937,112.49717237044717
topology_dysplasia_18_clean_mieloides.csv,114.72475021494472,144.5476768584473,63.98206126077487,146.8168040146635,53.97462303227316,113.30842669071782,105.01905106678325,121.76880244022149,78.84775076574078,131.5513392350573,61.501955816558564,81.14670518614994,123.69276653723128,67.68537993380437,8.51955325289737e-309,90.4135177586437,195.62404558279627,80.58963992605413,85.60840270090608,100.69898748563227,72.92941480930762,146.8168040146635,52.64499302660545,153.7665828878005,91.14664716604165,57.86107946891778,137.08871086840531,46.73718798425544,52.1643206726626,109.1009166965072,48.9730642832256,83.88898034424614,81.22765128442984,146.8168040146635,66.03619069544462,113.0678852363308,82.1574839938261,67.69632842551124,87.34720340493959,106.83119254212104,64.16822129080765,125.26062139271676,146.8168040146635,65.28151976715199,38.632863474153226,41.505724014383176,113.00157201215171,124.52439009541564,69.9870237758889,126.16928636800785,61.60225293840473,64.45316200029737,56.35572067845533,118.80142550998985,136.93567837859274,108.67367443014464,94.43621122262354,81.07111795724796,79.68162979198644,58.88462476679423,166.75105506476945,96.73853694797953,110.80657403635868,72.01582989664524
topology_carcinoma_11_clean_mieloides.csv,27.597379163473107,54.13415909980358,70.35601582858965,69.58135544449436,102.64332833556648,34.59528903667385,49.804418648137485,36.23847268147236,52.44924934955486,41.13782147641362,39.85027395031662,129.26553686780187,45.92236826858317,132.69688785351653,90.4135177586437,9.68422816011565e-309,244.62882680606162,121.8535575472819,62.02454142339411,28.54768546348589,81.02404052230528,71.77987159157843,62.83853870177282,221.98000079078417,44.36325728807796,54.27520333481124,211.3402837801139,62.42036465201491,72.59691324849751,43.403572662910975,61.23439089237917,30.26386877435505,26.336950566610195,59.448702695349624,64.32377481018102,31.193483322676197,109.35364411349065,101.11226625689724,36.2856358616022,43.700727884112894,132.4481196313862,34.84710363407305,56.70732004211001,34.37054751833742,78.21045759801896,74.66066187649545,22.588054253508005,34.110872336771926,90.9763109093212,50.97411685540368,43.54584438070876,124.25110242459297,45.64919899053952,39.79420186209495,46.522160619949034,24.930065255448046,36.76657528441905,45.41936965031931,29.94322491850042,50.23241424119354,230.19233154704824,22.861668638026313,31.598441595897526,31.17139549547091
topology_ad_carcinoma_15_clean_mieloides.csv,244.62882680606162,244.62882680606162,244.62882680606162,244.62882680606162,183.3942350058735,244.62882680606162,244.62882680606162,244.62882680606162,244.62882680606162,244.62882680606162,244.62882680606162,168.98589977434528,244.62882680606162,153.34067548792342,195.62404558279627,244.62882680606162,8.75618491767848e-309,204.57213658660413,244.62882680606162,244.62882680606162,206.39611391237247,244.62882680606162,244.62882680606162,154.83049310808053,244.62882680606162,238.53862840143438,152.0754829695785,237.2064892857233,239.96857915611395,244.62882680606162,224.8031724490608,244.62882680606162,244.62882680606162,244.62882680606162,221.71378853125896,244.62882680606162,190.0284907818841,232.32731799525072,244.62882680606162,244.62882680606162,153.58944371005379,244.62882680606162,244.62882680606162,244.62882680606162,234.2569090569495,232.55570516211344,244.62882680606162,244.62882680606162,226.2508434009428,244.62882680606162,244.62882680606162,187.48294721087296,244.62882680606162,244.62882680606162,244.62882680606162,244.62882680606162,244.62882680606162,244.62882680606162,244.62882680606162,242.4975764787862,122.02941744228505,244.62882680606162,244.62882680606162,244.62882680606162
topology_dysplasia_8_clean_mieloides.csv,105.77665921113686,135.59958585463943,68.94266922334944,142.3427585127596,59.469104535421536,104.36033568690996,97.4941850589338,124.78000183123524,71.3141934602308,124.99602166831355,98.32673673988629,40.72400771803899,134.46389741834605,51.23146109868071,80.58963992605413,121.8535575472819,204.57213658660413,1.327730629894245e-308,117.06835355257542,97.5248588299961,43.96465900005634,142.3427585127596,61.5906697806154,159.27448455604923,118.3364798575027,78.63327000513735,137.99505053470864,62.22967424411212,68.76707720485467,134.09443297991214,76.6745383510837,111.63655687623353,97.2916382248676,140.91412945018544,104.5318725490499,104.11979423252293,51.118569999325615,30.892880602454795,87.83459256697884,134.09443297991214,96.58699399065983,116.3125303889089,138.17274679694583,92.68881016233951,63.67210421320823,80.77943032184191,104.05348100834385,119.87694447232445,35.48285551075914,137.46849422953375,78.30771316657314,38.48340747499495,96.86754680733202,128.33573101185783,134.09443297991214,110.32928616729913,95.1096577509999,80.66345193323158,122.65300911199489,79.47673098944256,175.6991460685773,129.1573096478317,134.09443297991214,104.43460259649743
topology_ad_dysplasia_8_clean_mieloides.csv,69.19766992268401,59.74283463607432,85.69750676459896,75.1900309807651,97.03465279929574,81.26826519175776,55.398496468056635,63.41474640252538,82.2122350046213,65.23742517454929,56.73090792777259,124.81076826176258,55.27670744252188,127.08821231724582,85.60840270090608,62.02454142339411,244.62882680606162,117.06835355257542,2.0864729740437237e-308,71.65813544246015,107.38724318298662,76.53027446062819,87.58505278048023,221.98000079078417,53.415946288909524,74.11569667209727,211.3402837801139,83.59332887978894,84.96648913271667,51.5881591503077,74.98743474818275,54.00822415771812,71.59193536252963,65.05737823162036,58.71509927391028,69.50350706298664,112.4606783918602,108.11015042121002,71.76878885857982,56.00619015770117,126.83944409511545,67.63526185624747,62.31599557838075,69.6383966961535,96.41781048405247,75.13238773154339,68.70891396503711,66.71729886278348,102.54218511740626,55.428885461442974,79.47322317662531,97.6939243030402,57.340260914807956,59.11062947937651,52.13083615621977,53.73635554347288,71.33561121981168,78.99938069780558,49.10124589963098,87.9267520257192,230.19233154704824,55.11634872568834,54.98619064841823,62.248348435175615
topology_carcinoma_15_clean_mieloides.csv,18.087476924466586,43.848689372815016,42.85790937676947,59.2958857175058,112.92879806255505,19.220259498595198,62.80307802233358,27.25514300123913,53.53422523966904,30.852351749425054,50.135743677305186,138.2488665480351,44.40439847831294,142.9823575805051,100.69898748563227,28.54768546348589,244.62882680606162,97.5248588299961,71.65813544246015,1.7308071248466725e-308,89.92691915605607,75.29793824653723,52.88193845540748,221.98000079078417,66.37989015278191,63.25853301504446,211.3402837801139,59.11654378270521,56.35445391231457,56.077481861367716,71.51986061936773,48.686782126925834,19.471336201202433,50.9502304842369,74.60924453716959,17.576990000588076,106.29454228654444,78.01822199120784,22.70215623049691,45.944093158177225,142.73358935837473,29.17567401254707,50.588648426568795,43.35387719857064,62.06612401147905,69.42534066159027,24.472764628685432,26.325943925134347,70.07218966748573,52.42467266029179,44.44891817798377,108.84008585755558,56.961618461632185,30.810872181861725,46.43448490188439,35.53005720740717,33.638728803907625,22.826161625352412,51.29710902916639,53.82545658964236,230.19233154704824,44.06617991945987,50.636983269180675,42.650663296557696
topology_dysplasia_3_clean_mieloides.csv,103.95268188536852,133.7756085288711,53.15935213268037,141.4307698498754,49.15011321286687,102.53635836114162,94.24698273720705,110.99673411064529,68.07568243616458,120.77927090548111,83.13794210741986,81.92185123310915,112.92069820765508,53.05543842444905,72.92941480930762,81.02404052230528,206.39611391237247,43.96465900005634,107.38724318298662,89.92691915605607,2.073707859452075e-308,141.4307698498754,54.3243514113377,161.09846188181757,107.71409983097118,59.09235415529403,139.81902786047698,46.33749326490255,43.554247165596706,103.00973854570336,56.10545355354731,92.44866254791955,70.45558295485364,139.0901521244171,85.16965180987233,102.2958169067546,60.236280728900596,25.931204082878253,76.57513507536339,99.5637408042266,76.85225729732136,114.48855306314056,136.3487694711775,65.97511799610831,60.39538373722003,68.54586189359028,102.22950368257551,113.75232176583944,28.320768398662118,115.39721803843165,49.93785795199409,54.87398529468827,78.55567826882543,108.02935718041365,126.16361004901654,97.90160610056843,83.66414289304734,70.29904962767176,105.10469545213812,38.2788874743724,177.52312339434565,96.73869239384844,102.25375245509093,79.06299207801106
topology_ad_dysplasia_9_clean_mieloides.csv,65.39117879662459,50.17590013996703,106.25698680544014,52.59391434412511,152.93170930312488,81.93950007332961,83.44645249188048,59.49953936810101,89.22544238149092,59.160324418271315,110.77187287467407,160.13587691888898,49.8878436081404,167.95848906209994,146.8168040146635,71.77987159157843,244.62882680606162,142.3427585127596,76.53027446062819,75.29793824653723,141.4307698498754,1.259680470153222e-308,108.69012365639571,221.98000079078417,107.86960267881142,120.33533132205795,211.3402837801139,119.7526729800741,116.99058310968346,62.99699023875084,132.15598981673662,77.44613633875503,80.10746539857132,43.84037287999344,133.77193254043215,67.09445429952669,149.61458141511957,127.71517581013964,85.49869814184211,71.67720370360382,167.83410495103476,69.2764120906094,40.05416160855323,106.15041910991584,122.70225320884794,124.40345710368399,67.95700381693939,61.326438270881226,130.70831886485462,35.906055251292,102.02640236828282,150.88735320062517,108.16815963277156,53.1519945230977,40.74253805167611,54.2089799810597,81.31423080312655,82.70780201970518,100.86482384285787,114.46158578701124,230.19233154704824,69.59947258827222,61.182183691404646,91.12131440742684
topology_dysplasia_14_clean_mieloides.csv,62.07975718833927,91.90268383184184,52.19367641684076,107.34988017653262,64.87480360352822,60.663433664112375,53.90907310230969,69.12380941361604,26.202757739135336,78.90634620845188,46.09125872385832,102.31467749865439,79.11484118665408,94.9283631214783,52.64499302660545,62.83853870177282,244.62882680606162,61.5906697806154,87.58505278048023,52.88193845540748,54.3243514113377,108.69012365639571,1.5469236784008853e-308,202.97138657884682,98.78949582733509,45.35689479260563,181.69195255750623,35.13635607697287,42.895651316340775,90.00299616760944,44.783386738956295,60.20937947305191,49.602217075377425,97.21722742738788,69.95429350428589,60.42289220972535,61.682399937449986,43.26811344168584,55.94344095485144,84.72066828940828,94.67959489934793,72.61562836611131,94.47584477414827,50.81127487166946,27.597230055964765,35.23156764912228,60.356578985546264,71.87939706881019,55.66951531152998,79.9241908524665,39.57167051117116,72.06603538707154,51.858109662744994,69.66848469154917,84.29068535198729,71.65338996137329,51.080734434096684,51.626376092577516,81.8227182173305,36.75259939122307,219.3960480913749,81.23662153439622,90.73558235651589,62.83841288486519
topology_ad_carcinoma_11_clean_mieloides.csv,221.98000079078417,221.98000079078417,214.2578140144979,221.98000079078417,149.19407958038778,221.98000079078417,221.98000079078417,221.98000079078417,221.98000079078417,221.98000079078417,200.88963736056843,123.68824774379038,221.98000079078417,157.691078634362,153.7665828878005,221.98000079078417,154.83049310808053,159.27448455604923,221.98000079078417,221.98000079078417,161.09846188181757,221.98000079078417,202.97138657884682,1.0710646177391665e-308,203.7919075564311,193.24097637087948,75.87578523070789,191.9088372551684,194.67092712555905,221.98000079078417,192.27362527168975,221.98000079078417,221.98000079078417,221.98000079078417,192.46929680869061,221.98000079078417,144.7308387513292,187.02966596469582,221.98000079078417,221.98000079078417,197.31047297624968,221.98000079078417,221.98000079078417,215.60791331939333,188.9592570263946,187.25805313155854,221.98000079078417,221.98000079078417,180.9531913703879,221.98000079078417,209.6351078669597,142.18529518031806,203.49335060247097,221.98000079078417,221.98000079078417,221.98000079078417,221.98000079078417,221.98000079078417,210.79668639238463,197.31047297624968,69.85930910296747,221.98000079078417,221.98000079078417,220.5401958278157
topology_ad_dysplasia_5_clean_mieloides.csv,61.25923621075498,91.08216285425755,84.4332279339421,106.52935919894833,96.85851550890013,75.92514645321359,60.93674093319221,68.30328843603175,84.3822659467532,78.08582523086758,56.311160949365714,116.38496365553524,74.34750761505302,101.61756141751019,91.14664716604165,44.36325728807796,244.62882680606162,118.3364798575027,53.415946288909524,66.37989015278191,107.71409983097118,107.86960267881142,98.78949582733509,203.7919075564311,9.4885764416412e-309,65.08698377784546,182.51247353509052,80.09620140792566,80.9897341746015,65.2370103672672,66.8088434217035,50.877607956020185,60.40965148083687,96.39670644980359,39.42065254469961,59.60237123214105,122.28973381480975,109.67445589100265,59.936009564243534,72.12586723058274,95.50011587693223,71.79510738852701,93.65532379656398,57.92420405085723,96.66695779013224,103.2981552359868,59.53605800796197,71.0588760912259,107.38047453614038,79.39925620187353,78.81324533276694,111.36711750096504,54.306319529082415,68.2193412085648,83.470164374403,55.2081604259549,61.3975854119452,73.19283337201125,40.120063795545676,88.99953443452213,220.2165690689592,51.286807984496164,60.023580942367374,47.71656839214687
topology_dysplasia_5_clean_mieloides.csv,71.81016739630658,101.63309403980915,35.62102987390577,117.08029038449993,55.14439339556091,70.39384387207969,62.10446824814511,90.51367601628358,47.05209271078705,90.7296958533619,38.33305482324042,77.8953307035514,100.19757160339441,85.19795291351099,57.86107946891778,54.27520333481124,238.53862840143438,78.63327000513735,74.11569667209727,63.25853301504446,59.09235415529403,120.33533132205795,45.35689479260563,193.24097637087948,65.08698377784546,7.657984834890805e-309,171.9615423495389,27.555076952325535,25.932006872409033,91.08707435560859,38.32334196330632,55.27150125537426,62.33977010835355,108.56861337469184,40.53810592880342,70.15330241769266,78.07831570811175,58.40043953549895,44.432620586301454,97.97593121892413,84.94918469138062,82.34603857407862,104.20625498211558,27.439254035268945,38.167643186112855,42.78931559002194,70.08698919351357,85.61061865737281,50.304066483597296,105.24932019021492,30.520322154011346,77.58619604850449,53.477684749046944,94.06940519690619,94.0210955599546,75.15408381499684,51.5216284039854,46.39712611827994,63.74615073934885,45.210405174490916,209.66563788340756,77.13687197283755,85.87364493070876,64.7807578781779
topology_dysplasia_4_clean_mieloides.csv,211.3402837801139,211.3402837801139,192.97837999315732,211.3402837801139,116.817148953978,211.3402837801139,211.3402837801139,211.3402837801139,207.89471029664156,211.3402837801139,179.61020333922784,102.40881372244979,211.3402837801139,108.78852773200049,137.08871086840531,211.3402837801139,152.0754829695785,137.99505053470864,211.3402837801139,211.3402837801139,139.81902786047698,211.3402837801139,181.69195255750623,75.87578523070789,182.51247353509052,171.9615423495389,1.3522578199877875e-308,170.62940323382782,173.39149310421845,211.3402837801139,158.22608639716532,211.3402837801139,210.27461081533062,211.3402837801139,156.40993771198805,211.3402837801139,123.45140472998861,165.75023194335523,211.3402837801139,211.3402837801139,156.40993771198805,211.3402837801139,211.3402837801139,194.32847929805274,167.679823005054,165.97861911021795,211.3402837801139,211.3402837801139,159.67375734904732,211.3402837801139,188.3556738456191,120.90586115897747,182.21391658113038,211.3402837801139,211.3402837801139,211.34028378011388,211.3402837801139,210.11807748814874,189.51725237104404,175.9204904268907,37.70409553386867,211.3402837801139,211.3402837801139,199.2607618064751
topology_dysplasia_13_clean_mieloides.csv,73.14230651201765,102.96523315552022,40.97025693175706,118.412429500211,53.81225427984984,71.72598298779076,63.43660736385618,80.18635873729443,38.044137092197374,89.96889553213025,36.80044884251731,99.47997608040319,82.11032283430421,83.86581379779992,46.73718798425544,62.42036465201491,237.2064892857233,62.22967424411212,83.59332887978894,59.11654378270521,46.33749326490255,119.7526729800741,35.13635607697287,191.9088372551684,80.09620140792566,27.555076952325535,170.62940323382782,8.709763955842147e-309,18.380469938505854,82.0864965010924,26.09009231954687,49.6896943797326,39.76417223849329,108.27977675106627,52.43868879459052,71.48544153340373,63.329458712613956,46.40840040188503,45.764759702012526,79.81677234670624,83.61704557566955,83.67817768978969,105.53839409782665,36.423991143539666,22.749099786285,30.656450193958364,71.41912830922465,82.94194639248857,44.385329289520215,84.58684266508078,22.355925592084816,69.23133396882034,36.6897821083826,77.21898180706279,95.35323467566568,67.09123072721758,52.853767519696476,39.4886742543209,72.26640184564607,26.28288951738317,208.33349876769648,69.72411675256473,83.7921538409439,52.61938282713217
topology_dysplasia_11_clean_mieloides.csv,70.38021664162702,100.20314328512958,32.772982108173025,115.65033962982037,56.57434415024048,68.96389311740012,60.674517493465544,83.37607139247208,43.484403410455215,87.20680566173962,51.26375439598496,82.12793815680214,93.0599669795829,86.62790366819056,52.1643206726626,72.59691324849751,239.96857915611395,68.76707720485467,84.96648913271667,56.35445391231457,43.554247165596706,116.99058310968346,42.895651316340775,194.67092712555905,80.9897341746015,25.932006872409033,173.39149310421845,18.380469938505854,2.0226652709129364e-308,92.263045097575,31.185737339494807,53.3545022188093,55.202165484542036,105.51768688067563,49.19831909651242,68.72335166301309,71.16154929731482,45.93099344970062,43.00266983162189,90.83832659511262,86.37913544606019,80.91608781939905,102.77630422743601,43.43216586355512,30.92736866245761,35.87254917922502,68.65703843883401,80.17985652209794,42.60959431920557,98.1117155664034,29.051068867788757,77.99324774778012,47.25852087647198,86.93180057309468,92.59114480527504,68.01647919118534,50.091677649305836,39.25952149446843,67.09174516040903,38.0728005506794,211.09558863808712,79.90066534904733,93.96870243742649,57.64315325436638
topology_ad_carcinoma_13_clean_mieloides.csv,50.93703995942802,46.20955041419697,90.02214767766714,61.65674675888775,110.5679370211731,66.11863984186118,63.490262099031696,45.44170941656135,72.11538119863235,49.474544300987034,52.754019532368176,157.83049808855327,41.14526088524194,140.62149653912314,109.1009166965072,43.403572662910975,244.62882680606162,134.09443297991214,51.5881591503077,56.077481861367716,103.00973854570336,62.99699023875084,90.00299616760944,221.98000079078417,65.2370103672672,91.08707435560859,211.3402837801139,82.0864965010924,92.263045097575,1.115161992941502e-308,73.16566443242536,42.091108296294536,53.45987741864231,51.52409400974301,72.24838349578764,53.655772332032726,127.84447626301653,120.77839810597473,55.951767710679704,40.328288754144324,140.37272831699278,42.00481345956382,48.7827113565034,71.18241853913477,97.87658944709645,97.2538820021544,44.98954182884903,43.993532260374565,110.64244275839869,27.831159923757525,66.35229231063698,135.82876577701637,55.977093777032536,43.611163860864295,38.59755193434242,42.256452595666104,56.43270713349655,65.0855014993968,37.867833604107034,80.09666864796657,230.19233154704824,38.891004305414214,45.977249098885565,37.08508679986197
