,topology_ad_carcinoma_11_clean_linfoides.csv,topology_dysplasia_6_clean_linfoides.csv,topology_ad_dysplasia_7_clean_linfoides.csv,topology_carcinoma_18_clean_linfoides.csv,topology_ad_dysplasia_3_clean_linfoides.csv,topology_ad_dysplasia_9_clean_linfoides.csv,topology_ad_carcinoma_8_clean_linfoides.csv,topology_carcinoma_14_clean_linfoides.csv,topology_dysplasia_10_clean_linfoides.csv,topology_dysplasia_1_clean_linfoides.csv,topology_carcinoma_3_clean_linfoides.csv,topology_carcinoma_13_clean_linfoides.csv,topology_ad_carcinoma_13_clean_linfoides.csv,topology_dysplasia_9_clean_linfoides.csv,topology_carcinoma_20_clean_linfoides.csv,topology_dysplasia_5_clean_linfoides.csv,topology_dysplasia_17_clean_linfoides.csv,topology_ad_dysplasia_1_clean_linfoides.csv,topology_carcinoma_5_clean_linfoides.csv,topology_carcinoma_2_clean_linfoides.csv,topology_dysplasia_8_clean_linfoides.csv,topology_dysplasia_18_clean_linfoides.csv,topology_ad_carcinoma_3_clean_linfoides.csv,topology_carcinoma_6_clean_linfoides.csv,topology_dysplasia_14_clean_linfoides.csv,topology_ad_carcinoma_6_clean_linfoides.csv,topology_ad_dysplasia_8_clean_linfoides.csv,topology_carcinoma_9_clean_linfoides.csv,topology_ad_carcinoma_5_clean_linfoides.csv,topology_dysplasia_15_clean_linfoides.csv,topology_ad_carcinoma_4_clean_linfoides.csv,topology_dysplasia_7_clean_linfoides.csv,topology_dysplasia_2_clean_linfoides.csv,topology_ad_carcinoma_1_clean_linfoides.csv,topology_carcinoma_11_clean_linfoides.csv,topology_ad_carcinoma_15_clean_linfoides.csv,topology_carcinoma_10_clean_linfoides.csv,topology_ad_carcinoma_7_clean_linfoides.csv,topology_carcinoma_17_clean_linfoides.csv,topology_ad_carcinoma_2_clean_linfoides.csv,topology_carcinoma_12_clean_linfoides.csv,topology_carcinoma_8_clean_linfoides.csv,topology_carcinoma_4_clean_linfoides.csv,topology_ad_dysplasia_5_clean_linfoides.csv,topology_ad_dysplasia_2_clean_linfoides.csv,topology_ad_carcinoma_10_clean_linfoides.csv,topology_ad_carcinoma_14_clean_linfoides.csv,topology_ad_carcinoma_12_clean_linfoides.csv,topology_dysplasia_3_clean_linfoides.csv,topology_dysplasia_4_clean_linfoides.csv,topology_ad_dysplasia_6_clean_linfoides.csv,topology_dysplasia_11_clean_linfoides.csv,topology_ad_dysplasia_4_clean_linfoides.csv,topology_dysplasia_16_clean_linfoides.csv,topology_carcinoma_19_clean_linfoides.csv,topology_carcinoma_7_clean_linfoides.csv,topology_dysplasia_19_clean_linfoides.csv,topology_dysplasia_12_clean_linfoides.csv,topology_dysplasia_13_clean_linfoides.csv,topology_ad_carcinoma_9_clean_linfoides.csv,topology_carcinoma_1_clean_linfoides.csv,topology_carcinoma_16_clean_linfoides.csv,topology_ad_dysplasia_10_clean_linfoides.csv,topology_carcinoma_15_clean_linfoides.csv
topology_ad_carcinoma_11_clean_linfoides.csv,1.651696271529465e-308,153.08788071006916,175.42363527247272,101.84595407165591,155.81146481433035,175.42363527247272,175.42363527247272,134.18212611518652,175.42363527247272,127.91153521716467,114.50453564835786,175.42363527247272,152.5032424480371,136.38200255759233,175.42363527247272,140.28339465460022,175.42363527247272,145.4301692763131,60.23801825003672,108.45307306559391,147.66848019960514,105.72512346055473,165.3984369212768,38.258757830413316,175.42363527247272,175.42363527247272,175.42363527247272,56.13656026080184,175.42363527247272,175.42363527247272,175.42363527247272,110.12317600978704,107.4981880453009,162.46120649190527,108.8196059863437,375.40301205738706,81.50426717633269,173.59867995069374,175.42363527247272,143.84031118044913,118.8618520160469,96.01684023783906,60.84868907870998,175.42363527247272,167.2104793020353,175.42363527247272,175.42363527247272,142.0682286690174,139.1219958299858,47.903578194370226,175.42363527247272,147.95370293725085,175.42363527247272,170.23749985907642,74.8279295777283,39.326707031532635,130.29105147538507,175.42363527247272,132.44013736230312,164.11023104728537,155.0216822210965,175.42363527247272,163.53113528838122,139.10852272815185
topology_dysplasia_6_clean_linfoides.csv,153.08788071006916,1.9681255802718916e-308,43.95638107270386,56.32499716540312,33.618077285615854,81.06172807619569,79.94716611191262,23.215515758777656,38.368192263436434,33.680693031330804,56.080796947875484,28.54496570945267,73.43068110165751,22.588121515228323,58.88606809833192,23.526239332561204,38.330273498128975,25.431591943716086,172.80203403072494,44.63480764447527,32.18803636686797,49.41866869641825,35.53233061280076,166.52638638732446,30.613442549035,94.7630205316685,94.7630205316685,96.95132044926734,84.45698261574947,40.98347128744234,66.96214494653799,55.13276528107249,45.58969266476828,40.750044906527194,60.2611698198682,375.40301205738706,71.5836135337365,40.06247443019625,52.54268015425679,22.65749905210346,34.22602869402229,68.53929248782441,92.2391916313592,94.7630205316685,32.30824788383592,54.334643762081726,98.87969491743814,37.791250309795245,24.306597010403095,142.01435458905496,49.06505395319195,17.798431782387276,57.44721299427951,50.388354624423314,84.16460670913656,143.58770235751814,25.702477693878706,34.40102512054773,20.64774334776604,30.49164232420577,38.859417145483064,34.814936779179725,22.24183421564186,32.05995067974479
topology_ad_dysplasia_7_clean_linfoides.csv,175.42363527247272,43.95638107270386,6.116274983303717e-309,100.28137823810698,45.252888191991616,41.59174127409054,51.821275274016585,65.19700687809933,23.53475827107621,75.1829484873753,96.55917356466514,36.17821309949292,62.12698817817653,49.75509607124837,25.49949442783827,40.93037689336501,23.871929805814602,54.36935162562952,185.2807119328006,84.26074591507752,46.75826136941049,77.54455953431429,38.96339480845754,182.14288811110038,32.816904935561084,59.00527891782356,65.0873253177599,127.8645499622152,40.500601543045605,20.211072595530254,23.005763873834127,83.25865611896853,87.7569897083853,18.75256505605992,98.53401890490619,375.40301205738706,108.58147301403795,19.838279441058802,12.560140002208923,51.116059758159736,64.50783057056043,106.00305112868142,120.36508246925524,55.320214998819694,25.129038774302074,20.853624498603974,75.23838714945427,53.1181328742978,58.865874218891115,162.04985982004325,25.69250947304929,50.8800266352936,25.810533184832877,32.15233474800719,128.12098778184043,170.67354609619724,50.92272007258012,28.672771181624427,56.07588207385959,29.003921938497967,65.05011324718222,35.938856309692696,40.88540181173185,58.800286118890284
topology_carcinoma_18_clean_linfoides.csv,101.84595407165591,56.32499716540312,100.28137823810698,7.6480942738434e-309,55.459209956284724,122.92551911437008,124.50065823664478,37.23379757697015,89.87499153228859,42.72079188985663,33.97074908479712,79.78689234786594,122.92551911437008,77.22655589025831,115.21106526373504,76.04667537955063,94.6552706635321,58.53957072784334,121.56010739231169,40.82556686138837,88.5130335322711,62.94103257285154,66.02689188341904,115.28445974891122,86.93843971443812,122.92551911437008,124.5006582366448,67.20678337123277,122.92551911437008,97.30846845284546,122.92551911437008,50.967729342453,26.140403910732488,92.27886633894158,30.69167886416966,375.40301205738706,40.73913297330142,85.5413921119841,108.86767731965992,55.0418843586272,52.715047712319006,40.47945897958144,40.99726499294593,124.5006582366448,88.63324504923904,109.74590916198818,124.50065823664478,82.91278200168338,50.194290587847405,108.30125229965338,105.39005111859507,49.40135160281338,113.77221015968263,76.64972983671561,43.57062788573785,92.34577571910489,66.92018969832142,90.72602228595085,51.73614319854762,71.27745629960901,58.061930138847885,89.6657781497629,78.56683138104498,55.81224268859927
topology_ad_dysplasia_3_clean_linfoides.csv,155.81146481433035,33.618077285615854,45.252888191991616,55.459209956284724,1.1581904415680565e-308,82.35823519548345,77.22358200765146,23.51960548749485,35.64460815917528,50.600614305801614,62.759289237595624,34.50930119112904,76.89178489696053,46.14415832100599,60.18257521761967,35.5455425455759,39.62678061741673,41.26770222211965,175.52561813498613,60.25847734719109,33.48454348615573,52.142252800679415,31.18133482271182,169.24997049158566,31.909949668322753,95.41127409131238,95.41127409131238,99.6749045535285,85.75348973503722,42.279978406730095,68.25865206582574,57.85634938533366,48.31327676902944,44.75634535431652,58.049646202487565,375.40301205738706,77.85994223124271,37.2959095058453,53.83918727354455,16.418613366875746,45.20007062273649,73.69466020321877,94.96277573562037,95.41127409131238,33.60475500312367,56.26483817455481,97.51790286530756,27.884291955568017,48.53612933933077,138.00805414126563,50.3615610724797,36.41678834956147,58.743720113567264,33.94778712353528,82.86809958984881,146.31128646177933,25.520413338945247,35.69753223983548,25.055782780586483,25.336274608811408,57.14336365892204,47.272328141680575,33.14944184100483,53.879144374147586
topology_ad_dysplasia_9_clean_linfoides.csv,175.42363527247272,81.06172807619569,41.59174127409054,122.92551911437008,82.35823519548345,1.497761738831566e-308,40.593740177313904,102.30235388159116,53.15273230587516,98.43012386591886,114.22372822679694,59.37018222047463,103.71872945226707,91.34683734533891,47.770946199920175,82.52211816745555,45.30958702969808,91.47469862912135,185.2807119328006,114.91520295285534,88.35000264350103,119.13630080840483,76.06874181194937,182.14288811110038,52.800451259884184,34.95635765405636,29.449760616691137,147.3553551420718,30.6276565081954,46.359201427684994,27.880466331904245,124.85039739305907,116.66332484950922,60.34430633015046,117.77779135464243,375.40301205738706,134.6715016843064,51.84533312961473,46.846822407566805,88.22140676165156,103.94366080600886,126.7886725842167,144.99929073311773,26.19861012166271,55.59503352002042,38.12169927848301,33.646645875363745,94.70987414838834,87.1924346537514,165.84167940851177,39.834521719010894,87.98537363878543,27.830706909623586,63.45815659409128,138.0096704836086,170.67354609619724,92.51446134667066,54.304241887286096,93.18122907735142,66.1092689419898,87.03326797354129,58.14119741527648,67.20441775962522,86.15068548873748
topology_ad_carcinoma_8_clean_linfoides.csv,175.42363527247272,79.94716611191262,51.821275274016585,124.50065823664478,77.22358200765146,40.593740177313904,8.507995319426433e-309,98.85292070679526,41.57897384847618,105.12351160481714,118.17136744829381,51.67748380845775,113.94826345219312,101.57637134526496,26.321780846178314,92.7516521673816,45.36709827758304,87.6048775456687,185.2807119328006,121.19709873967578,98.57953664342706,123.58902926564727,68.69733809613705,182.14288811110038,51.02433369241083,44.76342527180519,47.01161646754319,147.3553551420718,15.796139142323048,42.06395344011847,31.761327850495178,126.44607755797439,121.67454124982228,70.5738403300765,121.01383227930089,375.40301205738706,134.67150168430638,59.43636687128804,39.26113527180766,89.19473564153267,114.17319480593491,127.4152151535532,144.99929073311773,35.7701057989589,65.82456751994647,30.967650775412608,26.32582969369669,104.93940814831439,93.91305099199599,165.84167940851174,32.801021965465054,85.08134388473096,30.66596738335261,62.79754696290536,138.00967048360857,170.6735460961972,102.74399534659669,50.898523043073396,100.59490945967865,68.92481577469641,78.0133646008853,45.797756282130635,69.50391153360057,93.92652409382994
topology_carcinoma_14_clean_linfoides.csv,134.18212611518652,23.215515758777656,65.19700687809933,37.23379757697015,23.51960548749485,102.30235388159116,98.85292070679526,1.6991095199992245e-308,57.27394685831908,36.61248031008472,52.563099706487264,47.450720304335306,92.64759702126804,42.14218453025066,80.12669390372739,40.962304019542984,59.57089930352444,30.861840787127818,153.8962794358423,50.167038337006645,53.428662172263444,41.28536837585091,39.99596934732563,147.62063179244183,51.85406835443047,105.38333343436625,108.33257221487946,91.05304955379142,105.38333343436625,62.22409709283781,88.20277075193346,36.22701068618986,36.94892597638723,57.19449497893393,54.53794504672831,375.40301205738706,64.58539915586007,50.457020751976444,73.78330595965227,23.65538087605968,35.71858831409912,64.19686900810004,73.33343703647657,105.38333343436625,53.548873689231385,74.66153780198053,108.33257221487946,47.82841064167573,35.570206339971065,132.25809920861502,70.30567975858742,19.520042449311894,78.68783879967498,45.506731327009376,67.37114471852874,124.68194776263553,31.83581833831377,55.641650925943196,23.939175522712787,36.19308493960136,44.00779627759361,54.58140678975525,43.482460021037326,43.39608813379736
topology_dysplasia_10_clean_linfoides.csv,175.42363527247272,38.368192263436434,23.53475827107621,89.87499153228859,35.64460815917528,53.15273230587516,41.57897384847618,57.27394685831908,2.020941400091414e-308,63.54453775634096,76.95153732514777,14.902810911246121,72.36928960371694,59.99739749678878,31.304293268161285,51.17267831890541,17.10401056309027,46.02590369719252,185.2807119328006,83.00299990791171,57.00056279495089,87.78686095985469,28.557008102639145,182.14288811110038,27.83562379192427,72.2234653749619,63.08012817248722,135.31951271270378,50.90698824886399,24.04846064599657,38.03900217768911,93.50095754450894,83.95788492820472,28.994866481600322,82.63646698716191,375.40301205738706,109.95180579717294,30.764223279742865,19.910948018729783,47.61576179305649,72.59422095745873,95.43923273566656,130.60738389479565,68.77177421515894,28.272970832200627,31.151539249999402,65.97436548369825,63.360434299838204,52.334077143519806,165.84167940851174,33.11140591062055,43.502370036254774,40.00493134708911,43.88930399229339,117.71460107602203,170.67354609619724,61.165021498120524,13.636787872554507,59.01593561120248,27.34584192622023,52.54526350452052,24.936651020163143,27.924937685124405,52.347550245353766
topology_dysplasia_1_clean_linfoides.csv,127.91153521716467,33.680693031330804,75.1829484873753,42.72079188985663,50.600614305801614,98.43012386591886,105.12351160481714,36.61248031008472,63.54453775634096,1.26666172452571e-308,39.35340480652248,53.721311202357185,99.53546969738113,39.86033830661511,81.66378376495977,51.116894471198606,59.7564133272341,53.02224708235349,147.62568853782045,26.700159566827182,58.485994624501046,55.584018090730055,67.49322582909372,141.35004089441998,54.099177912406304,101.56512316944176,111.46786766389042,71.77497495636283,98.56296359732607,63.05955816469867,84.00524402116247,29.956419788167977,30.19640336013495,68.39993933532318,33.61118457165827,375.40301205738706,51.5056781269509,67.98530085447405,69.03189395558078,41.887484391516494,47.92727656980705,44.26029778256256,67.06284613845469,102.96319560417271,50.05390971307324,85.0590855491279,111.4678676638904,52.00484526152741,21.323158453856507,120.91382333358479,72.32248963935209,30.45212798257495,74.45754422146453,62.294864545521506,70.56040143359007,118.41135686461365,39.01205795280583,54.22498856174374,34.49183686217172,58.08229746284317,27.110147003931843,59.99128227208425,37.62871670328761,21.861108156052296
topology_carcinoma_3_clean_linfoides.csv,114.50453564835786,56.080796947875484,96.55917356466514,33.97074908479712,62.759289237595624,114.22372822679694,118.17136744829381,52.563099706487264,76.95153732514777,39.35340480652248,7.43877972414068e-309,67.128310771164,112.22540067935239,61.41199648346654,105.78368549654229,71.23548086878102,78.86970848675895,76.87573022517134,134.2186889690136,52.294029783849396,79.86221970179088,71.31977904775232,91.61312756067625,127.94304132561317,71.10940100972556,114.22372822679694,118.17136744829381,58.367975387556015,114.22372822679694,79.90488667769918,107.39315218082743,35.507563023175706,40.134826191599686,91.24142983709652,42.511269036568194,375.40301205738706,45.49085765059938,86.96594613490691,91.8149141093397,66.00738612309902,69.30350164709688,32.67120149026543,53.65584656964788,116.37019517297952,73.27360577476418,106.43531062641773,118.17136744829381,75.71676849900464,45.1645581362159,95.59661321887444,90.26819986479643,52.73135943289421,96.36862838453635,86.25289695986837,45.243191318879724,105.00435729580684,57.97558941406561,73.32244051080457,58.51045810410133,78.20088386042559,46.30269128903235,73.39828184089106,61.1632496058987,45.981009887634826
topology_carcinoma_13_clean_linfoides.csv,175.42363527247272,28.54496570945267,36.17821309949292,79.78689234786594,34.50930119112904,59.37018222047463,51.67748380845775,47.450720304335306,14.902810911246121,53.721311202357185,67.128310771164,9.348766562344643e-309,65.65701836625283,50.174170942805006,42.98009181290304,41.34945176492164,25.224469677488102,36.202677143208746,185.2807119328006,73.17977335392794,47.17733624096712,77.96363440587092,28.809533877036984,182.14288811110038,29.435416924277227,79.83562680146804,73.09416784529844,125.49628615872001,61.37126426668016,30.004001223540754,44.9760304172153,83.67773099052516,74.13465837422095,29.395203947440805,74.06158955340265,375.40301205738706,100.12857924318917,38.1079887480367,30.027158567698407,37.79253523907272,62.77099440347496,85.61600618168279,120.78415734081187,78.429094805977,30.607656466547745,46.054350161245516,74.81931227789764,53.53720774585443,42.510850589536034,162.46893469159988,36.61786466266044,33.679143482271,48.33305946164782,48.19633538786782,107.25032505820587,170.67354609619724,51.34179494413675,11.315306771478419,49.19270905721871,21.784108000323656,43.204314153736874,27.657912534684698,21.1713569691396,42.52432369137
topology_ad_carcinoma_13_clean_linfoides.csv,152.5032424480371,73.43068110165751,62.12698817817653,122.92551911437008,76.89178489696053,103.71872945226707,113.94826345219312,92.64759702126804,72.36928960371694,99.53546969738113,112.22540067935239,65.65701836625283,8.938245591458284e-309,74.64636894238521,87.6264826060148,66.39504211599055,68.58116517461008,83.51892926789375,138.80093669044447,111.71133605824625,55.77055580527127,97.96158739810977,66.41398495162625,157.13645715625188,65.36527779670763,92.74802326910152,115.8802435875784,131.5042603665931,100.70303614288629,71.88431001207465,82.18693560169794,91.81973409715157,115.20757985155402,44.88685365933553,117.43651286182043,375.40301205738706,125.33190563836533,54.51189658090507,74.68712818038546,83.48880141797676,91.95842071372913,122.55581214517969,123.38672646907759,111.78794745154867,57.20573985607484,82.9806126767805,115.88024358757839,59.53267968176456,86.7022130605415,162.02203483623413,81.14724148672806,78.33061677846231,83.28229606884051,65.3721329452207,136.84532388623677,144.63917754913058,71.9953583854134,63.04974040911972,86.1864673395134,64.85242945910176,92.26170436187772,68.81603411946023,74.17797096008198,88.27909138565019
topology_dysplasia_9_clean_linfoides.csv,136.38200255759233,22.588121515228323,49.75509607124837,77.22655589025831,46.14415832100599,91.34683734533891,101.57637134526496,42.14218453025066,59.99739749678878,39.86033830661511,61.41199648346654,50.174170942805006,74.64636894238521,1.0257288750036756e-308,75.25459049908663,21.081066346673275,56.20927306768191,31.314529277780846,151.1728287973726,61.205923567228865,35.612159482899955,51.06353789644368,33.939761444559956,145.64843197402195,50.552037652854125,83.05641719759095,109.69429753411431,99.7265132312091,88.33114403595813,59.51241790514649,69.81504349476977,33.50356004772016,64.70216736053663,35.140793260436894,68.10775185282179,375.40301205738706,82.03932893824884,47.7327346968888,62.31523607345729,39.17504147863549,41.45300822271176,76.48714195187755,78.14897059967333,99.41605534462052,41.341307001834316,70.60872056985235,109.69429753411431,42.7649349617682,27.032265302410906,155.41958733398647,68.7753493797999,31.14196038289103,70.91040396191235,54.08215004176111,105.06616543399176,121.95849712416583,41.14736198247208,50.677848302191556,33.02105972601092,33.16525873403542,28.52082203053416,56.44414201253207,35.32042040718516,27.187609287916757
topology_carcinoma_20_clean_linfoides.csv,175.42363527247272,58.88606809833192,25.49949442783827,115.21106526373504,60.18257521761967,47.770946199920175,26.321780846178314,80.12669390372739,31.304293268161285,81.66378376495977,105.78368549654229,42.98009181290304,87.6264826060148,75.25459049908663,1.620826514083798e-308,66.42987132120328,33.52482582306722,69.29903865125758,185.2807119328006,99.19043294070559,72.25775579724875,103.04405396215256,53.89308183408559,182.14288811110038,41.27744490153525,49.48152002054812,50.11182048881406,147.3553551420718,30.352508658879955,36.697215411227546,36.4063605099371,108.75815054680679,102.68667673401335,44.25205948389819,112.96116256834952,375.40301205738706,125.2089987994708,33.11458602510973,19.285418398484513,66.04574678378778,87.8514139597566,120.38505457492809,144.99929073311773,43.807414949367214,39.50278667376815,20.239525715085794,49.738892721616004,78.61762730213606,68.51877023614372,165.84167940851174,41.43409282427919,65.80971366092164,41.30932593434728,45.18664124453082,136.84532388623677,170.6735460961972,76.42221450041838,33.394472965640205,74.27312861350033,44.666937758411876,72.82635225910832,37.05645624313308,49.76747162654577,67.87917013917703
topology_dysplasia_5_clean_linfoides.csv,140.28339465460022,23.526239332561204,40.93037689336501,76.04667537955063,35.5455425455759,82.52211816745555,92.7516521673816,40.962304019542984,51.17267831890541,51.116894471198606,71.23548086878102,41.34945176492164,66.39504211599055,21.081066346673275,66.42987132120328,1.7409370852758835e-308,47.38455388979855,30.134648767073173,159.997547975256,60.02604305652119,29.191939402081857,46.27629439638471,25.115042266676596,153.72190033185552,41.72731847497076,80.88102671409695,105.28193794517264,109.08526188486883,79.50642485807478,50.687698727263125,60.99032431688641,42.328279225603524,63.52228684982896,30.546347512800708,76.38634710615275,375.40301205738706,82.61761148693748,45.59325150890092,53.49051689557393,26.88135689960339,40.27312771200408,92.06553182038562,80.90833360280166,90.59133616673716,32.25737166331349,61.784001391968985,105.28193794517263,31.667780519340496,32.36358262607499,157.9868855085952,59.95063020191654,26.645323776737257,62.085684784028984,46.36367526655518,103.88628492328408,130.7832163020492,32.10671550264399,41.8531291243082,36.28202557041709,26.746918690232377,41.44292093184893,47.6194228346487,25.675082898142797,35.305471508783455
topology_dysplasia_17_clean_linfoides.csv,175.42363527247272,38.330273498128975,23.871929805814602,94.6552706635321,39.62678061741673,45.30958702969808,45.36709827758304,59.57089930352444,17.10401056309027,59.7564133272341,78.86970848675895,25.224469677488102,68.58116517461008,56.20927306768191,33.52482582306722,47.38455388979855,8.29442769774597e-309,48.74324405105463,185.2807119328006,79.21487547880486,53.21243836584404,83.99873653074783,33.33728723388265,182.14288811110038,22.855312785990265,71.39986388995611,61.41915613833882,131.53138828359693,46.126709117620486,14.62134628669827,36.51668291067461,89.71283311540208,82.13088213381042,25.206742052493468,88.63949337605783,375.40301205738706,106.16368136806608,25.273926264784322,18.244752670843113,45.48995218358485,68.80609652835187,96.0633853826364,126.81925946568879,70.99230677006489,21.193803728599335,32.2436653073666,68.78421015302072,59.572309870731345,48.54595271441295,165.84167940851177,27.66755130664456,45.253919060718715,25.8619015449339,37.393007030090374,122.49488020726554,170.67354609619724,57.376897069013665,17.139266895215727,55.22781118209562,23.557717497113373,58.755573871054295,32.3580723161964,32.86996741113158,51.45665361637735
topology_ad_dysplasia_1_clean_linfoides.csv,145.4301692763131,25.431591943716086,54.36935162562952,58.53957072784334,41.26770222211965,91.47469862912135,87.6048775456687,30.861840787127818,46.02590369719252,53.02224708235349,76.87573022517134,36.202677143208746,83.51892926789375,31.314529277780846,69.29903865125758,30.134648767073173,48.74324405105463,1.3238039455678657e-308,165.1443225969689,52.250689938671485,42.60100691979363,48.7024693405415,37.80847919364504,158.86867495356842,41.02641310196066,99.96950580813134,100.87092758941202,112.06875104425646,94.86995316867512,51.396441840368,77.37511549946365,47.47505384731642,54.28277432520946,51.383489725249746,76.67561436309418,375.40301205738706,87.08843093678306,39.62936549950663,62.95565070718246,31.74397768338504,26.568317260266213,93.9708844315405,84.58148019760313,99.96950580813134,42.721218436761575,63.83388254951071,102.70855063431618,37.477070512365984,42.24864754739363,131.38090977033244,59.478024506117606,29.198468130654476,67.86018354720517,49.001807739865924,96.67533449760401,135.9299909237621,34.36380436123012,44.813995673473386,38.18737818157197,26.22001829711759,50.24087728611673,43.75375153728544,32.654804768567516,38.34254504922056
topology_carcinoma_5_clean_linfoides.csv,60.23801825003672,172.80203403072494,185.2807119328006,121.56010739231169,175.52561813498613,185.2807119328006,185.2807119328006,153.8962794358423,185.2807119328006,147.62568853782045,134.2186889690136,185.2807119328006,138.80093669044447,151.1728287973726,185.2807119328006,159.997547975256,185.2807119328006,165.1443225969689,8.82420430891191e-309,128.1672263862497,154.16966349921051,123.38336533430672,185.1125902419326,40.4154793796431,185.2807119328006,185.2807119328006,185.2807119328006,75.85071358145763,185.2807119328006,185.2807119328006,185.2807119328006,117.66926874965247,127.21234136595669,182.17535981256106,128.53375930699946,375.40301205738706,101.21842049698847,185.2807119328006,185.2807119328006,163.55446450110492,138.57600533670268,115.73099355849484,80.56284239936576,185.2807119328006,185.2807119328006,185.2807119328006,185.2807119328006,147.80979199432318,158.83614915064157,50.677470497813886,185.2807119328006,167.66785625790664,185.2807119328006,185.2807119328006,94.54208289838408,54.818985842466034,150.00520479604086,185.2807119328006,152.1542906829589,183.82438436794115,174.7358355417523,185.2807119328006,183.245288609037,158.82267604880764
topology_carcinoma_2_clean_linfoides.csv,108.45307306559391,44.63480764447527,84.26074591507752,40.82556686138837,60.25847734719109,114.91520295285534,121.19709873967578,50.167038337006645,83.00299990791171,26.700159566827182,52.294029783849396,73.17977335392794,111.71133605824625,61.205923567228865,99.19043294070559,60.02604305652119,79.21487547880486,52.250689938671485,128.1672263862497,7.11253990620504e-309,72.49240120924165,65.04939580715529,67.22956220158696,121.89157874284922,73.55764006397706,114.91520295285535,121.1970987396758,61.55271659438691,114.91520295285534,82.51802031626943,107.26650978891166,34.94709701942355,21.481215741577667,80.80457273319166,31.25456817443183,375.40301205738706,39.98244314086986,72.54945650181449,92.84704499663047,53.723363346172434,53.10797302233749,43.18429610397297,47.60438398688393,121.1970987396758,72.61261272620959,93.72527683895873,121.19709873967578,66.89214967865394,34.727701032311046,101.95982676239052,91.78095179092284,42.29450232898935,97.75157783665318,72.0396609581949,45.888746170036484,98.9528947130429,55.72092796765962,74.7053899629214,49.92168263901608,55.84663870805721,46.5686091555026,79.449744423655,62.54619905801553,39.791610365569824
topology_dysplasia_8_clean_linfoides.csv,147.66848019960514,32.18803636686797,46.75826136941049,88.5130335322711,33.48454348615573,88.35000264350103,98.57953664342706,53.428662172263444,57.00056279495089,58.485994624501046,79.86221970179088,47.17733624096712,55.77055580527127,35.612159482899955,72.25775579724875,29.191939402081857,53.21243836584404,42.60100691979363,154.16966349921051,72.49240120924165,6.95279279517298e-309,58.74265254910517,30.94292674272208,156.93490961603476,47.55520295101624,77.3792964603355,108.19588018319538,118.35216954909504,85.33430933412026,56.51558320330861,66.81820879293188,46.262537818967814,75.98864500254942,28.00569631335057,81.83706504203192,375.40301205738706,93.32580658026163,39.14316977213903,59.31840137161941,39.34771505232385,52.739485864724536,92.52900299216839,89.43544824168612,96.41922064278265,32.754969123480606,67.61188586801445,108.19588018319537,22.063194909759616,47.23486550624975,162.02203483623413,65.77851467796202,39.11168192945772,67.91356926007447,39.48624006056119,116.35264307600454,131.94035040179216,27.514830382015305,47.68101360035368,44.3075373680237,29.654720868730664,58.834963474871714,53.44730731069418,33.71254807886251,51.206795126536065
topology_dysplasia_18_clean_linfoides.csv,105.72512346055473,49.41866869641825,77.54455953431429,62.94103257285154,52.142252800679415,119.13630080840483,123.58902926564727,41.28536837585091,87.78686095985469,55.584018090730055,71.31977904775232,77.96363440587092,97.96158739810977,51.06353789644368,103.04405396215256,46.27629439638471,83.99873653074783,48.7024693405415,123.38336533430672,65.04939580715529,58.74265254910517,1.5111590352826867e-308,61.72922490762588,117.10771769090624,78.34150111592004,108.1655946252393,123.58902926564727,101.92017243421739,116.12060749902406,87.3018813682124,97.6045069578357,49.29495579844024,53.01295072685774,62.50848535577566,69.72771933188181,375.40301205738706,81.93352705121006,69.92946793704283,90.10469953652321,40.1710991667982,50.840971633600745,77.60419312684897,77.89030117035978,123.58902926564727,63.541267288384404,98.39818403291827,123.58902926564727,53.14240101851746,54.33920287514027,151.48090410106857,96.56481284286582,47.62202838350382,98.69986742497827,66.56828784542552,87.07376555293044,106.42463231017311,41.63126562967781,78.46731176525748,40.13820667205667,60.44101903363446,61.89834695495426,84.23360547559798,59.86192327473029,59.477348016307005
topology_ad_carcinoma_3_clean_linfoides.csv,165.3984369212768,35.53233061280076,38.96339480845754,66.02689188341904,31.18133482271182,76.06874181194937,68.69733809613705,39.99596934732563,28.557008102639145,67.49322582909372,91.61312756067625,28.809533877036984,66.41398495162625,33.939761444559956,53.89308183408559,25.115042266676596,33.33728723388265,37.80847919364504,185.1125902419326,67.22956220158696,30.94292674272208,61.72922490762588,2.1671513615918503e-308,178.83694259853212,27.10688696566919,92.26652739954535,91.18689993012143,122.21352094714132,79.46399635150314,35.990485023196015,61.969158682291656,67.44332149228012,64.08817251374984,30.96088290929214,87.43620419479069,375.40301205738706,101.15701073897276,26.331172896768464,47.549693890010474,37.77835134372805,46.536584905229915,101.4582055871162,104.54974784256683,92.26652739954534,27.31526161958959,48.42792573233873,92.26652739954535,37.30279824760939,54.34821230027768,157.9868855085952,44.07206768894562,42.245709206740884,52.454226730033184,39.89191581654522,107.36711406585437,155.8982585687258,35.17142731400992,29.408038856301403,45.67469933714767,19.141979384853045,58.48361039452196,30.232318885065578,35.59691369067971,45.63211767304142
topology_carcinoma_6_clean_linfoides.csv,38.258757830413316,166.52638638732446,182.14288811110038,115.28445974891122,169.24997049158566,182.14288811110038,182.14288811110038,147.62063179244183,182.14288811110038,141.35004089441998,127.94304132561317,182.14288811110038,157.13645715625188,145.64843197402195,182.14288811110038,153.72190033185552,182.14288811110038,158.86867495356842,40.4154793796431,121.89157874284922,156.93490961603476,117.10771769090624,178.83694259853212,9.70965398554085e-309,182.14288811110038,182.14288811110038,182.14288811110038,69.57506593805715,182.14288811110038,182.14288811110038,182.14288811110038,119.38960542621666,120.93669372255621,175.89971216916058,122.25811166359901,375.40301205738706,94.942772853588,182.14288811110038,182.14288811110038,157.27881685770444,132.3003576933022,109.45534591509437,74.28719475596529,182.14288811110038,180.64898497929062,182.14288811110038,182.14288811110038,151.33465808544702,152.5605015072411,63.31150668190193,182.14288811110038,161.39220861450616,182.14288811110038,182.14288811110038,88.2664352549836,34.671688634341905,143.72955715264038,182.14288811110038,145.87864303955843,177.54873672454067,168.46018789835182,182.14288811110038,176.96964096563653,152.54702840540716
topology_dysplasia_14_clean_linfoides.csv,175.42363527247272,30.613442549035,32.816904935561084,86.93843971443812,31.909949668322753,52.800451259884184,51.02433369241083,51.85406835443047,27.83562379192427,54.099177912406304,71.10940100972556,29.435416924277227,65.36527779670763,50.552037652854125,41.27744490153525,41.72731847497076,22.855312785990265,41.02641310196066,185.2807119328006,73.55764006397706,47.55520295101624,78.34150111592004,27.10688696566919,182.14288811110038,9.71181323049685e-309,75.59127879609801,73.12235254105528,125.87415286876913,53.84354006671447,17.72519449420429,47.86582531130206,84.05559770057428,74.51252508427007,24.874050365114186,80.87918589902444,375.40301205738706,100.50644595323828,36.623068665411765,31.775933107097686,38.17040194912184,63.14886111352408,88.303077905603,121.16202405086099,75.14529600504915,14.800233827535635,40.69494829743557,74.44144556784852,53.91507445590355,42.88871729958515,162.84680140164897,23.434511194735705,37.53708811162474,37.41395866285268,33.56510974699438,114.77804925817156,170.67354609619724,51.71966165418587,25.648396571847663,49.570575767267826,22.64987498916262,53.19155927669182,42.585006967780245,28.346075494083735,51.76481944269359
topology_ad_carcinoma_6_clean_linfoides.csv,175.42363527247272,94.7630205316685,59.00527891782356,122.92551911437008,95.41127409131238,34.95635765405636,44.76342527180519,105.38333343436625,72.2234653749619,101.56512316944176,114.22372822679694,79.83562680146804,92.74802326910152,83.05641719759095,49.48152002054812,80.88102671409695,71.39986388995611,99.96950580813134,185.2807119328006,114.91520295285535,77.3792964603355,108.1655946252393,92.26652739954535,182.14288811110038,75.59127879609801,2.1033161068234667e-308,34.466290226834914,147.3553551420718,35.07375318136884,71.09014547187985,47.25475193943102,113.87969120989352,116.66332484950924,64.648835754706,117.77779135464243,375.40301205738706,130.3305394625575,71.76351224515429,61.65410378211154,98.34285987439645,105.0387452805968,122.55581214517969,144.99929073311773,19.03992418244715,77.15463183842556,47.50638899509194,44.61735205852928,83.73916796522279,97.82837382044636,165.84167940851174,63.342645522683995,98.22484331296337,57.80936607818148,83.22303246209248,137.0068770611619,170.67354609619724,89.46542426520935,75.04172898974245,100.82277103224637,85.65024579403857,93.89455404494612,76.5925954446499,82.49732653243186,95.01939777007044
topology_ad_dysplasia_8_clean_linfoides.csv,175.42363527247272,94.7630205316685,65.0873253177599,124.5006582366448,95.41127409131238,29.449760616691137,47.01161646754319,108.33257221487946,63.08012817248722,111.46786766389042,118.17136744829381,73.09416784529844,115.8802435875784,109.69429753411431,50.11182048881406,105.28193794517264,61.41915613833882,100.87092758941202,185.2807119328006,121.1970987396758,108.19588018319538,123.58902926564727,91.18689993012143,182.14288811110038,73.12235254105528,34.466290226834914,1.07374618282264e-308,147.3553551420718,34.88088865133716,63.446463648250216,45.02737789423851,126.4460775579744,121.67454124982228,83.83989037381983,121.01383227930089,375.40301205738706,134.6715016843064,72.70241691503136,54.7423098341537,102.460785685276,115.9927092644493,127.41521515355322,144.99929073311773,21.611727338425375,79.09061756368979,44.23370081915594,35.35319917709401,111.37581593563903,105.86263735747983,165.84167940851177,58.39100810655209,98.34739392847428,44.90204053662619,76.06359700664868,138.0096704836086,170.67354609619724,110.27810953478019,65.28964783560534,109.20356659132116,82.19086581843973,93.89455404494612,71.69050130648009,82.7699615773439,105.86937390839682
topology_carcinoma_9_clean_linfoides.csv,56.13656026080184,96.95132044926734,127.8645499622152,67.20678337123277,99.6749045535285,147.3553551420718,147.3553551420718,91.05304955379142,135.31951271270378,71.77497495636283,58.367975387556015,125.49628615872001,131.5042603665931,99.7265132312091,147.3553551420718,109.08526188486883,131.53138828359693,112.06875104425646,75.85071358145763,61.55271659438691,118.35216954909504,101.92017243421739,122.21352094714132,69.57506593805715,125.87415286876913,147.3553551420718,147.3553551420718,1.3886547631705016e-308,147.3553551420718,134.8345331210615,145.1371587106848,72.08963173012722,67.80336939571302,127.8645499622152,52.68304572554186,375.40301205738706,27.82717198675512,117.56633952137199,137.6373512893723,96.6077795095641,107.79345149440104,39.88027997703722,39.7540635917788,147.3553551420718,111.0739190412335,145.93083578576733,147.3553551420718,111.8710201861214,82.98543556918398,61.03554893928214,144.09746459571488,91.81714267644901,146.23251917782733,122.1610394701155,24.309776565312774,52.061663220552475,96.46553926136977,125.99996351810657,89.1108514905664,116.60183021086434,98.88512196029467,131.76625722844705,107.39457502757938,82.97196246735001
topology_ad_carcinoma_5_clean_linfoides.csv,175.42363527247272,84.45698261574947,40.500601543045605,122.92551911437008,85.75348973503722,30.6276565081954,15.796139142323048,105.38333343436625,50.90698824886399,98.56296359732607,114.22372822679694,61.37126426668016,100.70303614288629,88.33114403595813,30.352508658879955,79.50642485807478,46.126709117620486,94.86995316867512,185.2807119328006,114.91520295285534,85.33430933412026,116.12060749902406,79.46399635150314,182.14288811110038,53.84354006671447,35.07375318136884,34.88088865133716,147.3553551420718,1.738621226114838e-308,44.852097728078974,18.516100541188365,121.8347040836783,116.66332484950924,57.328613020769694,117.77779135464243,375.40301205738706,134.6715016843064,55.24058766916849,31.914302461492667,91.61666130120534,105.00843211360603,123.77297927483593,144.99929073311773,26.316005648975192,53.19893106229904,31.036070619164406,36.66233918474451,91.69418083900757,90.58768919330518,165.84167940851174,36.79426134466249,91.38062817833921,27.009769621469953,64.39962684516564,138.0096704836086,170.67354609619724,89.49876803728989,50.519130268110075,96.5764836169052,69.50452348154357,88.51319474297347,53.23255400161716,62.94821498584437,87.09215573981186
topology_dysplasia_15_clean_linfoides.csv,175.42363527247272,40.98347128744234,20.211072595530254,97.30846845284546,42.279978406730095,46.359201427684994,42.06395344011847,62.22409709283781,24.04846064599657,63.05955816469867,79.90488667769918,30.004001223540754,71.88431001207465,59.51241790514649,36.697215411227546,50.687698727263125,14.62134628669827,51.396441840368,185.2807119328006,82.51802031626943,56.51558320330861,87.3018813682124,35.990485023196015,182.14288811110038,17.72519449420429,71.09014547187985,63.446463648250216,134.8345331210615,44.852097728078974,9.58108362558782e-309,35.233644531072784,93.01597795286665,84.78407992312378,28.50988688995804,87.32205044090537,375.40301205738706,109.46682620553065,23.990887885182488,21.648687611628283,48.143149972898215,72.10924136581644,96.56905451446471,130.12240430315336,66.59739159538009,23.760614079828002,30.087209657282855,65.48106531555615,62.87545470819592,51.84909755187752,165.84167940851177,18.078691028980145,47.90711685003208,26.941822021221512,29.944993417465476,125.1480779965789,170.67354609619724,60.68004190647824,22.274961345125817,58.53095601956019,26.860862334577945,60.42492201004791,42.24087540540768,34.77210926534265,56.56192754678567
