,topology_ad_carcinoma_11_clean_linfoides.csv,topology_dysplasia_6_clean_linfoides.csv,topology_ad_dysplasia_7_clean_linfoides.csv,topology_carcinoma_18_clean_linfoides.csv,topology_ad_dysplasia_3_clean_linfoides.csv,topology_ad_dysplasia_9_clean_linfoides.csv,topology_ad_carcinoma_8_clean_linfoides.csv,topology_carcinoma_14_clean_linfoides.csv,topology_dysplasia_10_clean_linfoides.csv,topology_dysplasia_1_clean_linfoides.csv,topology_carcinoma_3_clean_linfoides.csv,topology_carcinoma_13_clean_linfoides.csv,topology_ad_carcinoma_13_clean_linfoides.csv,topology_dysplasia_9_clean_linfoides.csv,topology_carcinoma_20_clean_linfoides.csv,topology_dysplasia_5_clean_linfoides.csv,topology_dysplasia_17_clean_linfoides.csv,topology_ad_dysplasia_1_clean_linfoides.csv,topology_carcinoma_5_clean_linfoides.csv,topology_carcinoma_2_clean_linfoides.csv,topology_dysplasia_8_clean_linfoides.csv,topology_dysplasia_18_clean_linfoides.csv,topology_ad_carcinoma_3_clean_linfoides.csv,topology_carcinoma_6_clean_linfoides.csv,topology_dysplasia_14_clean_linfoides.csv,topology_ad_carcinoma_6_clean_linfoides.csv,topology_ad_dysplasia_8_clean_linfoides.csv,topology_carcinoma_9_clean_linfoides.csv,topology_ad_carcinoma_5_clean_linfoides.csv,topology_dysplasia_15_clean_linfoides.csv,topology_ad_carcinoma_4_clean_linfoides.csv,topology_dysplasia_7_clean_linfoides.csv,topology_dysplasia_2_clean_linfoides.csv,topology_ad_carcinoma_1_clean_linfoides.csv,topology_carcinoma_11_clean_linfoides.csv,topology_ad_carcinoma_15_clean_linfoides.csv,topology_carcinoma_10_clean_linfoides.csv,topology_ad_carcinoma_7_clean_linfoides.csv,topology_carcinoma_17_clean_linfoides.csv,topology_ad_carcinoma_2_clean_linfoides.csv,topology_carcinoma_12_clean_linfoides.csv,topology_carcinoma_8_clean_linfoides.csv,topology_carcinoma_4_clean_linfoides.csv,topology_ad_dysplasia_5_clean_linfoides.csv,topology_ad_dysplasia_2_clean_linfoides.csv,topology_ad_carcinoma_10_clean_linfoides.csv,topology_ad_carcinoma_14_clean_linfoides.csv,topology_ad_carcinoma_12_clean_linfoides.csv,topology_dysplasia_3_clean_linfoides.csv,topology_dysplasia_4_clean_linfoides.csv,topology_ad_dysplasia_6_clean_linfoides.csv,topology_dysplasia_11_clean_linfoides.csv,topology_ad_dysplasia_4_clean_linfoides.csv,topology_dysplasia_16_clean_linfoides.csv,topology_carcinoma_19_clean_linfoides.csv,topology_carcinoma_7_clean_linfoides.csv,topology_dysplasia_19_clean_linfoides.csv,topology_dysplasia_12_clean_linfoides.csv,topology_dysplasia_13_clean_linfoides.csv,topology_ad_carcinoma_9_clean_linfoides.csv,topology_carcinoma_1_clean_linfoides.csv,topology_carcinoma_16_clean_linfoides.csv,topology_ad_dysplasia_10_clean_linfoides.csv,topology_carcinoma_15_clean_linfoides.csv
topology_ad_carcinoma_11_clean_linfoides.csv,1.9527675573071916e-308,70.81498590851163,93.51281797793428,69.44444515062182,36.30061887485033,34.047534869502115,73.76207013235418,53.62791988711922,69.85105393666345,72.20556640497134,100.319491540365,82.25505210883506,34.095491015670405,91.34908531075263,55.03250487421789,74.1902893697187,71.58739905360986,55.71710051371157,129.6133958536194,85.3032196684737,47.84329391605695,119.0792249536421,128.97671302738587,83.94652103781243,51.93357760054775,41.212042643030486,34.047534869502115,114.12655467350541,59.46351312627023,48.28071896932525,34.04753486950213,60.30410346122926,108.59112698936869,38.993779620447754,64.28843059851278,47.21034825448541,76.3375454345894,36.51294007201335,61.43302424708338,76.56918079786792,72.44980055819815,57.761935128858,87.02292767062579,34.32338756109171,82.49440750923807,73.9061178594147,54.74033854195764,34.04753486950213,67.50921907380547,88.11350126780485,67.47687880007953,50.927431589357894,34.047534869502115,29.3524653810332,105.91009754396222,114.56210149373447,70.44838133867293,56.19667872280692,55.97852551527208,76.39481751772615,91.17501518252686,96.35145492146765,61.290605885174216,81.41344361792318
topology_dysplasia_6_clean_linfoides.csv,70.81498590851163,1.035853441999321e-308,84.71651121367734,57.81042995859144,70.81498590851163,84.71651121367734,80.17827057154335,70.81498590851163,70.81498590851163,70.81498590851163,66.2599378846812,70.81498590851163,84.71651121367734,37.75679996567891,79.71974538030133,70.81498590851163,70.81498590851163,70.81498590851163,79.7412025833491,70.81498590851163,70.81498590851163,84.33321699242799,123.01785477000391,67.34361242906931,70.81498590851163,84.71651121367734,84.71651121367734,97.58100668894139,84.71651121367734,70.81498590851163,84.71651121367734,62.33297738571116,111.67844029294554,77.93711107229552,68.7380959792078,63.221309406575585,69.0779513847782,77.97915927494705,70.81498590851163,70.81498590851163,70.81498590851163,68.730155988093,83.13280876230144,84.71651121367734,70.81498590851163,72.3093049535749,70.81498590851163,81.57355189056366,70.81498590851163,62.0696167019463,70.81498590851163,70.81498590851163,84.71651121367734,70.81498590851163,76.71471412965252,108.20621583125177,70.81498590851163,70.81498590851163,70.81498590851163,70.81498590851163,70.81498590851163,70.81498590851163,70.81498590851163,70.81498590851163
topology_ad_dysplasia_7_clean_linfoides.csv,93.51281797793428,84.71651121367734,1.1810808455952687e-308,79.46769579232108,79.97173322652728,104.2204121313165,52.197955139773455,82.71827952062009,91.09065136771932,76.55083425530131,100.10902651037992,72.27053587363719,74.08241459710953,96.00961812361712,52.197955139773455,63.846314964561685,79.50896530526668,69.93830949051232,121.18003409312416,85.3032196684737,56.11732727204074,109.63232124622942,112.72660477005476,96.84037328544468,85.7476820627335,106.02194419203221,82.54995787331461,114.12655467350541,74.33616221521919,74.18593197411414,78.30260240833493,59.60955820996327,92.97861493340997,54.51903835748654,73.0255392761868,67.96357064321981,83.90247034715941,92.9670047530638,76.94589337470202,79.67624270540867,76.53036079621097,77.5494688955394,87.02292767062579,106.02194419203221,66.48575384517105,52.197955139773455,52.197955139773455,80.83806020008169,69.4396299816002,78.19359132586953,52.197955139773455,83.53691297566724,106.02194419203221,92.6195621521961,95.8552766543429,114.56210149373447,70.01673056160107,69.16828365687707,75.56838536739346,72.58534383668297,90.88145166917698,99.54553094981986,86.61368921509813,89.75974461808966
topology_carcinoma_18_clean_linfoides.csv,69.44444515062182,57.81042995859144,79.46769579232108,1.1159530589999103e-308,69.44444515062182,69.44444515062182,69.44444515062185,69.44444515062182,69.44444515062185,69.44444515062185,58.112799144197936,69.44444515062185,69.44444515062182,70.03757128754864,69.44444515062182,69.44444515062185,69.44444515062185,69.44444515062185,80.8156652694702,75.8731372821976,69.44444515062182,113.59018527561744,116.68446879944278,81.64548456436614,69.44444515062182,69.44444515062182,69.44444515062182,95.51702497213108,69.44444515062182,69.44444515062182,69.44444515062182,63.37760228814409,96.29888276142557,69.44444515062182,69.44444515062185,57.81042995859144,40.57226669123145,69.44444515062182,69.44444515062185,69.44444515062185,69.44444515062185,67.58337082398072,70.81841692559468,69.44444515062182,69.44444515062185,69.44444515062185,69.44444515062182,58.29553607443955,69.44444515062185,49.59869301728946,69.44444515062185,69.44444515062185,69.44444515062182,69.44444515062182,71.93019922972718,106.14223411444146,69.44444515062185,69.44444515062182,69.44444515062185,69.44444515062185,88.87397870908057,77.90756651281538,69.44444515062185,69.44444515062185
topology_ad_dysplasia_3_clean_linfoides.csv,36.30061887485033,70.81498590851163,79.97173322652728,69.44444515062182,1.179628897435499e-308,54.90109493523343,71.12895936154172,55.56994548101318,73.17875360704329,79.73000715320785,100.319491540365,79.3887871972808,51.04275274675402,91.34908531075263,45.50558746183572,80.0719662552226,54.7529638221514,54.33570142978252,129.6133958536194,84.48016934819901,43.8887504259352,127.6013003045787,148.4907609552793,87.27422070819227,29.257966746236164,54.90109493523343,54.90109493523343,114.12655467350541,54.90109493523343,25.179647806429728,33.42730066462667,59.778267510862875,132.62826069774155,36.74230691573925,79.95229871889674,42.24017174006542,86.14127593710776,35.74913693925126,63.70057266563029,85.48952834036172,74.68122836491438,61.08963479923784,101.7798070072001,54.90109493523343,70.06211343475394,60.36503310800771,46.7683390302123,33.00789907404115,76.21334952201627,98.8734363377518,53.93579404867255,65.33550604512286,54.90109493523343,39.655962746848644,105.42736087525009,114.56210149373447,44.175163803031126,57.948255409634896,52.174935020143664,49.90414222216117,94.5027148529067,81.36201317315499,64.61830555555406,80.46111326668569
topology_ad_dysplasia_9_clean_linfoides.csv,34.047534869502115,84.71651121367734,104.2204121313165,69.44444515062182,54.90109493523343,1.3526498162779465e-308,76.80056491036243,62.669812132043134,91.09065136771929,83.11404967253691,100.319491540365,101.21880052435043,35.457194195293184,96.70211036539558,64.98918012489915,80.0719662552226,82.50896080693943,69.93830949051232,129.6133958536194,100.05428713609257,63.08255981391885,127.6013003045787,148.4907609552793,102.09068942289053,60.96634650064888,41.212042643030486,21.670454258001882,114.12655467350541,43.44099552532005,67.57138579427357,39.80572418199098,61.739234011550366,132.62826069774155,62.99895871705077,79.95229871889674,63.63459340704409,86.14127593710776,43.753951417936364,76.94589337470202,85.48952834036172,93.96239533284876,66.20901967949726,101.7798070072001,35.41329989444033,96.67514134328852,78.3212856575608,57.778833319965884,47.66460170850077,76.21334952201627,98.8734363377518,86.99767061488211,83.53691297566724,18.548115068826135,41.01754125795607,108.4784492325179,114.56210149373447,80.73981768520395,69.16828365687707,75.56838536739343,83.54636074123616,100.95734672586678,108.19551341637012,69.86991304624436,89.75974461808963
topology_ad_carcinoma_8_clean_linfoides.csv,73.76207013235418,80.17827057154335,52.197955139773455,69.44444515062185,71.12895936154172,76.80056491036243,2.058127517964146e-308,72.54545698132293,91.09065136771929,80.77785601038875,100.319491540365,84.53866913116462,65.23964073212397,96.70211036539558,42.06517874251281,80.0719662552226,72.93038395426868,69.93830949051232,129.6133958536194,96.97096726268893,45.51229111687198,127.6013003045787,148.4907609552793,102.09068942289053,60.96634650064888,87.89063364906238,73.15130177386962,114.12655467350541,46.91631499426512,55.361622727403784,69.45982854334937,53.24990604574177,132.62826069774155,45.67626449250096,79.95229871889677,59.12079677823425,86.14127593710776,84.12423088807824,76.94589337470202,85.48952834036174,79.8311102987982,67.05554344194667,101.7798070072001,87.89063364906238,75.21199536863776,29.73749729160363,49.91332647134996,67.23272919925637,76.2133495220163,98.8734363377518,54.14234559575603,83.53691297566724,81.49421414355487,65.19971493124203,108.4784492325179,114.56210149373447,61.173956696615505,66.14147006387017,75.56838536739346,63.74256997169741,100.95734672586678,99.54553094981986,72.52245103142732,89.75974461808963
topology_carcinoma_14_clean_linfoides.csv,53.62791988711922,70.81498590851163,82.71827952062009,69.44444515062182,55.56994548101318,62.669812132043134,72.54545698132293,1.131348778387411e-308,55.40689896483008,58.62512998014026,100.319491540365,71.94931999936773,62.669812132043134,91.34908531075263,62.66981213204315,32.4860267015973,55.40689896483008,40.07142703756992,129.6133958536194,77.04070215028594,62.66981213204315,73.46980695226489,112.1544447298408,47.13747935451573,55.40689896483008,62.669812132043134,62.669812132043134,114.12655467350541,62.669812132043134,62.66981213204315,62.669812132043134,55.40689896483008,100.81503025278244,62.66981213204315,51.44132877796841,57.16453717678718,86.14127593710776,62.669812132043134,57.063028234257985,38.55951172952359,67.2417611670013,55.28649658972617,73.8217729255868,62.669812132043134,62.622646236840865,63.11157940210052,55.40689896483008,62.669812132043134,55.79353724093886,98.8734363377518,62.66981213204315,52.4858828737689,62.669812132043134,62.669812132043134,108.4784492325179,114.56210149373447,52.92437994192119,55.40689896483008,34.95175430357946,62.66981213204315,68.72233842196084,73.92254597524192,44.40677496731462,64.20340406014097
topology_dysplasia_10_clean_linfoides.csv,69.85105393666345,70.81498590851163,91.09065136771932,69.44444515062185,73.17875360704329,91.09065136771929,91.09065136771929,55.40689896483008,1.001045117857116e-308,58.39411911059349,100.319491540365,66.78761897994943,91.09065136771929,91.34908531075263,91.09065136771929,36.80817387693986,45.45076960877745,50.18851172098721,129.6133958536194,78.77579047643894,91.09065136771929,83.67070089978324,94.54563660381069,54.42739409179387,67.94700827491766,91.09065136771929,91.09065136771929,114.12655467350541,91.09065136771929,77.59758146741552,91.09065136771929,65.03491162718714,92.97861493340997,91.09065136771929,73.0255392761868,74.77334530281729,86.14127593710776,91.09065136771929,34.87626423739164,46.917719180145355,50.29885753702291,61.61950210349559,87.02292767062579,91.09065136771929,46.541683938935364,91.09065136771929,63.20607183853997,91.09065136771929,68.29285330277389,92.88022106872319,80.47285850052896,32.89636440927481,91.09065136771929,83.11870364035241,95.8552766543429,114.56210149373447,53.52288699200258,49.203364501797296,43.18848952332638,47.24821971092149,87.00686713192022,70.80088769096994,42.76491161193427,69.89998778450064
topology_dysplasia_1_clean_linfoides.csv,72.20556640497134,70.81498590851163,76.55083425530131,69.44444515062185,79.73000715320785,83.11404967253691,80.77785601038875,58.62512998014026,58.39411911059349,1.2008051900300977e-308,100.319491540365,37.345127106106816,83.11404967253691,91.34908531075263,80.77785601038875,58.29097258354517,72.58358073918419,43.11514961285991,129.31541028981326,38.40281942199971,80.77785601038875,74.215255375391,87.99438305764613,44.754843957828,76.55083425530131,83.11404967253691,83.11404967253691,114.12655467350541,83.11404967253691,80.77785601038875,80.77785601038875,58.48358455284057,76.65496858058776,80.77785601038875,33.1593853131958,80.77785601038875,72.64060255448601,80.77785601038875,65.94825965049361,71.5863158348107,51.21732566777354,60.48980427247642,59.94160689980515,83.11404967253691,69.1298887170743,80.77785601038875,76.55083425530131,80.77785601038875,42.86231393044534,86.32896752255863,80.77785601038875,59.14222158817665,83.11404967253691,80.77785601038875,87.7423970359335,114.56210149373447,53.09983978567374,55.754618047961856,58.6103373562205,65.94825965049361,41.12791288295767,45.471072965982756,62.02303250001893,27.371158276108645
topology_carcinoma_3_clean_linfoides.csv,100.319491540365,66.2599378846812,100.10902651037992,58.112799144197936,100.319491540365,100.319491540365,100.319491540365,100.319491540365,100.319491540365,100.319491540365,1.8667000819901824e-308,100.319491540365,100.319491540365,82.13805488094516,100.319491540365,100.319491540365,100.319491540365,100.319491540365,79.7412025833491,100.319491540365,100.319491540365,100.319491540365,100.319491540365,100.319491540365,100.319491540365,100.319491540365,100.319491540365,60.2014818001889,100.319491540365,100.319491540365,100.319491540365,83.96246376066546,77.31930501814247,100.319491540365,87.84299524719,71.24506255812179,51.18320258054712,100.319491540365,100.319491540365,93.8449526497401,100.319491540365,94.01792043152489,62.09917458714173,100.319491540365,100.319491540365,100.319491540365,100.319491540365,93.61107924638173,100.319491540365,51.53692117993057,100.319491540365,100.319491540365,100.319491540365,100.319491540365,66.8972286094712,87.74055203914583,100.319491540365,100.319491540365,100.319491540365,100.319491540365,94.74740537837377,100.319491540365,100.319491540365,100.319491540365
topology_carcinoma_13_clean_linfoides.csv,82.25505210883506,70.81498590851163,72.27053587363719,69.44444515062185,79.3887871972808,101.21880052435043,84.53866913116462,71.94931999936773,66.78761897994943,37.345127106106816,100.319491540365,8.51581370193471e-309,101.21880052435043,91.34908531075263,90.4283888106927,71.0293065163689,72.1448599126391,47.942461350477174,129.6133958536194,44.901024364573004,74.62421888844176,73.62457356203663,112.30921133961255,40.34570509704372,72.27053587363719,101.21880052435043,101.21880052435043,114.12655467350541,101.21880052435043,72.27053587363719,101.21880052435043,61.94572341327569,100.96979686255418,88.64575450268688,52.52828755810174,73.92995283696695,86.14127593710776,88.68780270533841,66.78761897994943,70.17282270727276,36.938891622979384,75.69401761770274,73.97653953535854,101.21880052435043,72.27053587363719,83.01794838396626,72.27053587363719,92.28219532095503,50.99100914360616,98.8734363377518,72.1448599126391,63.465339508916315,101.21880052435043,72.1448599126391,108.4784492325179,114.56210149373447,49.25187777367893,53.421680909104396,56.7509449481218,63.275738549852406,39.610443578632555,36.914701744123306,55.99024309496997,45.18104294174128
topology_ad_carcinoma_13_clean_linfoides.csv,34.095491015670405,84.71651121367734,74.08241459710953,69.44444515062182,51.04275274675402,35.457194195293184,65.23964073212397,62.669812132043134,91.09065136771929,83.11404967253691,100.319491540365,101.21880052435043,1.7804257051198283e-308,96.70211036539558,54.886776309916314,80.0719662552226,82.50896080693943,69.93830949051232,129.6133958536194,100.05428713609257,57.97566514083556,127.6013003045787,148.4907609552793,102.09068942289053,60.96634650064888,41.657423280177184,32.067406576675666,114.12655467350541,45.9289360583565,67.57138579427357,25.87542869933054,61.739234011550366,132.62826069774155,41.78578544134794,79.95229871889674,56.50158710706788,86.14127593710776,41.74373723869641,76.94589337470202,85.48952834036172,93.96239533284876,66.20901967949726,101.7798070072001,32.32437787656531,96.67514134328852,55.68991614795138,51.76661896768225,38.1493446230798,76.21334952201627,98.8734363377518,61.30011005737882,83.53691297566724,36.15183478201426,42.81447853261075,108.4784492325179,114.56210149373447,80.73981768520395,69.16828365687707,75.56838536739343,83.54636074123616,100.95734672586678,108.19551341637012,69.86991304624436,89.75974461808963
topology_dysplasia_9_clean_linfoides.csv,91.34908531075263,37.75679996567891,96.00961812361712,70.03757128754864,91.34908531075263,96.70211036539558,96.70211036539558,91.34908531075263,91.34908531075263,91.34908531075263,82.13805488094516,91.34908531075263,96.70211036539558,9.030843226661197e-309,96.70211036539558,91.34908531075263,91.34908531075263,91.34908531075263,79.7412025833491,91.34908531075263,94.8753474485751,91.34908531075263,92.05808277947921,91.34908531075263,91.34908531075263,96.70211036539558,96.70211036539558,59.82420672326248,96.70211036539558,91.34908531075263,96.70211036539558,73.77027579820822,80.95563934038361,96.70211036539558,88.22027032411643,77.26089912714878,69.0779513847782,96.70211036539558,91.34908531075263,91.34908531075263,91.34908531075263,75.69983289537367,79.82140992349835,96.70211036539558,91.34908531075263,96.70211036539558,91.34908531075263,96.70211036539558,91.34908531075263,66.68396616821624,91.34908531075263,91.34908531075263,96.70211036539558,91.34908531075263,76.71471412965252,87.74055203914583,91.34908531075263,91.34908531075263,91.34908531075263,91.34908531075263,91.34908531075263,91.34908531075263,91.34908531075263,91.34908531075263
topology_carcinoma_20_clean_linfoides.csv,55.03250487421789,79.71974538030133,52.197955139773455,69.44444515062182,45.50558746183572,64.98918012489915,42.06517874251281,62.66981213204315,91.09065136771929,80.77785601038875,100.319491540365,90.4283888106927,54.886776309916314,96.70211036539558,1.058739721390155e-308,80.0719662552226,72.93038395426868,65.0487230998329,129.6133958536194,100.05428713609257,33.23872413506501,127.6013003045787,148.4907609552793,102.09068942289053,49.34137368213925,65.94610724495462,54.886776309916314,114.12655467350541,46.94531121698893,42.06517874251281,54.886776309916314,37.57908380797937,132.62826069774155,45.79276297150986,79.95229871889674,50.61736751605696,86.14127593710776,53.331911937315994,74.84512841036559,85.48952834036172,85.72082997832626,66.20901967949726,101.7798070072001,65.94610724495462,81.10171504816583,44.10823618451852,49.44882649973687,52.036202229053,76.21334952201627,98.8734363377518,44.78115208978579,83.53691297566724,65.94610724495462,54.886776309916314,108.4784492325179,114.56210149373447,52.76204444842671,58.98859904469725,75.56838536739343,60.94374383557306,100.95734672586678,99.54553094981986,69.86991304624436,89.75974461808963
topology_dysplasia_5_clean_linfoides.csv,74.1902893697187,70.81498590851163,63.846314964561685,69.44444515062185,80.0719662552226,80.0719662552226,80.0719662552226,32.4860267015973,36.80817387693986,58.29097258354517,100.319491540365,71.0293065163689,80.0719662552226,91.34908531075263,80.0719662552226,1.0378634318224064e-308,54.61358312396038,53.86974078822999,124.89460059366644,67.54013185202075,80.0719662552226,70.47064195005174,83.57357336149931,49.40118126541114,78.91907151722904,80.0719662552226,80.0719662552226,114.12655467350541,80.0719662552226,80.0719662552226,80.0719662552226,62.90439424898739,86.37989824415371,80.0719662552226,51.44132877796841,80.0719662552226,69.0779513847782,80.0719662552226,44.31889837844034,42.522859555692975,61.224054965731995,54.90014607636624,75.2365197927852,80.0719662552226,69.92273273656292,80.0719662552226,74.17813508085135,80.0719662552226,63.09362374066092,81.90815782641181,80.0719662552226,39.70168599689174,80.0719662552226,80.0719662552226,83.32158733978667,114.56210149373447,57.520649481820556,60.175427744108674,31.975881829211005,65.16907192526,66.05652758976373,81.22263247496397,26.962913390815714,64.642005329976
topology_dysplasia_17_clean_linfoides.csv,71.58739905360986,70.81498590851163,79.50896530526668,69.44444515062185,54.7529638221514,82.50896080693943,72.93038395426868,55.40689896483008,45.45076960877745,72.58358073918419,100.319491540365,72.1448599126391,82.50896080693943,91.34908531075263,72.93038395426868,54.61358312396038,8.836450194108497e-309,50.18851172098721,129.6133958536194,78.77579047643894,71.27282241046527,76.97597004001312,115.66060781758904,54.42739409179387,72.93038395426868,82.50896080693943,82.50896080693943,114.12655467350541,82.50896080693943,72.93038395426868,82.50896080693943,52.520450649188774,104.32119334053067,72.93038395426868,69.16230856665945,53.658374089038944,86.14127593710776,72.93038395426868,56.26525832418305,61.874930764871294,49.78198524472117,57.376978615577,80.90194116491517,82.50896080693943,72.93038395426868,72.93038395426868,72.93038395426868,72.93038395426868,68.29285330277389,98.8734363377518,59.35788728675061,39.32910536147466,82.50896080693943,62.00373242657406,108.4784492325179,114.56210149373447,49.706200876342166,45.5363977409167,43.18848952332638,47.36520207107813,70.4938057491517,76.78066366718917,31.354419719840564,66.55884565520992
topology_ad_dysplasia_1_clean_linfoides.csv,55.71710051371157,70.81498590851163,69.93830949051232,69.44444515062185,54.33570142978252,69.93830949051232,69.93830949051232,40.07142703756992,50.18851172098721,43.11514961285991,100.319491540365,47.942461350477174,69.93830949051232,91.34908531075263,65.0487230998329,53.86974078822999,50.18851172098721,1.293491894815479e-308,129.6133958536194,64.55578496093642,50.18851172098721,87.24600162049691,106.26421332426202,57.238707547810634,51.362243638725374,69.93830949051232,69.93830949051232,114.12655467350541,69.93830949051232,50.263136898772416,69.93830949051232,40.213754286224685,94.92479884720365,63.26608879182709,47.80157734774099,60.65305911226088,86.14127593710776,63.308136994478616,50.554157342363396,51.95120759477567,38.091196290311416,55.71710051371157,69.47621323038425,69.93830949051232,47.811033473590996,65.95745697288942,54.33570142978252,66.90252961009523,48.964804402072446,98.8734363377518,57.60646205268473,50.18851172098721,69.93830949051232,54.33570142978252,106.01222730254938,114.56210149373447,39.92672673102348,50.18851172098721,26.957457171215026,50.18851172098721,64.46720169252507,66.18741681508794,43.1531473782934,65.28651690861864
topology_carcinoma_5_clean_linfoides.csv,129.6133958536194,79.7412025833491,121.18003409312416,80.8156652694702,129.6133958536194,129.6133958536194,129.6133958536194,129.6133958536194,129.6133958536194,129.31541028981326,79.7412025833491,129.6133958536194,129.6133958536194,79.7412025833491,129.6133958536194,124.89460059366644,129.6133958536194,129.6133958536194,1.613711661728268e-308,129.6133958536194,129.6133958536194,80.00566500974304,89.74147294463154,121.77119673482883,129.6133958536194,129.6133958536194,129.6133958536194,70.10415657767268,129.6133958536194,129.6133958536194,129.6133958536194,121.47926480443007,76.90462683504904,129.6133958536194,108.91400282993425,99.47675450935131,73.47638600321042,129.6133958536194,129.6133958536194,114.91596023248434,129.6133958536194,126.44897789634462,79.7412025833491,129.6133958536194,129.6133958536194,129.6133958536194,129.6133958536194,114.68208682912598,124.4083561451128,78.29163284007774,129.6133958536194,129.6133958536194,129.6133958536194,129.6133958536194,57.70056117528861,78.01920471243119,129.6133958536194,129.6133958536194,129.6133958536194,129.6133958536194,114.5427025901144,129.6133958536194,129.6133958536194,129.6133958536194
topology_carcinoma_2_clean_linfoides.csv,85.3032196684737,70.81498590851163,85.3032196684737,75.8731372821976,84.48016934819901,100.05428713609257,96.97096726268893,77.04070215028594,78.77579047643894,38.40281942199971,100.319491540365,44.901024364573004,100.05428713609257,91.34908531075263,100.05428713609257,67.54013185202075,78.77579047643894,64.55578496093642,129.6133958536194,1.1000524400743514e-308,87.05651701996607,61.192275430512325,99.18331501495538,41.833075271357814,85.3032196684737,100.05428713609257,100.05428713609257,114.12655467350541,100.05428713609257,85.3032196684737,100.05428713609257,74.37802154479999,87.84390053789701,100.05428713609257,49.79357158897648,85.3501003304483,83.82953451179526,100.05428713609257,78.77579047643894,78.77579047643894,52.66055337060038,62.999188734697015,60.85064321070138,100.05428713609257,85.3032196684737,95.45024651549056,85.3032196684737,100.05428713609257,49.82481599340798,97.51789947986788,78.77579047643894,78.24833028103063,100.05428713609257,78.77579047643894,98.93132899324274,114.56210149373447,65.86520138413817,70.03500451956364,68.93097937962577,78.77579047643894,34.641909081242545,59.750565081908405,68.93097937962577,32.15828256734284
topology_dysplasia_8_clean_linfoides.csv,47.84329391605695,70.81498590851163,56.11732727204074,69.44444515062182,43.8887504259352,63.08255981391885,45.51229111687198,62.66981213204315,91.09065136771929,80.77785601038875,100.319491540365,74.62421888844176,57.97566514083556,94.8753474485751,33.23872413506501,80.0719662552226,71.27282241046527,50.18851172098721,129.6133958536194,87.05651701996607,2.094659501835853e-308,127.6013003045787,148.4907609552793,102.09068942289053,38.248148564307485,63.08255981391885,63.08255981391885,114.12655467350541,56.830765236987986,35.35035347032672,57.97566514083556,35.198637910363914,132.62826069774155,40.64130839273429,79.95229871889674,52.46140882298653,86.14127593710776,54.92110475687812,59.040958488114654,85.48952834036172,69.91666005607533,66.20901967949726,101.7798070072001,63.08255981391885,65.2975451259149,36.795618048644144,45.881212195339344,45.62103593292238,76.21334952201627,98.8734363377518,41.32601546080585,70.58806431055251,63.08255981391885,51.254324195380434,108.4784492325179,114.56210149373447,41.05491475196345,43.18442912244632,71.38397503734399,45.139573913322124,100.95734672586678,95.23885632780122,69.86991304624436,88.0775885338488
topology_dysplasia_18_clean_linfoides.csv,119.0792249536421,84.33321699242799,109.63232124622942,113.59018527561744,127.6013003045787,127.6013003045787,127.6013003045787,73.46980695226489,83.67070089978324,74.215255375391,100.319491540365,73.62457356203663,127.6013003045787,91.34908531075263,127.6013003045787,70.47064195005174,76.97597004001312,87.24600162049691,80.00566500974304,61.192275430512325,127.6013003045787,1.297198378494421e-308,53.562920511222615,59.96038118587333,123.80800710115244,127.6013003045787,127.6013003045787,114.12655467350544,127.6013003045787,127.6013003045787,127.6013003045787,107.79332983291079,47.82051907365468,127.6013003045787,62.20358897656706,127.6013003045787,106.25090600935766,127.6013003045787,89.20783396236374,53.58585497346212,78.33213239440306,67.95011763404023,62.65977387024461,127.6013003045787,95.03500058093982,127.6013003045787,119.06707066477475,127.6013003045787,68.95144251130526,94.47495017614222,127.6013003045787,78.80796792129155,127.6013003045787,127.6013003045787,76.71471412965252,114.56210149373447,102.40958506574395,105.06436332803207,76.8648174131344,103.10921853715627,54.376163499097004,76.4748329695048,70.83328227965745,66.55884565520992
topology_ad_carcinoma_3_clean_linfoides.csv,128.97671302738587,123.01785477000391,112.72660477005476,116.68446879944278,148.4907609552793,148.4907609552793,148.4907609552793,112.1544447298408,94.54563660381069,87.99438305764613,100.319491540365,112.30921133961255,148.4907609552793,92.05808277947921,148.4907609552793,83.57357336149931,115.66060781758904,106.26421332426202,89.74147294463154,99.18331501495538,148.4907609552793,53.562920511222615,1.590289346313329e-308,80.45016950266171,148.4907609552793,148.4907609552793,148.4907609552793,114.12655467350544,148.4907609552793,148.4907609552793,148.4907609552793,131.5294784483055,82.20135153534022,148.4907609552793,69.48394887499805,148.4907609552793,109.345189533183,148.4907609552793,127.89247173993965,73.59493300031721,117.01677017197898,98.43651550629153,71.05797308397172,148.4907609552793,121.63588510213941,148.4907609552793,148.4907609552793,148.4907609552793,83.08732891294568,97.56923369996755,148.4907609552793,116.3453659175018,148.4907609552793,148.4907609552793,79.77263742381018,137.11028787052635,141.09422284331987,143.749001105608,115.54945519071032,141.79385631473218,73.22167535794728,91.69457390025309,103.10608465529992,102.18804746054968
topology_carcinoma_6_clean_linfoides.csv,83.94652103781243,67.34361242906931,96.84037328544468,81.64548456436614,87.27422070819227,102.09068942289053,102.09068942289053,47.13747935451573,54.42739409179387,44.754843957828,100.319491540365,40.34570509704372,102.09068942289053,91.34908531075263,102.09068942289053,49.40118126541114,54.42739409179387,57.238707547810634,121.77119673482883,41.833075271357814,102.09068942289053,59.96038118587333,80.45016950266171,1.3367150924014525e-308,82.04247537606665,102.09068942289053,102.09068942289053,114.12655467350541,102.09068942289053,91.6930485685645,102.09068942289053,72.93952063638065,69.11075502560334,102.09068942289053,46.28010679861927,88.86881240396627,69.11933716523879,102.09068942289053,53.333683890506094,54.42739409179387,40.34570509704372,47.53355133968475,56.367075803821024,102.09068942289053,62.39731534333745,102.09068942289053,77.30153893968895,102.09068942289053,48.01482459537971,82.80770213331141,94.56832560167794,54.42739409179387,102.09068942289053,97.21417074150139,80.19818348094907,114.56210149373447,61.42749600119609,63.29883160294628,46.263521453284454,61.34368681207047,40.34570509704372,50.4628626730381,43.521541903557306,45.02325148379305
topology_dysplasia_14_clean_linfoides.csv,51.93357760054775,70.81498590851163,85.7476820627335,69.44444515062182,29.257966746236164,60.96634650064888,60.96634650064888,55.40689896483008,67.94700827491766,76.55083425530131,100.319491540365,72.27053587363719,60.96634650064888,91.34908531075263,49.34137368213925,78.91907151722904,72.93038395426868,51.362243638725374,129.6133958536194,85.3032196684737,38.248148564307485,123.80800710115244,148.4907609552793,82.04247537606665,1.1284082921993153e-308,60.96634650064888,60.96634650064888,114.12655467350541,60.96634650064888,32.5026891995569,60.96634650064888,44.06935799503469,132.62826069774155,42.52754539637485,79.95229871889674,42.24017174006542,86.14127593710776,38.5043691662226,46.21404751561073,85.48952834036172,66.13589946162821,55.857889467112216,101.7798070072001,60.96634650064888,40.856759776588945,59.8485555889778,39.30610325138289,42.098761781839215,76.21334952201627,98.8734363377518,71.01064457600663,46.14727896122656,60.96634650064888,33.65204060698727,108.4784492325179,114.56210149373447,41.05491475196345,52.29837881470854,50.90422470318538,44.24539753097707,89.27096952078108,99.54553094981986,59.38656022342843,88.0775885338488
topology_ad_carcinoma_6_clean_linfoides.csv,41.212042643030486,84.71651121367734,106.02194419203221,69.44444515062182,54.90109493523343,41.212042643030486,87.89063364906238,62.669812132043134,91.09065136771929,83.11404967253691,100.319491540365,101.21880052435043,41.657423280177184,96.70211036539558,65.94610724495462,80.0719662552226,82.50896080693943,69.93830949051232,129.6133958536194,100.05428713609257,63.08255981391885,127.6013003045787,148.4907609552793,102.09068942289053,60.96634650064888,1.08883265020592e-308,41.212042643030486,114.12655467350541,59.54621257703454,67.57138579427357,39.805724181990996,68.07974505476565,132.62826069774155,62.99895871705077,79.95229871889674,63.63459340704409,86.14127593710776,43.753951417936364,76.94589337470202,85.48952834036172,93.96239533284876,66.20901967949726,101.7798070072001,23.885144449948626,96.67514134328852,83.26903089589456,66.02588754172197,47.66460170850077,76.21334952201627,98.8734363377518,86.99767061488211,83.53691297566724,30.895971592844703,41.01754125795608,108.4784492325179,114.56210149373447,80.73981768520395,69.16828365687707,75.56838536739343,83.54636074123616,100.95734672586678,108.19551341637012,69.86991304624436,89.75974461808963
topology_ad_dysplasia_8_clean_linfoides.csv,34.047534869502115,84.71651121367734,82.54995787331461,69.44444515062182,54.90109493523343,21.670454258001882,73.15130177386962,62.669812132043134,91.09065136771929,83.11404967253691,100.319491540365,101.21880052435043,32.067406576675666,96.70211036539558,54.886776309916314,80.0719662552226,82.50896080693943,69.93830949051232,129.6133958536194,100.05428713609257,63.08255981391885,127.6013003045787,148.4907609552793,102.09068942289053,60.96634650064888,41.212042643030486,2.0297613354861143e-308,114.12655467350541,55.490021998624854,67.57138579427357,28.42012026156712,61.739234011550366,132.62826069774155,51.02302528083828,79.95229871889674,63.63459340704409,86.14127593710776,43.753951417936364,76.94589337470202,85.48952834036172,93.96239533284876,66.20901967949726,101.7798070072001,31.808260911507148,96.67514134328852,62.38737552033561,51.76661896768225,47.38658446257014,76.21334952201627,98.8734363377518,70.53734989686916,83.53691297566724,24.940354593545408,41.01754125795607,108.4784492325179,114.56210149373447,80.73981768520395,69.16828365687707,75.56838536739343,83.54636074123616,100.95734672586678,108.19551341637012,69.86991304624436,89.75974461808963
topology_carcinoma_9_clean_linfoides.csv,114.12655467350541,97.58100668894139,114.12655467350541,95.51702497213108,114.12655467350541,114.12655467350541,114.12655467350541,114.12655467350541,114.12655467350541,114.12655467350541,60.2014818001889,114.12655467350541,114.12655467350541,59.82420672326248,114.12655467350541,114.12655467350541,114.12655467350541,114.12655467350541,70.10415657767268,114.12655467350541,114.12655467350541,114.12655467350544,114.12655467350544,114.12655467350541,114.12655467350541,114.12655467350541,114.12655467350541,1.1543844384913907e-308,114.12655467350541,114.12655467350541,114.12655467350541,114.12655467350541,114.12655467350544,114.12655467350541,114.12655467350541,114.12655467350541,95.8052819527719,114.12655467350541,114.12655467350541,114.12655467350541,114.12655467350541,114.12655467350541,114.12655467350541,114.12655467350541,114.12655467350541,114.12655467350541,114.12655467350541,114.12655467350541,114.12655467350541,82.11691698469929,114.12655467350541,114.12655467350541,114.12655467350541,114.12655467350541,80.70348747132442,41.60611489705764,114.12655467350541,114.12655467350541,114.12655467350541,114.12655467350541,114.12655467350541,114.12655467350541,114.12655467350541,114.12655467350541
topology_ad_carcinoma_5_clean_linfoides.csv,59.46351312627023,84.71651121367734,74.33616221521919,69.44444515062182,54.90109493523343,43.44099552532005,46.91631499426512,62.669812132043134,91.09065136771929,83.11404967253691,100.319491540365,101.21880052435043,45.9289360583565,96.70211036539558,46.94531121698893,80.0719662552226,82.50896080693943,69.93830949051232,129.6133958536194,100.05428713609257,56.830765236987986,127.6013003045787,148.4907609552793,102.09068942289053,60.96634650064888,59.54621257703454,55.490021998624854,114.12655467350541,9.36923158005974e-309,67.57138579427357,44.069379190835036,59.60955820996327,132.62826069774155,42.80922962274286,79.95229871889674,57.5250312884628,86.14127593710776,45.14772170188506,76.94589337470202,85.48952834036172,93.96239533284876,66.20901967949726,101.7798070072001,48.730109032248606,96.67514134328852,48.43703574146349,49.91332647134996,43.512996921289215,76.21334952201627,98.8734363377518,62.32355423877374,83.53691297566724,34.633816817688526,42.022402954909694,108.4784492325179,114.56210149373447,80.73981768520395,69.16828365687707,75.56838536739343,83.54636074123616,100.95734672586678,108.19551341637012,69.86991304624436,89.75974461808963
topology_dysplasia_15_clean_linfoides.csv,48.28071896932525,70.81498590851163,74.18593197411414,69.44444515062182,25.179647806429728,67.57138579427357,55.361622727403784,62.66981213204315,77.59758146741552,80.77785601038875,100.319491540365,72.27053587363719,67.57138579427357,91.34908531075263,42.06517874251281,80.0719662552226,72.93038395426868,50.263136898772416,129.6133958536194,85.3032196684737,35.35035347032672,127.6013003045787,148.4907609552793,91.6930485685645,32.5026891995569,67.57138579427357,67.57138579427357,114.12655467350541,67.57138579427357,1.600686856111557e-308,51.41465279034438,46.33377726232058,132.62826069774155,28.956976352003068,79.95229871889674,42.24017174006542,86.14127593710776,36.04488546798086,49.64546540535815,85.48952834036172,66.13589946162821,66.20901967949729,101.7798070072001,67.57138579427357,50.507332969086804,50.91708781181296,49.707628274722765,32.448188589341356,76.21334952201627,98.8734363377518,48.14999279625941,55.79785215372442,67.57138579427357,45.44176399926178,108.4784492325179,114.56210149373447,43.80957106850161,57.21390969026811,56.5937628805159,40.863655246850385,98.92154271327894,99.54553094981986,69.03713341592629,88.0775885338488
