,topology_dysplasia_11_clean_otras.csv,topology_carcinoma_14_clean_otras.csv,topology_ad_dysplasia_1_clean_otras.csv,topology_carcinoma_18_clean_otras.csv,topology_dysplasia_5_clean_otras.csv,topology_ad_dysplasia_6_clean_otras.csv,topology_dysplasia_6_clean_otras.csv,topology_carcinoma_17_clean_otras.csv,topology_dysplasia_10_clean_otras.csv,topology_ad_dysplasia_3_clean_otras.csv,topology_ad_carcinoma_9_clean_otras.csv,topology_carcinoma_11_clean_otras.csv,topology_ad_carcinoma_1_clean_otras.csv,topology_dysplasia_3_clean_otras.csv,topology_dysplasia_7_clean_otras.csv,topology_carcinoma_6_clean_otras.csv,topology_carcinoma_10_clean_otras.csv,topology_ad_carcinoma_15_clean_otras.csv,topology_dysplasia_2_clean_otras.csv,topology_dysplasia_17_clean_otras.csv,topology_dysplasia_1_clean_otras.csv,topology_carcinoma_9_clean_otras.csv,topology_ad_carcinoma_4_clean_otras.csv,topology_carcinoma_7_clean_otras.csv,topology_carcinoma_8_clean_otras.csv,topology_ad_dysplasia_8_clean_otras.csv,topology_carcinoma_13_clean_otras.csv,topology_ad_carcinoma_3_clean_otras.csv,topology_ad_dysplasia_4_clean_otras.csv,topology_ad_carcinoma_8_clean_otras.csv,topology_dysplasia_12_clean_otras.csv,topology_carcinoma_12_clean_otras.csv,topology_ad_dysplasia_5_clean_otras.csv,topology_ad_carcinoma_2_clean_otras.csv,topology_carcinoma_16_clean_otras.csv,topology_ad_dysplasia_9_clean_otras.csv,topology_dysplasia_9_clean_otras.csv,topology_ad_carcinoma_5_clean_otras.csv,topology_carcinoma_1_clean_otras.csv,topology_dysplasia_8_clean_otras.csv,topology_ad_dysplasia_2_clean_otras.csv,topology_ad_carcinoma_12_clean_otras.csv,topology_carcinoma_3_clean_otras.csv,topology_ad_carcinoma_11_clean_otras.csv,topology_carcinoma_20_clean_otras.csv,topology_dysplasia_16_clean_otras.csv,topology_dysplasia_13_clean_otras.csv,topology_ad_carcinoma_13_clean_otras.csv,topology_ad_carcinoma_7_clean_otras.csv,topology_dysplasia_15_clean_otras.csv,topology_carcinoma_19_clean_otras.csv,topology_dysplasia_19_clean_otras.csv,topology_dysplasia_18_clean_otras.csv,topology_carcinoma_15_clean_otras.csv,topology_carcinoma_5_clean_otras.csv,topology_ad_carcinoma_6_clean_otras.csv,topology_ad_dysplasia_7_clean_otras.csv,topology_ad_carcinoma_14_clean_otras.csv,topology_dysplasia_4_clean_otras.csv,topology_ad_dysplasia_10_clean_otras.csv,topology_dysplasia_14_clean_otras.csv,topology_carcinoma_2_clean_otras.csv,topology_carcinoma_4_clean_otras.csv,topology_ad_carcinoma_10_clean_otras.csv
topology_dysplasia_11_clean_otras.csv,1.0145084582309693e-308,71.93055725375362,47.053748693729915,59.4322100602088,47.841364808631056,35.370478472896735,35.271112284885334,59.4322100602088,122.36724116022401,34.45254417760256,59.4322100602088,131.29369482653578,40.19598218496429,59.4322100602088,68.64526678360295,inf,153.62641816649926,78.59397526929902,113.29877062856008,36.40706639212374,117.78398487605043,85.80521200864067,59.4322100602088,74.79384400249387,96.24820729228333,59.4322100602088,inf,99.6024499579596,59.4322100602088,84.44690476064852,54.36331554616032,59.4322100602088,59.4322100602088,73.72393721598888,59.4322100602088,59.4322100602088,135.73273589731247,52.9411716927209,165.46527925152668,50.893868403054185,40.37944051597253,59.4322100602088,116.55434321210981,59.4322100602088,59.4322100602088,40.19598218496429,72.46083178501317,59.4322100602088,58.17306515820786,56.70526487963366,198.31106420668118,123.58614803255372,77.04578404713854,159.20655678669544,inf,52.6066376510056,47.24451866522719,59.4322100602088,65.35547763509487,88.1478862742178,59.4322100602088,84.07224970546329,inf,37.748334860051
topology_carcinoma_14_clean_otras.csv,71.93055725375362,1.8268284554413913e-308,71.93055725375362,71.93055725375362,71.93055725375362,71.93055725375362,71.93055725375362,71.93055725375362,80.47008741397767,71.93055725375362,71.93055725375362,131.29369482653578,71.93055725375362,71.93055725375362,51.674342230912885,inf,153.62641816649926,62.24789716736211,87.6019345504667,71.93055725375362,103.10799429432757,85.80521200864067,71.93055725375362,71.93055725375365,96.24820729228333,71.93055725375362,inf,89.2011307839555,71.93055725375362,71.93055725375365,71.93055725375365,62.24789716736211,71.93055725375362,72.84989489141074,71.93055725375362,71.93055725375362,115.21255673807246,71.93055725375362,165.46527925152668,71.93055725375362,71.93055725375365,71.93055725375362,116.55434321210981,71.93055725375362,71.93055725375362,71.93055725375362,55.32831230616085,71.93055725375362,71.93055725375362,71.93055725375362,198.31106420668118,62.24789716736211,55.18948494099524,159.20655678669544,inf,71.93055725375362,78.983110603015,71.93055725375362,71.93055725375362,61.08618328205671,71.93055725375362,79.01248298096584,inf,71.93055725375362
topology_ad_dysplasia_1_clean_otras.csv,47.053748693729915,71.93055725375362,1.4076936775106826e-308,65.51545523914885,65.51545523914885,56.5874894989268,54.87463597879068,65.51545523914885,84.0310394885629,65.51545523914885,38.65800241506267,131.29369482653578,47.005878696411315,65.51545523914885,68.64526678360295,inf,153.62641816649926,78.59397526929902,113.29877062856008,38.620573345755275,117.78398487605043,85.80521200864067,65.51545523914885,64.8126336796945,96.24820729228333,65.51545523914885,inf,54.89929800843527,65.51545523914885,74.48998059351669,54.36331554616032,65.51545523914885,65.51545523914885,47.005878696411315,65.51545523914885,65.51545523914885,132.4437319313369,65.51545523914885,165.46527925152668,59.46187867502732,47.005878696411315,65.51545523914885,116.55434321210981,54.68315227569548,65.51545523914885,65.51545523914885,50.328340631656374,65.51545523914885,65.51545523914885,65.51545523914885,198.31106420668118,123.58614803255372,77.04578404713854,159.20655678669544,inf,65.51545523914885,55.988826688020254,65.51545523914885,47.005878696411315,78.25085714144188,65.51545523914885,84.07224970546329,inf,65.51545523914885
topology_carcinoma_18_clean_otras.csv,59.4322100602088,71.93055725375362,65.51545523914885,1.4171860685340586e-308,56.77501882386187,67.78520683457646,66.7920575434868,33.88174254670781,122.36724116022401,33.88174254670781,56.32032688749814,105.27714647855089,55.58400333445378,33.88174254670781,81.09133045383689,inf,153.62641816649926,78.59397526929902,96.90588177738883,42.53785639376652,117.78398487605043,85.80521200864067,33.88174254670781,74.79384400249387,69.5091102274838,46.81842421689093,inf,110.99159373304633,51.182750147578915,84.44690476064852,76.6779972591647,31.96589106949824,33.88174254670781,89.87671941578859,33.88174254670781,33.88174254670781,135.73273589731247,41.96781449357792,148.16393144954424,66.89966866250913,72.52842624298049,33.88174254670781,108.42199892017288,33.88174254670781,33.88174254670781,39.733803774563086,72.46083178501317,52.796336455881445,33.88174254670781,39.437399352690775,198.31106420668118,123.58614803255372,77.04578404713854,159.20655678669544,inf,33.88174254670781,96.85012186949967,38.52044414622404,65.35547763509487,88.1478862742178,49.63779657897051,79.01248298096584,inf,54.54809461841977
topology_dysplasia_5_clean_otras.csv,47.841364808631056,71.93055725375362,65.51545523914885,56.77501882386187,1.115155460099181e-308,55.1847739980182,50.64511633449078,56.77501882386187,122.36724116022401,56.77501882386187,56.32032688749814,131.29369482653578,55.5840033344538,56.77501882386187,68.64526678360295,inf,153.62641816649926,78.59397526929902,113.29877062856008,46.454856412372976,117.78398487605043,85.80521200864067,56.77501882386187,74.79384400249387,96.24820729228333,48.542457252080936,inf,110.99159373304633,55.1847739980182,84.44690476064852,76.6779972591647,56.77501882386187,56.77501882386187,89.87671941578859,56.77501882386187,56.77501882386187,135.73273589731247,48.00534908519063,165.46527925152668,55.52728010765202,72.52842624298049,44.658238987132734,116.55434321210981,55.1847739980182,56.77501882386187,46.68964438874377,72.46083178501317,39.873477380320494,41.904630980788056,36.86188107642219,198.31106420668118,123.58614803255372,77.04578404713854,159.20655678669544,inf,52.453133297182745,78.983110603015,48.711342543052325,65.35547763509487,88.1478862742178,38.32858068823228,84.07224970546329,inf,45.77731368665525
topology_ad_dysplasia_6_clean_otras.csv,35.370478472896735,71.93055725375362,56.5874894989268,67.78520683457646,55.1847739980182,1.371411469782799e-308,45.38646208702198,67.78520683457646,122.36724116022401,44.5929023273512,67.78520683457646,131.29369482653578,48.21161305127231,67.78520683457646,68.64526678360295,inf,153.62641816649926,78.59397526929902,113.29877062856008,40.88182741546814,117.78398487605043,85.80521200864067,67.78520683457646,73.9994399952136,96.24820729228333,67.78520683457646,inf,104.59668757230128,67.78520683457646,84.44690476064852,54.36331554616032,67.78520683457646,67.78520683457646,78.71817483033055,67.78520683457646,67.78520683457646,135.73273589731247,57.616636451395436,165.46527925152668,58.19821243928419,45.373678130314204,67.78520683457646,116.55434321210981,67.78520683457646,67.78520683457646,39.90961527715939,72.46083178501317,64.85817986088014,62.8485299168824,62.92926003324959,198.31106420668118,123.58614803255372,77.04578404713854,159.20655678669544,inf,64.6371664410664,70.09140337990522,67.78520683457646,62.40229857314807,88.1478862742178,67.78520683457646,84.07224970546329,inf,42.27832846863974
topology_dysplasia_6_clean_otras.csv,35.271112284885334,71.93055725375362,54.87463597879068,66.7920575434868,50.64511633449078,45.38646208702198,1.853053850803276e-308,66.7920575434868,93.9618188903878,45.38646208702198,66.7920575434868,131.29369482653578,48.76468291249046,66.7920575434868,68.64526678360295,inf,153.62641816649926,78.59397526929902,113.29877062856008,44.82025902292318,117.78398487605043,85.80521200864067,66.7920575434868,66.79205754348683,96.24820729228333,66.7920575434868,inf,93.27821170235595,66.7920575434868,75.37412246941136,56.599384529190104,66.7920575434868,66.7920575434868,76.92697580981118,66.7920575434868,66.7920575434868,133.32787380723158,55.077268007997986,165.46527925152668,50.64511633449078,47.913046573711654,66.7920575434868,116.55434321210981,66.7920575434868,66.7920575434868,45.40529009753439,51.212482507551044,62.31881141748269,60.30916147348495,60.38989158985214,198.31106420668118,123.58614803255372,77.04578404713854,159.20655678669544,inf,65.19023630228455,45.40529009753439,66.7920575434868,47.376561866746925,79.13499901733655,66.7920575434868,84.07224970546329,inf,45.40529009753439
topology_carcinoma_17_clean_otras.csv,59.4322100602088,71.93055725375362,65.51545523914885,33.88174254670781,56.77501882386187,67.78520683457646,66.7920575434868,0.0,122.36724116022401,31.477303210115792,56.32032688749814,131.29369482653578,55.58400333445378,17.891159832289475,81.09133045383689,inf,153.62641816649926,78.59397526929902,113.29877062856008,42.53785639376652,117.78398487605043,85.80521200864067,23.224016636645082,74.79384400249387,96.24820729228333,46.81842421689093,inf,110.99159373304633,51.182750147578915,84.44690476064852,76.6779972591647,42.22142386614644,33.516575720224196,89.87671941578859,0.0,29.99992312756023,135.73273589731247,41.96781449357792,165.46527925152668,66.89966866250913,72.52842624298049,29.908589937341944,116.55434321210981,24.803343755376233,2.5754842656701413,39.733803774563086,72.46083178501317,52.796336455881445,29.90344433135766,39.437399352690775,198.31106420668118,123.58614803255372,77.04578404713853,159.20655678669544,inf,22.98025421769313,96.85012186949967,38.52044414622404,65.35547763509487,88.1478862742178,49.63779657897051,84.07224970546329,inf,54.54809461841977
topology_dysplasia_10_clean_otras.csv,122.36724116022401,80.47008741397767,84.0310394885629,122.36724116022401,122.36724116022401,122.36724116022401,93.9618188903878,122.36724116022401,1.0737214252875945e-308,122.36724116022401,68.98422763851863,122.36724116022404,112.26981974560755,122.36724116022401,100.00309685822793,inf,152.04293507773173,113.95197090756443,87.6019345504667,94.67772179016907,98.42667988962953,120.40115594062215,122.36724116022401,62.3743176693996,122.36724116022401,122.36724116022401,inf,63.226159746378244,122.36724116022401,66.29961390410477,82.01900971084183,122.36724116022401,122.36724116022401,63.226159746378244,122.36724116022401,122.36724116022401,84.01040275337175,122.36724116022401,133.27231426322265,122.36724116022401,90.70534766632028,122.36724116022401,122.36724116022401,122.36724116022401,122.36724116022401,122.36724116022401,66.11011989351516,122.36724116022401,122.36724116022401,122.36724116022401,169.44363462613285,113.63809858744355,122.36724116022401,159.20655678669544,inf,122.36724116022401,106.6179761582199,122.36724116022401,70.03494023202563,63.226159746378244,122.36724116022401,105.46365214788776,inf,122.36724116022401
topology_ad_dysplasia_3_clean_otras.csv,34.45254417760256,71.93055725375362,65.51545523914885,33.88174254670781,56.77501882386187,44.5929023273512,45.38646208702198,31.477303210115792,122.36724116022401,2.1097001489347104e-308,56.32032688749814,131.29369482653578,51.83211097259709,31.477303210115792,68.64526678360295,inf,153.62641816649926,78.59397526929902,113.29877062856008,40.88182741546814,117.78398487605043,85.80521200864067,29.394256996337674,74.79384400249387,96.24820729228333,33.16983843723085,inf,110.99159373304633,41.86695153464544,84.44690476064852,76.6779972591647,42.22142386614644,31.477303210115792,89.87671941578859,31.477303210115792,31.477303210115792,135.73273589731247,31.498121755324064,165.46527925152668,57.96569908912534,72.52842624298049,31.477303210115792,116.55434321210981,31.477303210115792,31.477303210115792,25.87111460699353,72.46083178501317,48.00460358283729,31.477303210115792,36.5115294138391,198.31106420668118,123.58614803255372,77.04578404713854,159.20655678669544,inf,26.786383765775824,77.85126390114704,31.56123777088021,65.35547763509487,88.1478862742178,43.79224308434058,84.07224970546329,inf,47.772711643697505
topology_ad_carcinoma_9_clean_otras.csv,59.4322100602088,71.93055725375362,38.65800241506267,56.32032688749814,56.32032688749814,67.78520683457646,66.7920575434868,56.32032688749814,68.98422763851863,56.32032688749814,1.042416472808528e-308,131.29369482653578,54.78369294286685,56.32032688749814,81.09133045383689,inf,153.62641816649926,78.59397526929902,113.29877062856008,48.49897648704308,117.78398487605043,85.80521200864067,56.32032688749814,64.8126336796945,96.24820729228333,56.32032688749814,inf,71.84064427691098,56.32032688749814,56.161871768553,53.75012281565634,56.32032688749814,56.32032688749814,55.489408384366214,56.32032688749814,56.32032688749814,114.11562310637322,56.32032688749814,165.46527925152668,62.92450142648633,54.78369294286685,56.32032688749814,116.55434321210981,56.32032688749814,56.32032688749814,56.32032688749814,54.78369294286685,56.32032688749814,56.32032688749814,56.32032688749814,198.31106420668118,123.58614803255372,77.04578404713854,159.20655678669544,inf,56.32032688749814,94.64682910308292,56.32032688749814,61.113843331498245,59.92274831647819,56.32032688749814,84.07224970546329,inf,56.32032688749814
topology_carcinoma_11_clean_otras.csv,131.29369482653578,131.29369482653578,131.29369482653578,105.27714647855089,131.29369482653578,131.29369482653578,131.29369482653578,131.29369482653578,122.36724116022404,131.29369482653578,131.29369482653578,1.631544356519171e-308,131.29369482653578,131.29369482653578,109.75497507913906,inf,90.5630058122,112.13753700911877,114.84331884620758,131.29369482653578,96.90076485321532,113.4498150562842,131.29369482653578,88.83450851255668,52.109235913065845,131.29369482653578,inf,131.29369482653578,131.29369482653578,131.29369482653578,131.29369482653578,113.62470136379943,131.29369482653578,131.29369482653578,131.29369482653578,131.29369482653578,131.29369482653578,131.29369482653578,121.5536369119672,131.29369482653578,131.29369482653578,131.29369482653578,131.29369482653578,131.29369482653578,131.29369482653578,131.29369482653578,131.29369482653578,131.29369482653578,131.29369482653578,131.29369482653578,136.72051315460283,97.50944450168424,131.29369482653578,105.24460457901614,inf,131.29369482653578,131.29369482653578,131.29369482653578,131.29369482653578,131.29369482653578,131.29369482653578,121.55083605627703,inf,131.29369482653578
topology_ad_carcinoma_1_clean_otras.csv,40.19598218496429,71.93055725375362,47.005878696411315,55.58400333445378,55.5840033344538,48.21161305127231,48.76468291249046,55.58400333445378,112.26981974560755,51.83211097259709,54.78369294286685,131.29369482653578,1.660035227088704e-308,55.58400333445378,68.64526678360295,inf,153.62641816649926,78.59397526929902,113.29877062856008,46.99644979340977,117.78398487605043,85.80521200864067,51.914036880402534,72.20817193367009,96.24820729228333,55.58400333445378,inf,80.78748152127434,55.58400333445378,75.72844838674072,54.36331554616032,55.58400333445378,55.58400333445378,54.90896877930362,55.58400333445378,55.58400333445378,131.64393790456904,55.58400333445378,165.46527925152668,52.43517268825548,31.780053546557383,55.58400333445378,116.55434321210981,40.4171593245413,55.58400333445378,55.58400333445378,72.46083178501317,55.58400333445378,55.58400333445378,38.068381360187345,198.31106420668118,123.58614803255372,77.04578404713854,159.20655678669544,inf,55.58400333445378,83.18436959812203,55.58400333445378,65.35547763509487,79.36953486595405,55.58400333445378,84.07224970546329,inf,50.63324503287714
topology_dysplasia_3_clean_otras.csv,59.4322100602088,71.93055725375362,65.51545523914885,33.88174254670781,56.77501882386187,67.78520683457646,66.7920575434868,17.891159832289475,122.36724116022401,31.477303210115792,56.32032688749814,131.29369482653578,55.58400333445378,2.0219580002155304e-308,81.09133045383689,inf,153.62641816649926,78.59397526929902,113.29877062856008,42.53785639376652,117.78398487605043,85.80521200864067,23.224016636645082,74.79384400249387,96.24820729228333,44.639449691653596,inf,110.99159373304633,51.182750147578915,84.44690476064852,76.6779972591647,42.22142386614644,33.516575720224196,89.87671941578859,17.891159832289475,29.99992312756023,135.73273589731247,41.96781449357792,165.46527925152668,66.89966866250913,72.52842624298049,29.908589937341944,105.54795085042417,24.803343755376233,17.891159832289475,39.733803774563086,72.46083178501317,52.796336455881445,29.90344433135766,39.437399352690775,198.31106420668118,123.58614803255372,77.04578404713854,159.20655678669544,inf,22.98025421769313,96.85012186949967,38.52044414622404,65.35547763509487,88.1478862742178,49.63779657897051,84.07224970546329,inf,54.54809461841977
topology_dysplasia_7_clean_otras.csv,68.64526678360295,51.674342230912885,68.64526678360295,81.09133045383689,68.64526678360295,68.64526678360295,68.64526678360295,81.09133045383689,100.00309685822793,68.64526678360295,81.09133045383689,109.75497507913906,68.64526678360295,81.09133045383689,1.225158369656276e-308,inf,153.62641816649926,54.507271149573086,94.67644110124903,68.64526678360295,93.3659470458789,85.80521200864067,81.09133045383689,81.09133045383689,61.43365543485879,81.09133045383689,inf,68.64526678360295,81.09133045383689,68.64526678360295,68.64526678360295,81.09133045383689,81.09133045383689,68.64526678360295,81.09133045383689,81.09133045383689,110.46272667629347,69.57359500906762,121.34602202191002,68.64526678360295,68.64526678360295,81.09133045383689,116.55434321210981,81.09133045383689,81.09133045383689,68.64526678360295,66.03430975137539,76.81513841855232,74.80548847455458,74.88621859092177,198.31106420668118,81.09133045383692,81.09133045383689,159.20655678669544,inf,79.29245512191508,78.983110603015,81.09133045383689,68.64526678360295,69.4859022199991,81.09133045383689,81.09133045383692,inf,68.64526678360295
topology_carcinoma_6_clean_otras.csv,inf,inf,inf,inf,inf,inf,inf,inf,inf,inf,inf,inf,inf,inf,inf,2.1583371849654355e-308,inf,inf,inf,inf,inf,inf,inf,inf,inf,inf,103.29460156122636,inf,inf,inf,inf,inf,inf,inf,inf,inf,inf,inf,inf,inf,inf,inf,inf,inf,inf,inf,inf,inf,inf,inf,inf,inf,inf,inf,101.35021199569235,inf,inf,inf,inf,inf,inf,inf,140.92717098023115,inf
topology_carcinoma_10_clean_otras.csv,153.62641816649926,153.62641816649926,153.62641816649926,153.62641816649926,153.62641816649926,153.62641816649926,153.62641816649926,153.62641816649926,152.04293507773173,153.62641816649926,153.62641816649926,90.5630058122,153.62641816649926,153.62641816649926,153.62641816649926,inf,2.1638948378327456e-308,153.62641816649926,113.2987706285601,153.62641816649926,127.00318200742356,68.09015639170605,153.62641816649926,153.62641816649926,138.88432545648027,153.62641816649926,inf,153.62641816649926,153.62641816649926,153.62641816649926,153.62641816649926,153.62641816649926,153.62641816649926,153.62641816649926,153.62641816649926,153.62641816649926,153.62641816649926,153.62641816649926,104.51473250071223,153.62641816649926,153.62641816649926,153.62641816649926,96.93450775164933,153.62641816649926,153.62641816649926,153.62641816649926,153.62641816649926,153.62641816649926,153.62641816649926,153.62641816649926,144.7477514202194,153.62641816649926,153.62641816649926,74.70154142114757,inf,153.62641816649926,153.62641816649926,153.62641816649926,153.62641816649926,153.62641816649926,153.62641816649926,84.07224970546332,inf,153.62641816649926
topology_ad_carcinoma_15_clean_otras.csv,78.59397526929902,62.24789716736211,78.59397526929902,78.59397526929902,78.59397526929902,78.59397526929902,78.59397526929902,78.59397526929902,113.95197090756443,78.59397526929902,78.59397526929902,112.13753700911877,78.59397526929902,78.59397526929902,54.507271149573086,inf,153.62641816649926,1.996060032479732e-308,109.61053082662883,78.59397526929902,103.10799429432757,85.80521200864067,78.59397526929902,73.89032309562697,69.5091102274838,78.59397526929902,inf,110.99159373304633,78.59397526929902,84.44690476064852,78.59397526929902,74.49438013306491,78.59397526929902,89.87671941578859,78.59397526929902,78.59397526929902,135.73273589731247,78.59397526929902,129.7737530288577,78.59397526929902,78.59397526929902,78.59397526929902,116.55434321210981,78.59397526929902,78.59397526929902,78.59397526929902,78.59397526929902,78.59397526929902,78.59397526929902,78.59397526929902,198.31106420668118,75.35625301907487,38.55757378874745,159.20655678669544,inf,78.59397526929902,78.983110603015,78.59397526929902,78.59397526929902,88.1478862742178,78.59397526929902,81.09288571397127,inf,78.59397526929902
topology_dysplasia_2_clean_otras.csv,113.29877062856008,87.6019345504667,113.29877062856008,96.90588177738883,113.29877062856008,113.29877062856008,113.29877062856008,113.29877062856008,87.6019345504667,113.29877062856008,113.29877062856008,114.84331884620758,113.29877062856008,113.29877062856008,94.67644110124903,inf,113.2987706285601,109.61053082662883,1.753936376288313e-308,113.29877062856008,94.9120939770147,55.530869703294,113.29877062856008,87.6019345504667,113.29877062856008,113.29877062856008,inf,87.6019345504667,113.29877062856008,87.6019345504667,87.6019345504667,87.6019345504667,113.29877062856008,100.67177421550949,113.29877062856008,113.29877062856008,87.6019345504667,113.29877062856008,165.46527925152668,113.29877062856008,113.29877062856008,113.29877062856008,113.2987706285601,113.29877062856008,113.29877062856008,113.29877062856008,87.6019345504667,113.29877062856008,113.29877062856008,113.29877062856008,144.7477514202194,87.6019345504667,88.13829228534371,82.66734838213677,inf,113.29877062856008,113.29877062856008,113.29877062856008,93.10037456495076,87.6019345504667,113.29877062856008,74.34472632707298,inf,113.29877062856008
topology_dysplasia_17_clean_otras.csv,36.40706639212374,71.93055725375362,38.620573345755275,42.53785639376652,46.454856412372976,40.88182741546814,44.82025902292318,42.53785639376652,94.67772179016907,40.88182741546814,48.49897648704308,131.29369482653578,46.99644979340977,42.53785639376652,68.64526678360295,inf,153.62641816649926,78.59397526929902,113.29877062856008,1.8565166678052493e-308,117.78398487605043,85.80521200864067,42.53785639376652,64.8126336796945,96.24820729228333,42.53785639376653,inf,77.02414906932054,49.36827890171517,84.44690476064852,58.933627608065905,42.53785639376652,42.53785639376652,60.67291317677578,42.53785639376652,42.53785639376652,135.73273589731247,40.88182741546814,165.46527925152668,57.89694905727323,59.32082353117593,42.53785639376652,116.55434321210981,40.88182741546814,42.53785639376652,40.88182741546814,60.97502293326255,49.19155837254095,40.88182741546814,40.88182741546814,198.31106420668118,123.58614803255372,77.04578404713854,159.20655678669544,inf,42.53785639376652,57.73545996230365,42.53785639376652,50.689134971936426,88.1478862742178,47.58458678214018,84.07224970546329,inf,42.53980989643776
topology_dysplasia_1_clean_otras.csv,117.78398487605043,103.10799429432757,117.78398487605043,117.78398487605043,117.78398487605043,117.78398487605043,117.78398487605043,117.78398487605043,98.42667988962953,117.78398487605043,117.78398487605043,96.90076485321532,117.78398487605043,117.78398487605043,93.3659470458789,inf,127.00318200742356,103.10799429432757,94.9120939770147,117.78398487605043,2.12175803696671e-308,93.51859018709132,117.78398487605043,117.78398487605043,82.75424824757232,117.78398487605043,inf,117.78398487605043,117.78398487605043,103.10799429432757,114.11434799071719,98.45090475423967,117.78398487605043,112.42459005429487,117.78398487605043,117.78398487605043,109.01910255323321,117.78398487605043,78.54839823763206,117.78398487605043,117.78398487605043,117.78398487605043,117.78398487605043,117.78398487605043,117.78398487605043,117.78398487605043,103.10799429432757,117.78398487605043,117.78398487605043,117.78398487605043,144.7477514202194,103.10799429432757,103.10799429432757,141.6847807742397,inf,117.78398487605043,117.78398487605043,117.78398487605043,117.78398487605043,103.10799429432757,117.78398487605043,85.55156176309066,inf,117.78398487605043
topology_carcinoma_9_clean_otras.csv,85.80521200864067,85.80521200864067,85.80521200864067,85.80521200864067,85.80521200864067,85.80521200864067,85.80521200864067,85.80521200864067,120.40115594062215,85.80521200864067,85.80521200864067,113.4498150562842,85.80521200864067,85.80521200864067,85.80521200864067,inf,68.09015639170605,85.80521200864067,55.530869703294,85.80521200864067,93.51859018709132,1.7682786533150325e-308,85.80521200864067,85.80521200864067,91.68015963205954,85.80521200864067,inf,110.99159373304633,85.80521200864067,85.80521200864067,85.80521200864067,85.80521200864067,85.80521200864067,89.87671941578859,85.80521200864067,85.80521200864067,114.94255701124843,85.80521200864067,165.46527925152668,85.80521200864067,85.80521200864067,85.80521200864067,90.88051423457648,85.80521200864067,85.80521200864067,85.80521200864067,85.80521200864067,85.80521200864067,85.80521200864067,85.80521200864067,144.7477514202194,85.8052120086407,85.80521200864067,82.77175515852218,inf,85.80521200864067,85.8052120086407,85.80521200864067,85.80521200864067,85.8052120086407,85.80521200864067,66.22338968834799,inf,85.80521200864067
topology_ad_carcinoma_4_clean_otras.csv,59.4322100602088,71.93055725375362,65.51545523914885,33.88174254670781,56.77501882386187,67.78520683457646,66.7920575434868,23.224016636645082,122.36724116022401,29.394256996337674,56.32032688749814,131.29369482653578,51.914036880402534,23.224016636645082,81.09133045383689,inf,153.62641816649926,78.59397526929902,113.29877062856008,42.53785639376652,117.78398487605043,85.80521200864067,1.18327438868689e-308,74.79384400249387,96.24820729228333,39.5715485870555,inf,110.99159373304633,51.182750147578915,84.44690476064852,76.6779972591647,42.22142386614644,29.390857740145435,89.87671941578859,23.224016636645082,29.99992312756023,135.73273589731247,41.96781449357792,165.46527925152668,66.89966866250913,72.52842624298049,29.908589937341944,116.55434321210981,24.803343755376233,23.224016636645082,39.733803774563086,72.46083178501317,52.796336455881445,29.90344433135766,39.437399352690775,198.31106420668118,123.58614803255372,77.04578404713854,159.20655678669544,inf,22.191730610801272,96.85012186949967,38.52044414622404,65.35547763509487,88.1478862742178,49.63779657897051,84.07224970546329,inf,54.54809461841977
topology_carcinoma_7_clean_otras.csv,74.79384400249387,71.93055725375365,64.8126336796945,74.79384400249387,74.79384400249387,73.9994399952136,66.79205754348683,74.79384400249387,62.3743176693996,74.79384400249387,64.8126336796945,88.83450851255668,72.20817193367009,74.79384400249387,81.09133045383689,inf,153.62641816649926,73.89032309562697,87.6019345504667,64.8126336796945,117.78398487605043,85.80521200864067,74.79384400249387,1.347334612553032e-308,74.79384400249387,74.79384400249387,inf,64.8126336796945,74.79384400249387,64.8126336796945,64.8126336796945,74.79384400249387,74.79384400249387,64.8126336796945,74.79384400249387,74.79384400249387,85.804381111417,74.79384400249387,129.7737530288577,74.79384400249387,64.8126336796945,74.79384400249387,116.55434321210981,74.79384400249387,74.79384400249387,74.79384400249387,64.8126336796945,74.79384400249387,74.79384400249387,74.79384400249387,196.7982138731578,123.58614803255372,76.20859182055068,159.20655678669544,inf,74.79384400249387,96.85012186949967,74.79384400249387,64.8126336796945,64.8126336796945,74.79384400249387,79.01248298096584,inf,74.79384400249387
topology_carcinoma_8_clean_otras.csv,96.24820729228333,96.24820729228333,96.24820729228333,69.5091102274838,96.24820729228333,96.24820729228333,96.24820729228333,96.24820729228333,122.36724116022401,96.24820729228333,96.24820729228333,52.109235913065845,96.24820729228333,96.24820729228333,61.43365543485879,inf,138.88432545648027,69.5091102274838,113.29877062856008,96.24820729228333,82.75424824757232,91.68015963205954,96.24820729228333,74.79384400249387,1.673120077923765e-308,96.24820729228333,inf,110.99159373304633,96.24820729228333,96.24820729228333,96.24820729228333,69.5091102274838,96.24820729228333,96.24820729228333,96.24820729228333,96.24820729228333,118.82886426326712,96.24820729228333,81.32790935189541,96.24820729228333,96.24820729228333,96.24820729228333,116.55434321210981,96.24820729228333,96.24820729228333,96.24820729228333,96.24820729228333,96.24820729228333,96.24820729228333,96.24820729228333,156.2850250048814,96.24820729228333,92.25547995393896,153.5659242232964,inf,96.24820729228333,96.24820729228333,96.24820729228333,96.24820729228333,96.24820729228333,96.24820729228333,83.71313120805888,inf,96.24820729228333
topology_ad_dysplasia_8_clean_otras.csv,59.4322100602088,71.93055725375362,65.51545523914885,46.81842421689093,48.542457252080936,67.78520683457646,66.7920575434868,46.81842421689093,122.36724116022401,33.16983843723085,56.32032688749814,131.29369482653578,55.58400333445378,44.639449691653596,81.09133045383689,inf,153.62641816649926,78.59397526929902,113.29877062856008,42.53785639376653,117.78398487605043,85.80521200864067,39.5715485870555,74.79384400249387,96.24820729228333,1.4170176205355577e-308,inf,110.99159373304633,17.002230766531653,84.44690476064852,76.6779972591647,46.81842421689093,46.81842421689093,89.87671941578859,46.81842421689093,30.339544912564747,135.73273589731247,35.56635255082671,165.46527925152668,63.81813023914211,72.52842624298049,35.57409279305128,116.55434321210981,46.81842421689093,46.81842421689093,39.733803774563086,72.46083178501317,49.19155837254095,32.8204847867066,39.43739935269079,198.31106420668118,123.58614803255372,77.04578404713854,159.20655678669544,inf,30.296522022141374,96.85012186949967,37.88192038980296,65.35547763509487,88.1478862742178,39.89022164498218,84.07224970546329,inf,46.73275727326194
topology_carcinoma_13_clean_otras.csv,inf,inf,inf,inf,inf,inf,inf,inf,inf,inf,inf,inf,inf,inf,inf,103.29460156122636,inf,inf,inf,inf,inf,inf,inf,inf,inf,inf,1.813334798929261e-308,inf,inf,inf,inf,inf,inf,inf,inf,inf,inf,inf,inf,inf,inf,inf,inf,inf,inf,inf,inf,inf,inf,inf,inf,inf,inf,inf,103.29460156122636,inf,inf,inf,inf,inf,inf,inf,219.57897323099587,inf
topology_ad_carcinoma_3_clean_otras.csv,99.6024499579596,89.2011307839555,54.89929800843527,110.99159373304633,110.99159373304633,104.59668757230128,93.27821170235595,110.99159373304633,63.226159746378244,110.99159373304633,71.84064427691098,131.29369482653578,80.78748152127434,110.99159373304633,68.64526678360295,inf,153.62641816649926,110.99159373304633,87.6019345504667,77.02414906932054,117.78398487605043,110.99159373304633,110.99159373304633,64.8126336796945,110.99159373304633,110.99159373304633,inf,1.8946276862435024e-308,110.99159373304633,75.03065727408261,54.36331554616032,110.99159373304633,110.99159373304633,51.33710599998881,110.99159373304633,110.99159373304633,91.2550267099179,110.99159373304633,165.46527925152668,101.58623703195485,59.223009441987074,110.99159373304633,116.55434321210981,107.23185353992517,110.99159373304633,110.99159373304633,74.841163263493,110.99159373304633,110.99159373304633,110.99159373304633,198.31106420668118,123.58614803255372,110.99159373304633,159.20655678669544,inf,110.99159373304633,78.983110603015,110.99159373304633,78.76598360200347,71.38957079486929,110.99159373304633,93.27398093300587,inf,110.99159373304633
topology_ad_dysplasia_4_clean_otras.csv,59.4322100602088,71.93055725375362,65.51545523914885,51.182750147578915,55.1847739980182,67.78520683457646,66.7920575434868,51.182750147578915,122.36724116022401,41.86695153464544,56.32032688749814,131.29369482653578,55.58400333445378,51.182750147578915,81.09133045383689,inf,153.62641816649926,78.59397526929902,113.29877062856008,49.36827890171517,117.78398487605043,85.80521200864067,51.182750147578915,74.79384400249387,96.24820729228333,17.002230766531653,inf,110.99159373304633,1.099734917774066e-308,84.44690476064852,76.6779972591647,51.182750147578915,51.182750147578915,89.87671941578859,51.182750147578915,42.3371135959884,135.73273589731247,47.56392123425036,165.46527925152668,63.81813023914211,72.52842624298049,47.57166147647493,116.55434321210981,51.182750147578915,51.182750147578915,39.733803774563086,72.46083178501317,51.436002003193664,34.55115260807527,39.43739935269079,198.31106420668118,123.58614803255372,77.04578404713854,159.20655678669544,inf,29.37738665967788,96.85012186949967,49.87948907322661,65.35547763509487,88.1478862742178,43.79224308434058,84.07224970546329,inf,46.73275727326194
topology_ad_carcinoma_8_clean_otras.csv,84.44690476064852,71.93055725375365,74.48998059351669,84.44690476064852,84.44690476064852,84.44690476064852,75.37412246941136,84.44690476064852,66.29961390410477,84.44690476064852,56.161871768553,131.29369482653578,75.72844838674072,84.44690476064852,68.64526678360295,inf,153.62641816649926,84.44690476064852,87.6019345504667,84.44690476064852,103.10799429432757,85.80521200864067,84.44690476064852,64.8126336796945,96.24820729228333,84.44690476064852,inf,75.03065727408261,84.44690476064852,1.692063620875503e-308,70.03615406280218,84.44690476064852,84.44690476064852,58.67942138153785,84.44690476064852,84.44690476064852,96.44496029591329,84.44690476064852,165.46527925152668,84.44690476064852,81.16428877127407,84.44690476064852,116.55434321210981,84.44690476064852,84.44690476064852,84.44690476064852,47.41468673759806,84.44690476064852,84.44690476064852,84.44690476064852,198.31106420668118,123.17915748248976,77.04578404713857,159.20655678669544,inf,84.44690476064852,84.44690476064855,84.44690476064852,37.8949942950223,56.48416205700465,84.44690476064852,79.01248298096584,inf,69.63906481067824
topology_dysplasia_12_clean_otras.csv,54.36331554616032,71.93055725375365,54.36331554616032,76.6779972591647,76.6779972591647,54.36331554616032,56.599384529190104,76.6779972591647,82.01900971084183,76.6779972591647,53.75012281565634,131.29369482653578,54.36331554616032,76.6779972591647,68.64526678360295,inf,153.62641816649926,78.59397526929902,87.6019345504667,58.933627608065905,114.11434799071719,85.80521200864067,76.6779972591647,64.8126336796945,96.24820729228333,76.6779972591647,inf,54.36331554616032,76.6779972591647,70.03615406280218,9.63956765048169e-309,76.6779972591647,76.6779972591647,54.36331554616032,76.6779972591647,76.6779972591647,89.47196759009552,76.6779972591647,165.46527925152668,54.36331554616032,54.36331554616032,76.6779972591647,116.55434321210981,56.695182053416545,76.6779972591647,76.6779972591647,56.75064180223836,76.6779972591647,76.6779972591647,68.31919139495307,198.31106420668118,123.58614803255372,77.04578404713854,159.20655678669544,inf,76.6779972591647,71.2471917834659,76.6779972591647,60.675462140748834,53.899191166614855,76.6779972591647,79.01248298096584,inf,76.6779972591647
topology_carcinoma_12_clean_otras.csv,59.4322100602088,62.24789716736211,65.51545523914885,31.96589106949824,56.77501882386187,67.78520683457646,66.7920575434868,42.22142386614644,122.36724116022401,42.22142386614644,56.32032688749814,113.62470136379943,55.58400333445378,42.22142386614644,81.09133045383689,inf,153.62641816649926,74.49438013306491,87.6019345504667,42.53785639376652,98.45090475423967,85.80521200864067,42.22142386614644,74.79384400249387,69.5091102274838,46.81842421689093,inf,110.99159373304633,51.182750147578915,84.44690476064852,76.6779972591647,2.224924765193485e-308,42.22142386614644,89.87671941578859,42.22142386614644,42.22142386614644,129.41919418660075,42.22142386614644,126.37345560685884,66.89966866250913,72.36276155531397,42.22142386614644,116.55434321210981,42.22142386614644,42.22142386614644,42.22142386614644,72.46083178501317,52.796336455881445,42.22142386614644,42.22142386614644,198.31106420668118,122.8288360204009,77.04578404713854,157.1910809016751,inf,42.22142386614644,96.85012186949967,42.22142386614644,65.35547763509487,88.1478862742178,49.63779657897051,78.65923224753033,inf,54.54809461841977
topology_ad_dysplasia_5_clean_otras.csv,59.4322100602088,71.93055725375362,65.51545523914885,33.88174254670781,56.77501882386187,67.78520683457646,66.7920575434868,33.516575720224196,122.36724116022401,31.477303210115792,56.32032688749814,131.29369482653578,55.58400333445378,33.516575720224196,81.09133045383689,inf,153.62641816649926,78.59397526929902,113.29877062856008,42.53785639376652,117.78398487605043,85.80521200864067,29.390857740145435,74.79384400249387,96.24820729228333,46.81842421689093,inf,110.99159373304633,51.182750147578915,84.44690476064852,76.6779972591647,42.22142386614644,1.006449935113124e-308,89.87671941578859,33.516575720224196,33.516575720224196,135.73273589731247,30.222440839221633,165.46527925152668,66.46252711296952,72.52842624298049,27.704035683990895,116.55434321210981,33.516575720224196,33.516575720224196,39.733803774563086,72.46083178501317,52.796336455881445,30.48486389314276,39.437399352690775,198.31106420668118,123.58614803255372,77.04578404713854,159.20655678669544,inf,29.6104877765316,96.85012186949967,31.56123777088021,65.35547763509487,88.1478862742178,49.63779657897051,84.07224970546329,inf,54.54809461841977
