,topology_dysplasia_11_clean_otras.csv,topology_carcinoma_14_clean_otras.csv,topology_ad_dysplasia_1_clean_otras.csv,topology_carcinoma_18_clean_otras.csv,topology_dysplasia_5_clean_otras.csv,topology_ad_dysplasia_6_clean_otras.csv,topology_dysplasia_6_clean_otras.csv,topology_carcinoma_17_clean_otras.csv,topology_dysplasia_10_clean_otras.csv,topology_ad_dysplasia_3_clean_otras.csv,topology_ad_carcinoma_9_clean_otras.csv,topology_carcinoma_11_clean_otras.csv,topology_ad_carcinoma_1_clean_otras.csv,topology_dysplasia_3_clean_otras.csv,topology_dysplasia_7_clean_otras.csv,topology_carcinoma_6_clean_otras.csv,topology_carcinoma_10_clean_otras.csv,topology_ad_carcinoma_15_clean_otras.csv,topology_dysplasia_2_clean_otras.csv,topology_dysplasia_17_clean_otras.csv,topology_dysplasia_1_clean_otras.csv,topology_carcinoma_9_clean_otras.csv,topology_ad_carcinoma_4_clean_otras.csv,topology_carcinoma_7_clean_otras.csv,topology_carcinoma_8_clean_otras.csv,topology_ad_dysplasia_8_clean_otras.csv,topology_carcinoma_13_clean_otras.csv,topology_ad_carcinoma_3_clean_otras.csv,topology_ad_dysplasia_4_clean_otras.csv,topology_ad_carcinoma_8_clean_otras.csv,topology_dysplasia_12_clean_otras.csv,topology_carcinoma_12_clean_otras.csv,topology_ad_dysplasia_5_clean_otras.csv,topology_ad_carcinoma_2_clean_otras.csv,topology_carcinoma_16_clean_otras.csv,topology_ad_dysplasia_9_clean_otras.csv,topology_dysplasia_9_clean_otras.csv,topology_ad_carcinoma_5_clean_otras.csv,topology_carcinoma_1_clean_otras.csv,topology_dysplasia_8_clean_otras.csv,topology_ad_dysplasia_2_clean_otras.csv,topology_ad_carcinoma_12_clean_otras.csv,topology_carcinoma_3_clean_otras.csv,topology_ad_carcinoma_11_clean_otras.csv,topology_carcinoma_20_clean_otras.csv,topology_dysplasia_16_clean_otras.csv,topology_dysplasia_13_clean_otras.csv,topology_ad_carcinoma_13_clean_otras.csv,topology_ad_carcinoma_7_clean_otras.csv,topology_dysplasia_15_clean_otras.csv,topology_carcinoma_19_clean_otras.csv,topology_dysplasia_19_clean_otras.csv,topology_dysplasia_18_clean_otras.csv,topology_carcinoma_15_clean_otras.csv,topology_carcinoma_5_clean_otras.csv,topology_ad_carcinoma_6_clean_otras.csv,topology_ad_dysplasia_7_clean_otras.csv,topology_ad_carcinoma_14_clean_otras.csv,topology_dysplasia_4_clean_otras.csv,topology_ad_dysplasia_10_clean_otras.csv,topology_dysplasia_14_clean_otras.csv,topology_carcinoma_2_clean_otras.csv,topology_carcinoma_4_clean_otras.csv,topology_ad_carcinoma_10_clean_otras.csv
topology_dysplasia_11_clean_otras.csv,1.230508874002347e-308,131.20278542804232,150.3711839823036,292.4292138454741,60.13026766933149,56.58011652587301,43.770802536488844,286.72718647497106,50.3913744582631,45.408729466073424,52.620873627850216,278.6522220211533,81.52742035434645,323.9351124242363,102.66714248979233,287.7115641285425,345.8894338474639,153.75107665249567,236.10199807878138,24.46528349829478,183.73153249825225,285.68677569756755,90.66291666900119,156.06013707443907,168.22784173892774,107.90699838549872,303.34590347123606,21.89763312774039,97.01036336231257,18.221305028231143,32.8259698647704,289.65557042628507,108.04338632964118,83.92648433957467,inf,87.43724966142997,221.492403387767,100.43191466387938,170.2545914840269,51.88304688959208,42.52636100173035,101.85507212904812,221.3846066668014,186.48097206953406,inf,61.37042865289844,40.81089829863926,83.52316066454267,41.513569134162395,64.48127666176984,246.6792664559705,73.67547784324697,141.10619312167023,208.13732967530729,274.74731240385063,56.08190240118685,37.85708357350021,307.1315139104104,inf,116.6230460717633,84.0357663675029,255.36285529997457,249.49334346127034,50.712545994733404
topology_carcinoma_14_clean_otras.csv,131.20278542804232,1.0607447400764634e-308,101.37015726082964,237.5688696036235,173.64477904366237,136.98060276624784,130.27818394727694,226.1648148626174,94.56900297519078,101.76845739791841,117.16106694445429,210.01488595498188,55.88335444964031,303.76800697304736,53.66611576831835,244.7825366803453,344.4893096076031,74.68202206912659,133.67342700071305,145.89322426786555,102.70962747266427,228.36285308915444,62.07651897323943,84.45664952420722,127.06963191277887,173.64477904366237,259.4022488551475,138.51725268254927,86.00856373620599,119.7418954302741,164.02875529281272,232.0215827652455,173.64477904366237,81.29608106481248,inf,173.64477904366237,97.51936510647653,88.12232399731644,107.56818156573425,143.16489744098772,130.66018172159124,102.24382716692199,188.67974633257563,56.61423246803548,inf,173.64477904366237,94.57658204821607,173.64477904366237,120.00098971609586,126.73221381681486,213.99222547080683,60.740486893576474,92.10516640019628,136.21319791129338,259.6859416087382,131.245861839636,143.44164671645632,266.973469733496,inf,41.602290921119476,173.64477904366237,176.8768936740879,222.70391992083455,80.49023943330894
topology_ad_dysplasia_1_clean_otras.csv,150.3711839823036,101.37015726082964,1.4924907909675864e-308,231.79891797479786,176.5297548580752,160.54805148283674,136.0481355761026,220.39486323379174,141.37058016519347,128.70316636876782,122.93101857327994,204.24493432615623,101.30979007423247,294.81071513232223,51.86363260028202,226.98230647787534,338.71935797877745,81.53898582367054,119.14448644141243,151.6631758966912,103.88942453706846,218.31404167898472,109.37413368455725,82.48556952301675,129.54759618375516,176.5297548580752,253.63229722632184,149.98948460843718,82.65578798503512,142.66938989329714,169.79870692163837,226.25163113641986,176.5297548580752,87.06603269363814,inf,176.5297548580752,89.9252970593837,95.35494795909301,115.64062550409119,163.2053144562679,142.17903750124674,139.6641794667246,96.34751271358363,62.42710952338831,inf,176.5297548580752,160.87945808861855,176.5297548580752,125.77094134492151,160.87945808861855,193.72912469004268,76.69570613905665,74.16756496405452,136.1683549095796,253.68002782568726,160.87945808861855,157.21718927007868,261.20351810467037,inf,74.54199363768447,176.5297548580752,157.6662008837988,213.47041496892285,137.51264625724787
topology_carcinoma_18_clean_otras.csv,292.4292138454741,237.5688696036235,231.79891797479786,1.271987171090046e-308,292.4292138454741,292.4292138454741,292.4292138454741,228.75792968104582,292.4292138454741,292.4292138454741,292.4292138454741,120.5038013955824,292.4292138454741,128.96816322718865,282.5169573143435,82.9350331229503,106.92044000397959,215.02057837917016,167.78741321758412,292.4292138454741,212.76110299176747,143.11473314999768,292.4292138454741,227.5261759161255,230.42617498764315,292.4292138454741,171.818098666497,292.4292138454741,292.4292138454741,292.4292138454741,292.4292138454741,81.83004530056164,292.4292138454741,292.4292138454741,inf,292.4292138454741,200.18316985089666,292.4292138454741,198.51706354763894,292.4292138454741,292.4292138454741,266.91658290261773,160.658333217424,198.18405270824292,inf,292.4292138454741,292.4292138454741,292.4292138454741,292.4292138454741,292.4292138454741,106.22420398873211,292.4292138454741,263.6676913693593,160.63432535635854,113.01544458746898,292.4292138454741,292.4292138454741,182.54597538152956,inf,252.14860895990256,292.4292138454741,103.4007483340562,117.20360086921045,292.4292138454741
topology_dysplasia_5_clean_otras.csv,60.13026766933149,173.64477904366237,176.5297548580752,292.4292138454741,1.4152803779279626e-308,48.832915067933854,97.94170988532272,286.72718647497106,110.52164212759459,80.36234084931253,110.0418315731405,278.6522220211533,131.18503498619694,323.9351124242363,137.27349815612686,287.7115641285425,345.8894338474639,184.91892465588904,236.10199807878138,79.10347976246823,186.04866234959036,285.68677569756755,135.7527831435243,178.66612588741134,177.21612635165252,61.60906713123313,303.34590347123606,70.07631713934374,136.6147970114178,67.52699053549408,61.88905117847244,289.65557042628507,84.89442070250838,132.38456697881105,inf,45.609401442153256,221.492403387767,140.6372821409634,193.17068207165465,42.5050814597848,71.39838856957033,148.1530033833137,221.3846066668014,201.2838723644082,inf,39.73295459992735,91.64829193534027,37.22522941027707,101.64383680349387,80.18324543730486,246.6792664559705,126.98059702146071,157.88735850331898,212.11205116729485,274.74731240385063,95.13545211159527,68.81535030523537,307.1315139104103,inf,162.9209773260289,31.269437436974584,255.36285529997457,249.49334346127034,105.35818575585294
topology_ad_dysplasia_6_clean_otras.csv,56.58011652587301,136.98060276624784,160.54805148283674,292.4292138454741,48.832915067933854,8.93223054586332e-309,53.747229181900195,286.72718647497106,65.37144664661147,35.21214536832943,61.208916505206645,278.6522220211533,96.50749254269482,323.9351124242363,111.25518536714875,287.7115641285425,345.8894338474639,152.53079101550196,236.10199807878138,39.50941214369041,183.73153249825225,285.68677569756755,105.64298885734956,168.45139334624326,169.5702676801734,108.65352914813806,303.34590347123606,43.04119954805731,107.36701659313655,44.74680748150382,34.046255501764136,289.65557042628507,108.65352914813806,98.90655652792304,inf,88.65753529842371,221.492403387767,115.41198685222776,169.03430584703318,47.28602767112916,28.34000402038668,100.63478649205439,221.3846066668014,185.26068643254035,inf,52.993047482404194,46.49809645435715,84.74344630153641,56.49364132251077,51.846256801376455,246.6792664559705,88.09861661322239,149.91213957693896,206.91704403831358,274.74731240385063,47.61723522033594,32.303296180699036,307.1315139104104,inf,115.40276043476956,78.78765432823391,255.36285529997457,249.49334346127034,60.20799027486984
topology_dysplasia_6_clean_otras.csv,43.770802536488844,130.27818394727694,136.0481355761026,292.4292138454741,97.94170988532272,53.747229181900195,1.513056848907317e-308,286.72718647497106,40.298981486141884,37.568702834413955,19.580407825353547,278.6522220211533,74.39482949763666,323.9351124242363,85.33009623655695,287.7115641285425,345.8894338474639,152.8264751717303,236.10199807878138,46.643519238096815,155.08595055913298,285.68677569756755,68.89435767084947,140.32087763477494,137.4208785632573,108.50568707002387,303.34590347123606,62.2579591242407,83.96184078940544,39.85890280297315,50.42549817097523,289.65557042628507,108.50568707002387,51.47539989277729,inf,106.64686703242239,221.492403387767,85.53835747649421,169.3299900032615,92.99884988310811,39.75189182070518,100.93047064828275,221.3846066668014,185.5563705887687,inf,70.93915334553185,53.88513604303583,92.85579068724721,44.13212415932095,81.02612826920625,246.6792664559705,69.5376970537005,104.17936218154111,207.2127281945419,274.74731240385063,88.39481180296895,64.7707762575713,307.1315139104104,inf,115.69844459099792,106.64686703242239,255.36285529997457,249.49334346127034,50.648364619405186
topology_carcinoma_17_clean_otras.csv,286.72718647497106,226.1648148626174,220.39486323379174,228.75792968104582,286.72718647497106,286.72718647497106,286.72718647497106,1.4336359323746977e-308,286.72718647497106,286.72718647497106,286.72718647497106,173.9794057976705,282.04816931225764,276.8795639709173,271.11290257333735,244.7825366803453,185.4306121069995,203.61652363816404,159.48454093258994,286.72718647497106,201.35704825076135,228.36285308915444,286.72718647497106,216.1221211751194,219.02212024663703,286.72718647497106,141.67406010733185,286.72718647497106,286.72718647497106,286.72718647497106,286.72718647497106,220.60736007206975,286.72718647497106,286.72718647497106,inf,286.72718647497106,130.46956617440804,284.7966955146617,187.11300880663282,286.72718647497106,286.72718647497106,255.5125281616116,204.53425262449156,170.88662822112565,inf,286.72718647497106,286.72718647497106,286.72718647497106,286.72718647497106,286.72718647497106,217.19049219360716,286.72718647497106,252.26363662835325,171.55296604385364,259.6859416087382,286.72718647497106,286.72718647497106,173.40515165023209,inf,240.74455421889644,286.72718647497106,187.5573467395277,222.70391992083455,286.72718647497106
topology_dysplasia_10_clean_otras.csv,50.3913744582631,94.56900297519078,141.37058016519347,292.4292138454741,110.52164212759459,65.37144664661147,40.298981486141884,286.72718647497106,1.062499915276732e-308,30.159301278282044,43.6202698107401,278.6522220211533,40.060790090961035,323.9351124242363,93.66653867268221,287.7115641285425,345.8894338474639,117.11729419964414,219.48344104542883,51.324221292674764,142.7100503770281,285.68677569756755,40.27154221073809,124.45707242857108,164.08280271123425,126.36027755606696,303.34590347123606,43.948249707358485,88.00975954520246,42.99465159210049,69.45975231762196,289.65557042628507,126.36027755606696,61.49446364426041,inf,124.07103211428154,190.2642516634001,58.545822163335835,139.94147699433216,71.55574132135135,39.12325355802426,65.22128967619656,204.53425262449156,149.8471896166825,inf,88.40654429826202,27.4681911244912,120.15694311739423,25.431986740905074,50.20250700944278,240.637977799807,64.67487402613685,132.1055893045601,175.7211689207776,274.74731240385063,59.63670571999967,48.87264374126556,307.1315139104104,inf,79.98926361891174,115.61701203815525,255.36285529997457,246.2661318104067,20.461769802787018
topology_ad_dysplasia_3_clean_otras.csv,45.408729466073424,101.76845739791841,128.70316636876782,292.4292138454741,80.36234084931253,35.21214536832943,37.568702834413955,286.72718647497106,30.159301278282044,1.685631176975782e-308,30.95285601431445,278.6522220211533,61.29534717436539,323.9351124242363,80.99912487625656,287.7115641285425,345.8894338474639,122.56612388718466,224.93227073296936,45.87539160513424,166.38834219847598,285.68677569756755,70.43084348902013,135.828063894458,145.55341479918656,123.6358627122967,303.34590347123606,41.82790965480501,75.34234574877681,31.40869461852334,64.01092263008144,289.65557042628507,123.6358627122967,63.69441115959361,inf,118.62220242674101,199.2878225043949,80.19984148389833,139.06963871871585,72.56880041367242,30.642349058859935,70.67011936373709,211.37907081305968,158.38268986595386,inf,82.9577146107215,42.05235856328403,114.70811342985371,33.87412588631784,65.80546965261854,246.08680748734753,52.88647124489296,119.43817550813449,176.95237690999625,274.74731240385063,68.30091388931024,44.34072678813561,307.1315139104104,inf,85.43809330645226,108.75232145655121,255.36285529997457,249.49334346127034,37.56876503137468
topology_ad_carcinoma_9_clean_otras.csv,52.620873627850216,117.16106694445429,122.93101857327994,292.4292138454741,110.0418315731405,61.208916505206645,19.580407825353547,286.72718647497106,43.6202698107401,30.95285601431445,2.1199117777313586e-308,278.6522220211533,61.27771249481398,323.9351124242363,72.21297923373427,287.7115641285425,345.8894338474639,139.7093581689076,236.10199807878138,45.146853182141484,141.9688335563103,285.68677569756755,55.77724066802679,127.20376063195229,142.64729069425226,115.06424557143521,303.34590347123606,52.23917425398378,68.03560478992543,44.91907953884376,50.90773198929847,289.65557042628507,115.06424557143521,44.21455890780288,inf,113.49386808096847,212.8563156326636,67.1611788526342,156.21287300043883,75.47492451860671,44.428727146793335,87.81335364546007,212.64072219073233,172.439253585946,inf,70.64577451103469,63.80248716795407,101.26855241986644,33.24644189859836,85.24234069840597,246.6792664559705,56.42058005087782,91.06224517871843,194.09561119171923,274.74731240385063,99.25376990362469,59.46687891562527,307.1315139104104,inf,102.58132758817524,113.49386808096847,255.36285529997457,249.49334346127034,39.76233590279449
topology_carcinoma_11_clean_otras.csv,278.6522220211533,210.01488595498188,204.24493432615623,120.5038013955824,278.6522220211533,278.6522220211533,278.6522220211533,173.9794057976705,278.6522220211533,278.6522220211533,278.6522220211533,2.004402870252203e-308,265.89824040462213,204.73088172435553,254.9629736657019,151.51138616273357,134.47442365262123,187.46659473052853,85.1004478847438,278.6522220211533,185.20711934312584,123.51808192040187,271.3987122314094,199.97219226748388,202.87219133900152,278.6522220211533,89.79391434404118,278.6522220211533,278.1244486702858,278.6522220211533,278.6522220211533,116.76448961724853,278.6522220211533,278.6522220211533,inf,278.6522220211533,148.069370478628,268.64676660702617,170.9630798989973,278.6522220211533,278.6522220211533,239.3625992539761,114.5352307087038,154.73669931349013,inf,278.6522220211533,278.6522220211533,278.6522220211533,278.6522220211533,278.6522220211533,90.44006199847769,270.7553728485583,236.11370772071774,133.0803417077169,177.73701641386384,278.6522220211533,278.65222202115325,113.3361097471604,inf,224.59462531126093,278.6522220211533,76.9149416482955,123.37493875842031,278.6522220211533
topology_ad_carcinoma_1_clean_otras.csv,81.52742035434645,55.88335444964031,101.30979007423247,292.4292138454741,131.18503498619694,96.50749254269482,74.39482949763666,282.04816931225764,40.060790090961035,61.29534717436539,61.27771249481398,265.89824040462213,1.675260696182946e-308,323.9351124242363,53.60574858172117,284.01692461940047,345.8894338474639,81.45236495219461,180.79779251987839,90.00986981822524,105.09299502411062,279.9673477574506,48.48817575826705,84.96908732060157,129.46097531227923,145.70310181884219,303.34590347123606,82.63389823290896,81.44853465994251,74.13069748818384,108.14540084317244,287.90493721488576,145.70310181884219,29.1211140785297,inf,145.70310181884219,151.57860313784965,88.03343358343703,125.43097703116572,102.6917872174347,74.77682727195094,61.77071694336897,188.61937914597848,111.16154109113205,inf,127.0921928238125,61.45301608466062,145.70310181884219,64.11763526645555,81.6828609786269,213.93185828420968,43.33787883810626,92.0447992135991,136.69741186349358,272.1228361634304,95.69429018384562,87.55829226681604,307.1315139104104,inf,41.30361509336126,145.70310181884219,219.31950696226477,228.99678316908273,55.656302282472495
topology_dysplasia_3_clean_otras.csv,323.9351124242363,303.76800697304736,294.81071513232223,128.96816322718865,323.9351124242363,323.9351124242363,323.9351124242363,276.8795639709173,323.9351124242363,323.9351124242363,323.9351124242363,204.73088172435553,323.9351124242363,1.0807604505094804e-308,323.9351124242363,72.44709659138766,216.55718257961348,303.76800697304736,237.47521588916868,323.9351124242363,275.7729001492918,113.46130114741351,323.9351124242363,290.5379730736498,293.43797214516746,323.9351124242363,217.5074228499721,323.9351124242363,323.9351124242363,323.9351124242363,323.9351124242363,112.54440779769504,323.9351124242363,323.9351124242363,inf,323.9351124242363,276.8795639709173,323.9351124242363,279.97749189037893,323.9351124242363,323.9351124242363,323.9351124242363,230.9677906842365,276.8795639709173,inf,323.9351124242363,323.9351124242363,323.9351124242363,323.9351124242363,323.9351124242363,154.51169193653163,323.9351124242363,323.9351124242363,250.53790021967296,116.34620459637412,323.9351124242363,323.9351124242363,208.2086280146258,inf,315.1604061174269,323.9351124242363,175.2149279549751,148.88353792593193,323.9351124242363
topology_dysplasia_7_clean_otras.csv,102.66714248979233,53.66611576831835,51.86363260028202,282.5169573143435,137.27349815612686,111.25518536714875,85.33009623655695,271.11290257333735,93.66653867268221,80.99912487625656,72.21297923373427,254.9629736657019,53.60574858172117,323.9351124242363,1.0969803619250853e-308,273.0816578804802,345.8894338474639,67.49637893517337,169.8625257809581,100.94513655714553,93.23013354692762,269.03208101853033,66.57898204382661,63.29435652158065,98.35241665042761,151.17073518830233,303.34590347123606,102.28544311592589,94.58648134322289,94.96534840078587,119.08066758209273,276.9696704759655,151.17073518830233,43.312200667339084,inf,151.17073518830233,140.64333639892934,92.93575061971191,100.77839437876244,124.29191896677325,94.47499600873545,91.96013797421332,148.21114531386564,100.22627435221176,inf,138.02745956273276,113.84875602989618,151.17073518830233,78.0588996318333,135.28860956034805,191.01706253533627,38.94847409885938,70.4426304373516,121.88263195798498,269.69867601460703,137.02743734236287,109.51314777756738,307.1315139104104,inf,30.36834835444097,151.17073518830233,208.38424022334448,216.81985682922283,89.8086047647366
topology_carcinoma_6_clean_otras.csv,287.7115641285425,244.7825366803453,226.98230647787534,82.9350331229503,287.7115641285425,287.7115641285425,287.7115641285425,244.7825366803453,287.7115641285425,287.7115641285425,287.7115641285425,151.51138616273357,284.01692461940047,72.44709659138766,273.0816578804802,1.7835095253798385e-308,149.41430397354065,248.14551963425794,203.45066069451553,287.7115641285425,203.32580355790418,128.46085920672704,287.7115641285425,218.09087648226222,220.99087555377986,287.7115641285425,196.2738275547951,287.7115641285425,287.7115641285425,287.7115641285425,287.7115641285425,62.74337036072626,287.7115641285425,287.7115641285425,inf,287.7115641285425,226.98230647787534,286.7654508218045,212.8346132843061,287.7115641285425,287.7115641285425,270.19656767001095,211.59939602260135,230.2332667068418,inf,287.7115641285425,287.7115641285425,287.7115641285425,287.7115641285425,287.7115641285425,109.95904447830986,287.7115641285425,254.23239193549608,183.39502161360014,85.02652633441681,287.7115641285425,287.7115641285425,193.7027723755682,inf,270.19656767001095,287.7115641285425,136.00166170307165,87.32521284932571,287.7115641285425
topology_carcinoma_10_clean_otras.csv,345.8894338474639,344.4893096076031,338.71935797877745,106.92044000397959,345.8894338474639,345.8894338474639,345.8894338474639,185.4306121069995,345.8894338474639,345.8894338474639,345.8894338474639,134.47442365262123,345.8894338474639,216.55718257961348,345.8894338474639,149.41430397354065,2.034162803874445e-308,321.94101838314975,219.57487153736503,345.8894338474639,319.681542995747,120.40531629979273,345.8894338474639,334.44661592010505,337.3466149916227,345.8894338474639,137.16098590753927,345.8894338474639,345.8894338474639,345.8894338474639,345.8894338474639,115.53029556157338,345.8894338474639,345.8894338474639,inf,345.8894338474639,248.79406091939376,345.8894338474639,305.43750355161853,345.8894338474639,345.8894338474639,345.8894338474639,249.00965436132503,289.21112296611136,inf,345.8894338474639,345.8894338474639,345.8894338474639,345.8894338474639,345.8894338474639,198.42033478298686,345.8894338474639,345.8894338474639,267.55476536033814,153.26684096037945,345.8894338474639,345.8894338474639,165.19268276692645,inf,345.8894338474639,345.8894338474639,181.05315709497864,192.79218077238716,345.8894338474639
topology_ad_carcinoma_15_clean_otras.csv,153.75107665249567,74.68202206912659,81.53898582367054,215.02057837917016,184.91892465588904,152.53079101550196,152.8264751717303,203.61652363816404,117.11729419964414,122.56612388718466,139.7093581689076,187.46659473052853,81.45236495219461,303.76800697304736,67.49637893517337,248.14551963425794,321.94101838314975,7.82788624128669e-309,116.02521292208542,168.4415154923189,96.8167960622996,203.20831149541903,96.46124313386477,87.82931773621422,84.81299175428612,184.91892465588904,236.85395763069414,161.06554390700262,99.87261815262289,142.29018665472745,184.91892465588904,214.26151122229066,184.91892465588904,103.84437228926583,inf,184.91892465588904,108.11492959665935,105.71649549190474,126.69981661458476,157.54392644697646,153.2084729460446,128.54868968580513,130.51052592035535,67.2097969582183,inf,184.91892465588904,125.28749369404147,184.91892465588904,142.54928094054918,149.2805050412682,165.2912389685144,83.28877811802982,55.28786750475609,107.77294757412844,251.99805662109674,142.46415683566852,165.98993794090967,244.42517850904267,inf,74.58214495027269,184.91892465588904,187.47245816427073,199.11923743571253,114.94462502627113
topology_dysplasia_2_clean_otras.csv,236.10199807878138,133.67342700071305,119.14448644141243,167.78741321758412,236.10199807878138,236.10199807878138,236.10199807878138,159.48454093258994,219.48344104542883,224.93227073296936,236.10199807878138,85.1004478847438,180.79779251987839,237.47521588916868,169.8625257809581,203.45066069451553,219.57487153736503,116.02521292208542,6.25519665273377e-309,236.10199807878138,100.10667145838204,171.54268121832814,186.29826434666558,114.87174438274008,117.77174345425772,236.10199807878138,134.4878107849094,236.10199807878138,193.024000785542,236.10199807878138,236.10199807878138,156.34002525570446,236.10199807878138,206.21051913505056,inf,236.10199807878138,116.14676299875919,183.54631872228236,96.45052135864941,236.10199807878138,236.10199807878138,204.13641431392472,55.006319331862585,94.73037926327174,inf,236.10199807878138,219.49102011845412,236.10199807878138,236.10199807878138,236.10199807878138,119.21554419959702,185.65492496381455,151.01325983597394,80.99291657642422,230.24337471807542,207.27970264095075,236.10199807878138,142.05903166325794,inf,139.7586277752901,236.10199807878138,89.16209719307952,167.2816534437248,205.40467750354702
topology_dysplasia_17_clean_otras.csv,24.46528349829478,145.89322426786555,151.6631758966912,292.4292138454741,79.10347976246823,39.50941214369041,46.643519238096815,286.72718647497106,51.324221292674764,45.87539160513424,45.146853182141484,278.6522220211533,90.00986981822524,323.9351124242363,100.94513655714553,287.7115641285425,345.8894338474639,168.4415154923189,236.10199807878138,1.3426412167237975e-308,170.7009908797216,285.68677569756755,84.50939799143805,155.93591795536355,164.71436006264986,99.90793085559207,303.34590347123606,29.601902738946734,89.53634291660384,26.15132883759145,20.29847433362628,289.65557042628507,100.6981669097296,64.95327224643793,inf,93.37344536849167,221.492403387767,87.26134361582126,184.94503032385012,60.34279349781416,29.09325338474678,116.54551096887133,221.3846066668014,201.1714109093573,inf,43.03537544982663,51.31664221964948,68.83272182471947,25.89223455176969,53.86753534868767,246.6792664559705,85.15273737428907,133.6321726759615,212.11205116729485,274.74731240385063,63.52795969715288,32.11471987227733,307.1315139104104,inf,131.3134849115865,99.90793085559207,255.36285529997457,249.49334346127034,65.4029848345566
topology_dysplasia_1_clean_otras.csv,183.73153249825225,102.70962747266427,103.88942453706846,212.76110299176747,186.04866234959036,183.73153249825225,155.08595055913298,201.35704825076135,142.7100503770281,166.38834219847598,141.9688335563103,185.20711934312584,105.09299502411062,275.7729001492918,93.23013354692762,203.32580355790418,319.681542995747,96.8167960622996,100.10667145838204,170.7009908797216,1.9925226574837555e-308,199.27622669595434,137.9964510851214,45.932345073275656,42.20566289249021,186.04866234959036,234.59448224329145,176.67436590844477,142.75420317680454,179.22369251229446,186.04866234959036,207.21381615338947,186.04866234959036,126.96408639001183,inf,186.04866234959036,102.78238074720332,145.51571609903647,45.97263232509253,183.73153249825225,175.3522944782182,166.86371196747956,85.9701188599114,105.43527786356535,inf,186.04866234959036,161.54919319453586,186.04866234959036,145.51571609903647,166.5674376104837,121.26120821276021,120.64283858967414,120.92181458823057,52.12677763540893,210.43020203858464,183.73153249825225,177.93533274255316,242.16570312163998,inf,98.94886414394512,186.04866234959036,138.62838590076842,130.47362430037623,145.91113539322475
topology_carcinoma_9_clean_otras.csv,285.68677569756755,228.36285308915444,218.31404167898472,143.11473314999768,285.68677569756755,285.68677569756755,285.68677569756755,228.36285308915444,285.68677569756755,285.68677569756755,285.68677569756755,123.51808192040187,279.9673477574506,113.46130114741351,269.03208101853033,128.46085920672704,120.40531629979273,203.20831149541903,171.54268121832814,285.68677569756755,199.27622669595434,1.2736774404544835e-308,285.4678195842379,214.04129962031237,216.94129869183,285.68677569756755,148.70984696890525,285.68677569756755,285.68677569756755,285.68677569756755,285.68677569756755,96.6761160444637,285.68677569756755,285.68677569756755,inf,285.68677569756755,215.72956905894048,282.71587395985466,185.0321872518258,285.68677569756755,285.68677569756755,253.4317066068046,169.19824054136268,197.39389952446015,inf,285.68677569756755,285.68677569756755,285.68677569756755,285.68677569756755,285.68677569756755,85.67699395573692,284.8244802013868,250.18281507354624,147.1494490605454,145.78918844813415,285.68677569756755,285.68677569756755,150.00809973519853,inf,238.66373266408942,285.68677569756755,105.59468962011812,146.7845284166698,285.68677569756755
topology_ad_carcinoma_4_clean_otras.csv,90.66291666900119,62.07651897323943,109.37413368455725,292.4292138454741,135.7527831435243,105.64298885734956,68.89435767084947,286.72718647497106,40.27154221073809,70.43084348902013,55.77724066802679,271.3987122314094,48.48817575826705,323.9351124242363,66.57898204382661,287.7115641285425,345.8894338474639,96.46124313386477,186.29826434666558,84.50939799143805,137.9964510851214,285.4678195842379,1.612524047314719e-308,114.68358228058571,146.26898195558704,142.95286590544862,303.34590347123606,80.71686719898892,59.15285050294776,83.26619380283859,102.64492901638525,289.65557042628507,142.95286590544862,47.836250169137685,inf,142.95286590544862,157.07907496463685,47.30102270522011,141.15569722851052,111.82728353208944,79.39479576876235,70.90621325802371,196.68372275630327,116.66201291791924,inf,121.5917209970253,59.14489240299241,142.95286590544862,58.61716343966836,73.61851736830212,217.19049219360716,49.29809989228258,100.10914282392389,155.41254795410157,272.1228361634304,99.90824793073776,82.05782044002885,307.1315139104104,inf,56.18122253373892,142.95286590544862,224.81997878905196,222.70391992083455,45.43499858247972
topology_carcinoma_7_clean_otras.csv,156.06013707443907,84.45664952420722,82.48556952301675,227.5261759161255,178.66612588741134,168.45139334624326,140.32087763477494,216.1221211751194,124.45707242857108,135.828063894458,127.20376063195229,199.97219226748388,84.96908732060157,290.5379730736498,63.29435652158065,218.09087648226222,334.44661592010505,87.82931773621422,114.87174438274008,155.93591795536355,45.932345073275656,214.04129962031237,114.68358228058571,1.9643546855093167e-308,47.06202666073841,178.66612588741134,249.3595551676495,148.55994637004727,127.97875211257184,148.6634142082765,174.07144898031072,221.9788890777475,178.66612588741134,98.19239685343439,inf,178.66612588741134,90.92080811532996,127.97875211257184,61.07288424459543,168.45139334624326,144.79201617420023,136.3034336634616,104.22309680836844,72.64718739981092,inf,178.66612588741134,144.63928978578502,178.66612588741134,130.04368340359383,152.4227042203073,136.02628113711825,90.51314273364122,108.44780533723824,66.89185055976697,217.90158153799877,165.30546833617564,153.48434040395432,256.93077604599796,inf,75.5287286496189,178.66612588741134,153.39345882512646,154.46406644899008,122.18310024973411
topology_carcinoma_8_clean_otras.csv,168.22784173892774,127.06963191277887,129.54759618375516,230.42617498764315,177.21612635165252,169.5702676801734,137.4208785632573,219.02212024663703,164.08280271123425,145.55341479918656,142.64729069425226,202.87219133900152,129.46097531227923,293.43797214516746,98.35241665042761,220.99087555377986,337.3466149916227,84.81299175428612,117.77174345425772,164.71436006264986,42.20566289249021,216.94129869183,146.26898195558704,47.06202666073841,8.223811972151675e-309,177.21612635165252,252.25955423916713,168.22784173892774,144.65053697704172,164.98226813272402,171.17144990879308,224.87888814926515,177.21612635165252,126.24512714272339,inf,177.21612635165252,137.98283477606836,153.72510585198933,57.94951913040458,169.5702676801734,159.42554844593053,168.22784173892774,88.33696063029771,87.31327955106295,inf,177.21612635165252,169.06149985365823,177.21612635165252,164.76124947699634,169.06149985365823,138.9262802086359,123.77572635987934,105.79706487905878,69.7918496312846,205.105136966514,169.06149985365823,169.06149985365823,259.8307751175156,inf,122.59075531035731,177.21612635165252,156.2934578966441,152.2263177811298,162.95323538635574
topology_ad_dysplasia_8_clean_otras.csv,107.90699838549872,173.64477904366237,176.5297548580752,292.4292138454741,61.60906713123313,108.65352914813806,108.50568707002387,286.72718647497106,126.36027755606696,123.6358627122967,115.06424557143521,278.6522220211533,145.70310181884219,323.9351124242363,151.17073518830233,287.7115641285425,345.8894338474639,184.91892465588904,236.10199807878138,99.90793085559207,186.04866234959036,285.68677569756755,142.95286590544862,178.66612588741134,177.21612635165252,1.30814580641944e-308,303.34590347123606,100.5925311309918,139.5899976860104,113.77383132852532,84.17286641105542,289.65557042628507,25.198032834411976,132.99673851125613,inf,20.46974872406875,221.492403387767,144.32883871764022,193.17068207165465,104.11414859101794,108.31468818286675,158.97092239416526,221.3846066668014,201.28387236440824,inf,62.00128043089887,126.35648801955432,32.638648975945785,113.64428418561442,110.27867213525494,246.6792664559705,143.2745355968741,160.5953681607944,212.11205116729485,274.74731240385063,132.462146758306,95.66813709708472,307.1315139104104,inf,166.35490936552281,30.972969612352145,255.36285529997457,249.49334346127034,133.3996593270079
topology_carcinoma_13_clean_otras.csv,303.34590347123606,259.4022488551475,253.63229722632184,171.818098666497,303.34590347123606,303.34590347123606,303.34590347123606,141.67406010733185,303.34590347123606,303.34590347123606,303.34590347123606,89.79391434404118,303.34590347123606,217.5074228499721,303.34590347123606,196.2738275547951,137.16098590753927,236.85395763069414,134.4878107849094,303.34590347123606,234.59448224329145,148.70984696890525,303.34590347123606,249.3595551676495,252.25955423916713,303.34590347123606,1.463659171937661e-308,303.34590347123606,303.34590347123606,303.34590347123606,303.34590347123606,160.37071070461735,303.34590347123606,303.34590347123606,inf,303.34590347123606,163.70700016693812,303.34590347123606,220.35044279916292,303.34590347123606,303.34590347123606,288.7499621541417,163.92259360886942,204.12406221365575,inf,303.34590347123606,303.34590347123606,303.34590347123606,303.34590347123606,303.34590347123606,116.63512285102291,303.34590347123606,285.5010706208833,182.46770460788252,230.24337471807542,303.34590347123606,303.34590347123606,91.90388570264591,inf,273.9819882114265,303.34590347123606,95.96609634252303,155.43106475002935,303.34590347123606
topology_ad_carcinoma_3_clean_otras.csv,21.89763312774039,138.51725268254927,149.98948460843718,292.4292138454741,70.07631713934374,43.04119954805731,62.2579591242407,286.72718647497106,43.948249707358485,41.82790965480501,52.23917425398378,278.6522220211533,82.63389823290896,323.9351124242363,102.28544311592589,287.7115641285425,345.8894338474639,161.06554390700262,236.10199807878138,29.601902738946734,176.67436590844477,285.68677569756755,80.71686719898892,148.55994637004727,168.22784173892774,100.5925311309918,303.34590347123606,1.8400828542313197e-308,100.26519300135226,23.723435624034266,25.511502610263477,289.65557042628507,104.38615270238773,88.94859266754219,inf,84.3462827453672,221.492403387767,90.4858651938671,177.56905873853384,36.893159177160435,37.503341288270846,109.16953938355505,221.3846066668014,193.795439324041,inf,46.23202014571933,43.9406706343332,76.20869341003575,42.76335221451458,49.63393056070788,246.6792664559705,77.7767657889728,140.72449374780382,212.11205116729485,274.74731240385063,56.1519881118366,22.946191755939367,307.1315139104104,inf,123.93751332627022,93.98181583751517,255.36285529997457,249.49334346127034,58.027013249240326
topology_ad_dysplasia_4_clean_otras.csv,97.01036336231257,86.00856373620599,82.65578798503512,292.4292138454741,136.6147970114178,107.36701659313655,83.96184078940544,286.72718647497106,88.00975954520246,75.34234574877681,68.03560478992543,278.1244486702858,81.44853465994251,323.9351124242363,94.58648134322289,287.7115641285425,345.8894338474639,99.87261815262289,193.024000785542,89.53634291660384,142.75420317680454,285.68677569756755,59.15285050294776,127.97875211257184,144.65053697704172,139.5899976860104,303.34590347123606,100.26519300135226,1.2589741151269294e-308,89.30856927330612,95.91919257750882,289.65557042628507,139.5899976860104,57.70016385130779,inf,139.5899976860104,163.80481140351327,53.708419427893205,141.8968030909008,124.66977601260808,88.8182168812557,88.40420124635608,163.589217961582,123.38774935679567,inf,115.03526424549705,108.19197690241643,139.5899976860104,72.40212050435355,129.6318304328683,214.17853753992017,71.423009248576,81.07710928321146,145.0441069625689,271.0160783040252,134.19904777862303,103.85636865008763,307.1315139104104,inf,83.21565553603665,139.5899976860104,231.54571522792838,219.80669155051987,84.15182563725685
topology_ad_carcinoma_8_clean_otras.csv,18.221305028231143,119.7418954302741,142.66938989329714,292.4292138454741,67.52699053549408,44.74680748150382,39.85890280297315,286.72718647497106,42.99465159210049,31.40869461852334,44.91907953884376,278.6522220211533,74.13069748818384,323.9351124242363,94.96534840078587,287.7115641285425,345.8894338474639,142.29018665472745,236.10199807878138,26.15132883759145,179.22369251229446,285.68677569756755,83.26619380283859,148.6634142082765,164.98226813272402,113.77383132852532,303.34590347123606,23.723435624034266,89.30856927330612,1.1796615860259726e-308,44.28685986253864,289.65557042628507,113.7738313285253,76.52976147341207,inf,98.89813965919822,215.43714411848345,93.03519179771676,158.79370148625867,54.99992752776443,38.01673058280569,90.39418213127988,215.22155067655217,175.02008207176584,inf,63.233651843178706,30.71896310709755,94.98405066231092,34.11684626799979,65.9762538114299,246.6792664559705,65.97368375424051,133.40439903266378,196.67643967753907,274.74731240385063,54.334690364780926,32.07532393313962,307.1315139104104,inf,105.16215607399505,91.4324892336655,255.36285529997457,249.49334346127034,39.25165599696515
topology_dysplasia_12_clean_otras.csv,32.8259698647704,164.02875529281272,169.79870692163837,292.4292138454741,61.88905117847244,34.046255501764136,50.42549817097523,286.72718647497106,69.45975231762196,64.01092263008144,50.90773198929847,278.6522220211533,108.14540084317244,323.9351124242363,119.08066758209273,287.7115641285425,345.8894338474639,184.91892465588904,236.10199807878138,20.29847433362628,186.04866234959036,285.68677569756755,102.64492901638525,174.07144898031072,171.17144990879308,84.17286641105542,303.34590347123606,25.511502610263477,95.91919257750882,44.28685986253864,7.008850426576086e-309,289.65557042628507,91.63040139725598,82.73267422800026,inf,76.15901678449589,221.492403387767,105.39687464076844,193.17068207165465,42.57335171213288,33.3685735712215,134.6810419938185,221.3846066668014,201.28387236440824,inf,36.12441766857101,69.45217324459666,51.53421743510964,44.02776557671689,44.728926789497564,246.6792664559705,103.28826839923627,139.39305148311848,212.11205116729485,274.74731240385063,81.66349072210008,20.587108576356396,307.1315139104104,inf,149.44901593653367,85.79454987664386,255.36285529997457,249.49334346127034,83.53851585950379
