,topology_carcinoma_10_clean.csv,topology_dysplasia_18_clean.csv,topology_ad_carcinoma_2_clean.csv,topology_carcinoma_2_clean.csv,topology_ad_carcinoma_10_clean.csv,topology_ad_carcinoma_9_clean.csv,topology_dysplasia_5_clean.csv,topology_ad_carcinoma_3_clean.csv,topology_dysplasia_14_clean.csv,topology_ad_carcinoma_1_clean.csv,topology_dysplasia_13_clean.csv,topology_dysplasia_17_clean.csv,topology_carcinoma_8_clean.csv,topology_dysplasia_10_clean.csv,topology_carcinoma_20_clean.csv,topology_dysplasia_11_clean.csv,topology_ad_carcinoma_8_clean.csv,topology_carcinoma_13_clean.csv,topology_ad_carcinoma_4_clean.csv,topology_carcinoma_9_clean.csv,topology_ad_carcinoma_12_clean.csv,topology_carcinoma_4_clean.csv,topology_ad_carcinoma_15_clean.csv,topology_ad_carcinoma_5_clean.csv,topology_ad_dysplasia_8_clean.csv,topology_dysplasia_7_clean.csv,topology_carcinoma_17_clean.csv,topology_dysplasia_19_clean.csv,topology_carcinoma_5_clean.csv,topology_dysplasia_8_clean.csv,topology_carcinoma_7_clean.csv,topology_carcinoma_19_clean.csv,topology_ad_carcinoma_11_clean.csv,topology_carcinoma_18_clean.csv,topology_carcinoma_11_clean.csv,topology_carcinoma_16_clean.csv,topology_dysplasia_12_clean.csv,topology_ad_dysplasia_1_clean.csv,topology_dysplasia_1_clean.csv,topology_ad_dysplasia_3_clean.csv,topology_ad_carcinoma_6_clean.csv,topology_dysplasia_16_clean.csv,topology_dysplasia_15_clean.csv,topology_dysplasia_4_clean.csv,topology_ad_dysplasia_2_clean.csv,topology_ad_carcinoma_7_clean.csv,topology_ad_carcinoma_13_clean.csv,topology_ad_dysplasia_6_clean.csv,topology_ad_dysplasia_9_clean.csv,topology_carcinoma_3_clean.csv,topology_carcinoma_6_clean.csv,topology_ad_dysplasia_4_clean.csv,topology_dysplasia_6_clean.csv,topology_ad_dysplasia_10_clean.csv,topology_ad_dysplasia_5_clean.csv,topology_carcinoma_14_clean.csv,topology_carcinoma_12_clean.csv,topology_carcinoma_15_clean.csv,topology_carcinoma_1_clean.csv
topology_carcinoma_10_clean.csv,0.0,18662.959796892286,19181.24184274565,2965.385480159069,20525.532708319668,19219.396095607317,2147.8630801175814,19534.958345833842,16155.485593444831,20575.68025233956,6557.588602090882,8302.879493195574,3444.2012857607747,3425.822807393171,7293.650969263461,3202.8271710760505,23605.522642232678,4828.1000342359885,22643.410850768825,1676.0051543562022,19061.066410706575,2165.218418932604,16752.366177072618,23500.176363646002,30911.681615428122,7515.799490469712,6499.962853844606,10605.895153986796,2293.528602917992,6751.488872630352,2299.400467398372,3057.7546653563695,13172.44311056916,3968.5943543772632,2631.048154805785,1996.7840407183864,5820.415567996503,12337.4370172555,2204.7276621359692,20006.819353239694,25451.611767524802,24069.111069574392,15101.401351749986,1959.7721887252117,18047.72871205287,24393.534329116996,24512.61823769674,21798.533150622043,29094.022134940056,3651.663069382527,5998.1982583006675,22574.75826855971,6615.63249568377,12831.439800739534,24615.48352880265,11618.802479098482,7371.636537111129,5350.814764160993,4127.406991075629
topology_dysplasia_18_clean.csv,18662.959796892286,0.0,12983.395901820219,17156.59795051137,13941.66517949575,13166.993981841142,18224.478428288683,13484.173817978824,2676.627579177308,14239.119326719456,14340.331845016273,11643.186834806946,16908.735913036176,17941.584702217508,14968.357415040631,16367.488045402595,15434.485852384898,16051.451980253863,14537.312563869282,19132.81709684856,8529.432295915978,17449.526913697315,4826.579657520761,14640.832108479035,12266.868303669491,15261.734769612,13749.975536189095,8148.972335205206,18257.419680479677,15499.540583946273,18031.909457560916,20568.584326295073,9635.683867043892,17368.021965327935,17300.195315899986,20054.641664215476,13597.831480523677,11933.99930076491,18201.21679275814,4672.519629482006,10510.107482723603,5439.819087214384,3943.8818468853356,18748.790670219358,7477.648330453275,15633.278906891388,11673.343597296787,4708.826743567883,10594.911820153042,16137.99382730553,16585.124382455626,6658.289678327574,15475.90960797005,12802.101358877675,9692.39760574749,10433.306427890966,15575.40583963765,17580.038397692915,17703.36832744519
topology_ad_carcinoma_2_clean.csv,19181.24184274565,12983.395901820219,0.0,16720.72506192218,1415.1763020835378,819.1532755846129,17472.367092850356,964.7323510519851,11602.673564575633,1601.0289551704948,12640.702311094568,11301.631925726737,15908.26895595084,16588.367744778207,12327.745276913669,16065.196021693326,4438.757744009033,14488.826910876092,3580.302313151775,18517.196248771863,4810.224244216892,17093.376496737703,8689.963990922091,4493.3272126104475,20643.191376643015,12235.575513196574,12730.304249853885,14852.184382007214,17393.082033541028,12951.324840165838,17538.148804277385,21954.849183034006,7065.823356106743,21124.87611813074,16591.734546052918,21143.725216111092,14349.782339413923,6905.2429111764495,17845.530290152525,9667.158055760176,11743.071998394535,13909.148857752192,10859.153716844688,18993.70543300397,5857.314182893103,5352.521796439687,8594.57072478343,12124.397498865113,18851.95979779075,16372.510974495197,14507.647561364767,11346.156487703294,13058.948451702354,6770.754181559172,11683.860630953268,7828.715409410805,12149.84128433758,15074.780914096244,16270.913189420022
topology_carcinoma_2_clean.csv,2965.385480159069,17156.59795051137,16720.72506192218,0.0,18018.730815401927,16747.70070987069,1809.4279311220341,17180.042835358418,14623.114962384207,18029.722318097567,4435.062302207051,6138.728284463122,2271.9613600624316,1805.5073738728213,4506.592589265136,1234.1445637549605,21103.47383756946,2745.1371274706644,20213.643549718756,2580.4624799909802,17088.16086358402,2138.9211137118727,15443.129054471781,21086.18291906807,29382.319691931956,4705.979138659029,4136.712639317691,10118.817476015385,1748.4190476906385,3951.1120651852684,1253.4595082607589,5761.025106540376,11742.082100413472,6730.283575760995,2576.220123048505,4745.733465350371,5892.151392357182,9869.382973302052,1354.7271380878747,18489.059773016983,23713.083224621925,22543.61607569803,13617.33854708609,2372.6652094907804,16166.47990757083,21965.128260442503,22515.41359186924,20435.955111439896,27620.032625091837,1316.2997137561006,3125.9686781770124,21020.82561719191,3811.9725718583636,10595.868706899175,22900.01851688899,9683.743606196094,4753.231831533973,2546.371465624382,1335.1968903742775
topology_ad_carcinoma_10_clean.csv,20525.532708319668,13941.66517949575,1415.1763020835378,18018.730815401927,0.0,1333.0371861651406,18807.854902793824,1250.1550183867453,12576.860287213301,1220.2319179848541,13989.085435327079,12537.73347221061,17245.795723767715,17907.506846385306,13590.662336337775,17396.370975778736,3134.7444365615243,15823.006644077977,2409.904513262814,19851.662574623522,5752.180062541712,18433.696123338646,9719.036371167913,3339.6488279796417,20246.435653449298,13484.488387297975,14046.838180812922,16029.72949256268,18733.39950563541,14227.079826189467,18861.30587492322,23302.319775343312,8324.883557822019,22454.47303868573,17942.623484260985,22495.517323716795,15678.306692068572,8233.214916253106,19177.164230871436,10467.123885004103,11336.187645303633,14377.157258825418,11915.458733883177,20328.95222355592,6512.064020417408,4176.7680248772585,8112.0862419342775,12930.039803417325,18550.56834009002,17695.15704812672,15688.001009896017,11286.739439787163,14291.445163914881,8089.317198332325,11283.694989597214,9157.814467893802,13457.207099376688,16330.71781278601,17525.88082862672
topology_ad_carcinoma_9_clean.csv,19219.396095607317,13166.993981841142,819.1532755846129,16747.70070987069,1333.0371861651406,0.0,17506.489093336404,847.0385478973333,11665.620751140013,1886.1764712156212,12682.185363901564,11321.37147353061,15943.354350837642,16624.57372081209,12355.217449325026,16095.256811326688,4405.2185535043145,14525.855372353382,3575.525177659636,18554.413967675187,5299.946768010419,17136.360656937748,8906.645669835129,4503.829748581395,21041.923087127667,12250.230337883058,12758.990867451088,14879.279943848745,17438.48535016133,12978.613829641881,17569.292587852335,21997.441692446362,7090.73966287789,21160.32277608732,16630.367714664408,21183.391075573825,14385.794359583591,6941.338441622744,17881.16708392292,10194.044979428862,12126.2957010058,14448.15666698598,10914.588655787988,19030.35595537651,6247.105921533572,5360.348084293649,8916.557462204808,12671.584091042207,19246.778994966968,16403.09381934622,14533.120209102479,11736.591468996243,13081.63556910323,6805.021215802736,12080.155435727258,7865.917005316054,12183.921514131975,15097.255082892878,16298.406480670648
topology_dysplasia_5_clean.csv,2147.8630801175814,18224.478428288683,17472.367092850356,1809.4279311220341,18807.854902793824,17506.489093336404,0.0,17877.908881976986,15711.416270284864,18821.981384092418,4901.6704144084715,7296.896398744224,1863.3195686038682,1480.654886576203,5360.106673497829,2141.33008701155,21899.929221255014,3025.954412385915,20982.0929004548,1126.3299735613,17762.85811799284,1282.2973358905247,16034.816840479098,21857.774748021206,30474.015263888716,5527.132102567523,4852.692035364265,10289.336557826195,438.3343487371747,4772.074444500074,717.5659188974423,4829.684874129908,11989.084309229493,5950.202416377856,1638.4639542157054,3933.767499165452,5288.899728678985,10580.734918647755,854.0381477437487,19262.946958218894,24437.98804924932,23628.164886243183,14662.740475680774,1755.9839025733766,16879.02768137602,22743.31577628159,23227.28794011743,21258.8387270293,28678.017908213234,2650.283563552385,4269.554259258683,21794.025101924086,4808.450504666181,11144.06505330114,23630.39405952907,10169.556103316121,5446.628539334125,3214.807357071332,2053.6519864222178
topology_ad_carcinoma_3_clean.csv,19534.958345833842,13484.173817978824,964.7323510519851,17180.042835358418,1250.1550183867453,847.0385478973333,17877.908881976986,0.0,12087.333544772584,1883.614116240321,13074.00951321836,11847.826755740583,16196.771284976789,16922.532478082834,12810.536843544101,16505.19906170081,4175.750387990219,14926.942328487654,3388.067297408395,18872.525225505477,5451.83953225513,17525.644885010577,8964.099131589881,4325.516357641606,21261.94499880693,12671.211777146887,13195.422734937849,15103.071831799123,17786.36759927684,13389.207247607526,17970.622321075953,22351.4671383242,7344.7214740196605,21474.398599211963,16992.36516051073,21509.300916211516,14734.1841168502,7336.554195126401,18168.58849079768,10236.318729529314,12349.910369121077,14681.221300657815,11285.761808819425,19354.718875861676,6640.293555577035,5180.878498727122,9137.799418124641,12541.152205684783,19417.783836701354,16773.17415620638,15020.016505715008,11965.28148192329,13556.435504966152,7042.407890790305,12308.95761644665,8218.904633062244,12598.350983690836,15513.111344554183,16720.952389733597
topology_dysplasia_14_clean.csv,16155.485593444831,2676.627579177308,11602.673564575633,14623.114962384207,12576.860287213301,11665.620751140013,15711.416270284864,12087.333544772584,0.0,12948.795213882857,11826.130415431611,9054.698750699152,14398.610051493348,15433.014567671944,12384.079028782886,13856.143139888813,14517.186896606461,13534.480304889086,13531.433315418757,16622.98851308282,7598.967378995976,14929.133894364599,3647.495610552843,13774.39650520432,14779.707747123635,12725.480278372755,11210.25635290517,5902.5035030450235,15739.646345771152,12975.770706299805,15518.435202042545,18058.44070590268,7411.238115484227,14989.871435447067,14784.392773389316,17551.557599174725,11090.797218837268,9515.513836164868,15693.522254034626,5191.45010496571,11279.58075852362,7950.818075498252,1404.9033330361929,16245.392117284826,6269.362918351818,14832.251726419789,11664.969557868164,6369.328708614572,13033.139532111185,13641.76360009283,14003.314340360015,7663.116031060268,12879.969448735794,10413.142457634436,10386.59606761431,7946.689859654883,13049.047979603745,15046.740583431876,15174.228886919587
topology_ad_carcinoma_1_clean.csv,20575.68025233956,14239.119326719456,1601.0289551704948,18029.722318097567,1220.2319179848541,1886.1764712156212,18821.981384092418,1883.614116240321,12948.795213882857,0.0,14028.137603419958,12725.71659225778,17273.98416036971,17917.440542359127,13605.903396631093,17425.06722394156,3129.8002663758016,15835.511579208882,2380.089039500549,19870.066859408977,5871.186187276806,18460.67924273316,10024.626187858119,3325.433450159774,20167.543258560243,13503.358486598385,14098.159350765141,16362.623857196086,18734.185755438597,14227.034637407061,18868.42775431756,23353.05262266613,8607.869617895542,22593.497072710106,17973.079130385384,22533.255513338343,15842.932547255132,8258.216483534166,19191.69184168066,10426.198473699998,11303.284811037092,14410.951271503789,12280.312744967629,20348.08482522818,6893.153855810385,4150.735055870868,8157.518557616561,12821.521312126812,18387.73917058539,17736.089323876018,15734.326379215365,10945.978019247648,14319.156714354078,8103.2239520351995,11209.727697349797,9319.116661121634,13452.804946776701,16335.631567263405,17548.93731533814
topology_dysplasia_13_clean.csv,6557.588602090882,14340.331845016273,12640.702311094568,4435.062302207051,13989.085435327079,12682.185363901564,4901.6704144084715,13074.00951321836,11826.130415431611,14028.137603419958,0.0,3436.6391268113007,3314.2303815871337,4183.275815315427,2119.424724637816,3487.1933648698573,17062.824349300172,2100.1531709072738,16127.148492722905,5937.664732408458,12996.652961937003,4483.398391951618,11974.612067222753,16992.80041685414,26586.52484647067,2577.8422730695474,1511.7885289986943,7953.53599312652,4892.91319874075,2250.301208179619,4986.67451225665,9352.215282865518,7385.502421205749,8980.686793257093,4145.940115749882,8517.467215063412,4127.323431167688,5802.529617575452,5295.450706938246,15185.426478648918,19897.341325160236,19740.86280406375,10776.757923092275,6415.293885801348,12272.869580449818,17875.726731513554,18438.991417590812,17319.79851355959,24793.96419812578,3840.2415504934966,4087.275042427786,17603.340959285226,2935.4428882097463,6484.937931220855,19128.196946366887,5386.260823314741,1767.0792722804845,3591.8704989217927,4177.247840677664
topology_dysplasia_17_clean.csv,8302.879493195574,11643.186834806946,11301.631925726737,6138.728284463122,12537.73347221061,11321.37147353061,7296.896398744224,11847.826755740583,9054.698750699152,12725.71659225778,3436.6391268113007,0.0,6202.664814365493,6819.288112394936,3779.8607941119144,5493.445438265247,15562.90559216703,5073.522241492775,14549.86781034224,8178.21029906168,11115.910189239657,6782.827008735027,9714.681834788571,15363.623328575435,23447.833001739986,4033.780272138558,2638.0324656052867,7189.219083424724,7352.125905090849,4337.113777752021,7056.58410638578,11210.131639927127,6552.053054154279,9926.284415279677,6819.690472143862,10147.824387485849,4733.131323299588,5360.113333879686,7167.433353726076,12603.14625511656,17690.759461424444,16608.75434938023,7865.427624465109,8209.122508781533,10143.21692043296,16280.429304906607,16483.340931246523,14686.786883468123,21694.965724480524,5544.896556026921,5139.804603839478,15057.022546771768,4060.7472726893525,6600.807403144732,16879.688524003443,4675.410424949092,4928.426393094537,6412.443866237292,6545.237708393965
topology_carcinoma_8_clean.csv,3444.2012857607747,16908.735913036176,15908.26895595084,2271.9613600624316,17245.795723767715,15943.354350837642,1863.3195686038682,16196.771284976789,14398.610051493348,17273.98416036971,3314.2303815871337,6202.664814365493,0.0,1747.0020870782048,4065.173875753477,1671.6487435919944,20336.517879519404,1495.8559245806966,19398.118417925332,2790.8396102756305,16108.43205463469,1427.4349697775406,14351.148473092293,20273.105416297138,29157.283493142746,4369.715378803493,3702.3954118655397,8888.434030053862,1906.3418393703682,3669.782513280608,2189.9561996735047,6270.522914541533,10216.64728176014,6447.462613765558,1077.5373916986775,5405.411519464511,4042.641705013567,9029.63863733528,2264.0761766390137,17768.192625208398,22801.804023249293,22315.226422290616,13345.484911701982,3335.9388053856824,15238.120933723681,21160.200291482117,21574.053269228298,19816.09300073387,27313.683299390166,2393.4411026896723,4318.758966534176,20248.024813765587,3947.1833386245585,9427.865816080286,22003.65323137752,8509.277822643355,4045.5815206413376,3025.306861997539,2651.066054895163
topology_dysplasia_10_clean.csv,3425.822807393171,17941.584702217508,16588.367744778207,1805.5073738728213,17907.506846385306,16624.57372081209,1480.654886576203,16922.532478082834,15433.014567671944,17917.440542359127,4183.275815315427,6819.288112394936,1747.0020870782048,0.0,4382.387252211159,1930.8735832360073,21013.170615072657,2382.249435151058,20112.640431313463,2233.5464252597826,17139.131700173977,2162.521960588441,15660.089783518748,21006.123904130778,30184.30198296171,4531.05852669978,4417.272757145406,10028.799224864975,1326.916402319212,3783.3410620452855,1665.8603337507818,6034.37703949307,11217.130757371106,7207.383821684185,2367.5997561088057,5062.331515805606,5540.419786370891,9709.194092466882,1653.8041549019658,18983.381300263503,23959.84185951878,23347.305174611116,14379.523650029261,2764.346733472647,16352.745322429342,21887.843395724056,22594.308704886975,20971.746749360096,28348.53593151895,2376.6759267817097,3280.845644255513,21499.607248924793,3798.24628930788,10149.701061858363,23178.5128208055,9480.243494791657,4486.319112369848,2026.3650595311888,1106.7416644670495
topology_carcinoma_20_clean.csv,7293.650969263461,14968.357415040631,12327.745276913669,4506.592589265136,13590.662336337775,12355.217449325026,5360.106673497829,12810.536843544101,12384.079028782886,13605.903396631093,2119.424724637816,3779.8607941119144,4065.173875753477,4382.387252211159,0.0,4261.275997426955,16682.240902556034,2787.5639372927885,15830.806915653933,6421.549124831634,13316.00246626494,5176.995138049083,12750.525217133136,16719.283721561387,27096.80127838998,649.2759849947512,2219.9786506673063,9972.632600879524,5286.802831972113,763.1053104538457,5377.690799403793,10093.418057645256,8325.824226186372,10348.241465443762,4967.75856108758,9227.904560181041,6195.382133652803,5611.371950819483,5701.497263079383,15800.940747514145,20324.279685071782,20264.41082952397,11377.336224588791,6870.258415073687,12700.765564896863,17589.94716037339,18652.43185803634,18041.951650959552,25346.866479262375,4612.5473477716305,2552.0354137171157,18168.021345041732,1208.7072448998106,6384.1237504695855,19572.174670475088,6144.891328600728,2452.8079634497744,3038.5943459545615,3954.116186130861
topology_dysplasia_11_clean.csv,3202.8271710760505,16367.488045402595,16065.196021693326,1234.1445637549605,17396.370975778736,16095.256811326688,2141.33008701155,16505.19906170081,13856.143139888813,17425.06722394156,3487.1933648698573,5493.445438265247,1671.6487435919944,1930.8735832360073,4261.275997426955,0.0,20479.558242943778,1876.6354855239304,19551.54306351842,3077.767811069961,16280.042881341285,1955.5677890042525,14506.580756071937,20420.96917781304,28613.673224732986,4555.948552358429,3399.2582530233276,9023.785048499974,2115.3480408463743,3821.4595708906077,1852.2258457813184,6050.41512247313,10736.663176507254,6245.078538906198,2146.104816745341,5143.885792309554,4795.706449474077,9185.809554132169,2041.0112080501626,17627.199981255595,22910.6401667461,21767.809682819898,12817.480117421637,2982.591427109027,15372.098621063617,21305.675942132304,21737.195683235088,19519.13863301157,26829.883354220914,853.3451348231558,3680.1754167550425,20176.50886107927,3786.02213427353,9873.155658870242,22098.552962717145,8765.8760203549,4242.455539134051,2787.1528360805264,1885.171352098412
topology_ad_carcinoma_8_clean.csv,23605.522642232678,15434.485852384898,4438.757744009033,21103.47383756946,3134.7444365615243,4405.2185535043145,21899.929221255014,4175.750387990219,14517.186896606461,3129.8002663758016,17062.824349300172,15562.90559216703,20336.517879519404,21013.170615072657,16682.240902556034,20479.558242943778,0.0,18900.479716276466,1225.7011479585274,22948.88148155152,7032.870162317556,21501.36670466301,11543.308310858223,1145.224330765065,18766.142139671916,16592.98512774869,17114.487531732215,18600.36247492483,21823.712610796185,17322.042658526152,21952.987791336785,26372.1291675552,11210.356896263382,25473.494441590807,21018.980131867953,25569.36244091764,18673.402395286044,11324.337474170175,22274.806422588354,11113.033067399558,9885.185201245413,14647.334889854968,14112.943788013641,23425.0167790185,8271.740531925263,1469.9796805403203,6615.908060310115,13184.586379600683,17176.677559638167,20782.859630029907,18791.672724488562,10788.70083975816,17383.49787470056,11193.317784154418,9803.71097928149,12174.069679004722,16549.689050428486,19422.951936820904,20614.604393618712
topology_carcinoma_13_clean.csv,4828.1000342359885,16051.451980253863,14488.826910876092,2745.1371274706644,15823.006644077977,14525.855372353382,3025.954412385915,14926.942328487654,13534.480304889086,15835.511579208882,2100.1531709072738,5073.522241492775,1495.8559245806966,2382.249435151058,2787.5639372927885,1876.6354855239304,18900.479716276466,0.0,17988.2053736677,4067.853766581496,14854.94238385213,2694.7010479132805,13701.3232165223,18857.384298171484,28294.576039655385,3166.0709165039843,2653.704210900178,8579.387315889153,3031.361092955458,2496.071580594952,3108.4364059935374,7617.990978790761,9248.095501716765,7671.999688794247,2281.29887053963,6774.077585589004,4082.9858909576196,7605.858252555457,3422.3563521161373,16858.675247770134,21678.143867736708,21451.038037873037,12508.293684552678,4547.008669864395,14059.608669186933,19736.62179450972,20301.429745685047,19031.99293770169,26514.712368978886,2621.5560286611435,3642.0029155680913,19290.878281088666,2889.3761457381643,8260.477708406892,20898.815136659225,7272.995074722186,2587.3255110134946,2351.277916661776,2642.328273596983
topology_ad_carcinoma_4_clean.csv,22643.410850768825,14537.312563869282,3580.302313151775,20213.643549718756,2409.904513262814,3575.525177659636,20982.0929004548,3388.067297408395,13531.433315418757,2380.089039500549,16127.148492722905,14549.86781034224,19398.118417925332,20112.640431313463,15830.806915653933,19551.54306351842,1225.7011479585274,17988.2053736677,0.0,22019.215869526954,6084.2948852125055,20569.85439730327,10531.358671852417,1028.1408303227583,18987.067516674688,15741.917072608527,16181.984527287512,17509.825131533926,20928.394788903348,16475.562719979644,21046.613583301973,25404.734878375777,10120.801661912868,24425.098253333552,20079.181842337883,24612.253860855726,17624.572676923057,10419.985897084845,21351.308777031954,10379.150758004762,10061.665620294536,14098.354631866154,13078.500504330299,22494.061884180577,7288.681482719663,2161.842298648366,6835.934156228852,12617.450700511805,17279.47114293993,19840.182562888916,17960.730962137328,10465.024748566171,16544.150268937326,10305.969248248637,10010.71854054142,11141.502277366117,15677.595127081853,18589.81464660783,19760.235671597395
topology_carcinoma_9_clean.csv,1676.0051543562022,19132.81709684856,18517.196248771863,2580.4624799909802,19851.662574623522,18554.413967675187,1126.3299735613,18872.525225505477,16622.98851308282,19870.066859408977,5937.664732408458,8178.21029906168,2790.8396102756305,2233.5464252597826,6421.549124831634,3077.767811069961,22948.88148155152,4067.853766581496,22019.215869526954,0.0,18770.427270856428,1914.3863971841756,16943.566052084014,22901.682963507057,31380.04148398713,6573.776685252045,5892.360171430871,11094.226764008681,1191.9039657730862,5820.930624237429,1394.3682519328859,3940.972367219422,12879.050077436397,5588.7592400520125,2284.4203043938032,2969.3129087759075,5984.306913781997,11631.693821160976,1332.515142600099,20224.303863592788,25410.0980233691,24538.815216606683,15568.600793309572,1497.0198640693065,17870.95352030496,23787.347898738382,24236.300790828336,22146.32170009659,29561.3178323729,3492.831556172032,5075.430573719862,22771.294045239603,5799.641135252455,12114.26187154802,24605.44649724333,11178.162536008507,6496.175810461964,4095.0478914026808,2758.914764060809
topology_ad_carcinoma_12_clean.csv,19061.066410706575,8529.432295915978,4810.224244216892,17088.16086358402,5752.180062541712,5299.946768010419,17762.85811799284,5451.83953225513,7598.967378995976,5871.186187276806,12996.652961937003,11115.910189239657,16108.43205463469,17139.131700173977,13316.00246626494,16280.042881341285,7032.870162317556,14854.94238385213,6084.2948852125055,18770.427270856428,0.0,17083.86661164409,4562.167460745452,6266.39906295512,16327.147750489117,13414.194386847586,12998.19592088802,12147.857346343484,17769.2445005404,13963.564369014031,17814.384671629796,21624.817495951826,6234.503575338493,20118.950063635606,16620.41596407778,20975.979886192883,13470.056660785443,8320.619663947435,18133.975172861596,4959.664211146265,7521.714506946492,9534.942453793557,7248.277159443483,19200.197398611537,2313.2775992931183,7318.036681471703,5475.239232511313,7421.555397897716,14535.412469725095,16556.93660424579,15590.43494211581,7026.9126605085385,14116.07087202472,8829.40361644897,7377.750231310606,7698.599967677848,13005.7751254367,16017.964486733616,16961.052256647203
topology_carcinoma_4_clean.csv,2165.218418932604,17449.526913697315,17093.376496737703,2138.9211137118727,18433.696123338646,17136.360656937748,1282.2973358905247,17525.644885010577,14929.133894364599,18460.67924273316,4483.398391951618,6782.827008735027,1427.4349697775406,2162.521960588441,5176.995138049083,1955.5677890042525,21501.36670466301,2694.7010479132805,20569.85439730327,1914.3863971841756,17083.86661164409,0.0,15283.201762613036,21423.74492426114,29693.75603409148,5409.2067480019205,4406.39918309373,9534.94218257761,1561.1918424715263,4659.642194237373,1687.7723810506566,4977.7541074266055,11364.47898728103,5461.111247119993,636.5922792411953,4107.484688192514,4371.346947376932,10230.851506288122,1928.1232270350697,18483.504097230758,23632.42353068243,22852.785566443035,13900.343008321684,2603.384093893436,16117.495420891264,22307.058351448653,22522.34739542931,20494.15581798239,27920.709249297262,2591.8107391608078,4693.35020178817,20987.266420921213,4615.522249777188,10830.526150254298,22818.18379867579,9618.393877005508,5231.776123944594,3593.1620958230073,2880.3661664558344
topology_ad_carcinoma_15_clean.csv,16752.366177072618,4826.579657520761,8689.963990922091,15443.129054471781,9719.036371167913,8906.645669835129,16034.816840479098,8964.099131589881,3647.495610552843,10024.626187858119,11974.612067222753,9714.681834788571,14351.148473092293,15660.089783518748,12750.525217133136,14506.580756071937,11543.308310858223,13701.3232165223,10531.358671852417,16943.566052084014,4562.167460745452,15283.201762613036,0.0,10804.656156377981,14947.872197826575,12994.53110414407,11656.377481129186,8253.13163897391,16013.4815153832,13273.558892201603,16087.129382298775,19053.622670154513,6805.162680552494,16988.751376066863,14946.752963007317,18537.223740103742,11344.87408699041,9093.434536685572,16225.653614829649,3561.396270911426,9043.606355106716,8122.97730748666,3313.3777311473473,17100.642177326492,3315.9809711035805,11864.584515574916,8988.83074879928,5617.884061685979,13108.428353963067,14598.133612366837,14685.57163205154,6038.143058319055,13308.003444377311,9847.610595212944,8181.3635400271905,7972.880234199342,13275.19113547767,15325.756414325826,15671.99427862077
topology_ad_carcinoma_5_clean.csv,23500.176363646002,14640.832108479035,4493.3272126104475,21086.18291906807,3339.6488279796417,4503.829748581395,21857.774748021206,4325.516357641606,13774.39650520432,3325.433450159774,16992.80041685414,15363.623328575435,20273.105416297138,21006.123904130778,16719.283721561387,20420.96917781304,1145.224330765065,18857.384298171484,1028.1408303227583,22901.682963507057,6266.39906295512,21423.74492426114,10804.656156377981,0.0,18411.08217423651,16647.179120453333,17042.546149529644,18008.619791762812,21806.533631148,17370.48639169516,21924.03970138863,26244.772046715338,10850.603441645973,25201.122127142313,20941.025182166217,25462.633486308183,18399.934025677972,11304.414503469716,22238.323980390614,10327.931434962049,9518.902089693425,13908.539225203087,13413.403596426393,23379.231470917577,7578.843624155849,1813.116760434636,6258.27251401854,12441.965823003082,16858.152494490118,20719.307398283272,18868.85726491361,10161.78492528945,17438.569593276683,11211.141372517823,9433.183479151206,11959.261718092766,16563.04746325921,19486.438689576695,20644.51333082195
topology_ad_dysplasia_8_clean.csv,30911.681615428122,12266.868303669491,20643.191376643015,29382.319691931956,20246.435653449298,21041.923087127667,30474.015263888716,21261.94499880693,14779.707747123635,20167.543258560243,26586.52484647067,23447.833001739986,29157.283493142746,30184.30198296171,27096.80127838998,28613.673224732986,18766.142139671916,28294.576039655385,18987.067516674688,31380.04148398713,16327.147750489117,29693.75603409148,14947.872197826575,18411.08217423651,0.0,27396.128103577455,25961.23970627811,20381.394133499776,30505.13203789189,27726.05667624832,30281.021028155734,32816.81411060952,21646.318591437896,29611.262900391244,29548.74232855232,32303.717537630244,25842.74525356459,23637.23226968962,30443.3003475497,11504.068828531228,9030.154189530182,6860.592050305843,15831.935236750309,30992.894248151857,15118.42485523164,17692.907856712038,12350.299251502767,9408.099043957218,1872.999445904632,28371.364790692005,28486.434078018,9325.766168920096,27445.145909239785,24734.05261919909,9188.94473775618,22651.289435500283,27811.02704470614,29808.971208657316,29921.715646499084
topology_dysplasia_7_clean.csv,7515.799490469712,15261.734769612,12235.575513196574,4705.979138659029,13484.488387297975,12250.230337883058,5527.132102567523,12671.211777146887,12725.480278372755,13503.358486598385,2577.8422730695474,4033.780272138558,4369.715378803493,4531.05852669978,649.2759849947512,4555.948552358429,16592.98512774869,3166.0709165039843,15741.917072608527,6573.776685252045,13414.194386847586,5409.2067480019205,12994.53110414407,16647.179120453333,27396.128103577455,0.0,2685.2477824077964,10462.801411416998,5435.69252208654,806.2500217033712,5540.125253727134,10271.414593116207,8456.727130075222,10698.60939094579,5207.617965515244,9421.903754420522,6610.087888153701,5573.81394807298,5866.454073186943,16006.650875949274,20467.926187988964,20553.32700547891,11640.063138516389,7036.620583199002,12866.598407258336,17518.918732455495,18759.902134870572,18263.13389918979,25634.540643160017,4893.501343910202,2487.953548563183,18382.43219905909,1193.0735069103912,6310.021890581251,19731.55751307006,6296.4839070364305,2561.766126086298,2952.576685181997,4089.262548712839
topology_carcinoma_17_clean.csv,6499.962853844606,13749.975536189095,12730.304249853885,4136.712639317691,14046.838180812922,12758.990867451088,4852.692035364265,13195.422734937849,11210.25635290517,14098.159350765141,1511.7885289986943,2638.0324656052867,3702.3954118655397,4417.272757145406,2219.9786506673063,3399.2582530233276,17114.487531732215,2653.704210900178,16181.984527287512,5892.360171430871,12998.19592088802,4406.39918309373,11656.377481129186,17042.546149529644,25961.23970627811,2685.2477824077964,0.0,8091.544733777915,4855.058881181542,2172.316253642484,4920.659498216392,9291.782839608126,7849.159771220464,8707.513932782123,4321.378630616603,8463.213676964988,4215.692211892558,5985.239999018322,5241.041309619588,14704.519819804684,19752.792382592736,19122.284984724494,10193.339671078256,6363.443863238799,12154.506047076806,17923.98858423467,18427.212952471076,16824.154616639884,24193.32376537063,3693.9107684532205,3554.325966637386,17213.754358814447,2602.489038408666,6932.128341018348,18961.271422636735,5716.418832350214,2971.24140297904,3919.3348519580095,4145.301069694923
topology_dysplasia_19_clean.csv,10605.895153986796,8148.972335205206,14852.184382007214,10118.817476015385,16029.72949256268,14879.279943848745,10289.336557826195,15103.071831799123,5902.5035030450235,16362.623857196086,7953.53599312652,7189.219083424724,8888.434030053862,10028.799224864975,9972.632600879524,9023.785048499974,18600.36247492483,8579.387315889153,17509.825131533926,11094.226764008681,12147.857346343484,9534.94218257761,8253.13163897391,18008.619791762812,20381.394133499776,10462.801411416998,8091.544733777915,0.0,10304.07725817765,10151.34878884891,10394.246160035063,12554.47046782451,8194.44619430077,9344.849775987346,9305.19864510465,12004.862486913635,5610.020091072709,10404.171052734247,10317.765920806367,10979.319555977587,17065.386454262312,13548.203082694858,5395.799778122903,10846.839479276905,10705.87374078376,19060.763256157417,17051.24479838956,11994.746221880338,18564.439883383562,9051.027210658964,11319.929687886135,13533.049295253393,10581.53004036724,10885.02357408211,16182.734381521559,8093.569150274965,8918.947510353035,10855.762464353387,10762.936908887565
topology_carcinoma_5_clean.csv,2293.528602917992,18257.419680479677,17393.082033541028,1748.4190476906385,18733.39950563541,17438.48535016133,438.3343487371747,17786.36759927684,15739.646345771152,18734.185755438597,4892.91319874075,7352.125905090849,1906.3418393703682,1326.916402319212,5286.802831972113,2115.3480408463743,21823.712610796185,3031.361092955458,20928.394788903348,1191.9039657730862,17769.2445005404,1561.1918424715263,16013.4815153832,21806.533631148,30505.13203789189,5435.69252208654,4855.058881181542,10304.07725817765,0.0,4683.940044575942,714.6725656462299,4905.850633199804,11963.626547992011,6096.455341355057,1844.6897365260963,4023.324401945418,5539.756673359036,10516.472124848586,802.0639123903951,19275.635504649355,24438.14730439661,23659.25335988398,14695.72649955475,1764.917266755715,16880.10346591512,22685.79343806272,23232.54625738668,21278.787374445565,28713.30641961777,2613.5948112348033,4198.984272305372,21803.79252568882,4714.947156092856,11018.588405618015,23632.84480724647,10179.434104072492,5343.1077608562355,3083.6619283696355,1925.1151517322023
topology_dysplasia_8_clean.csv,6751.488872630352,15499.540583946273,12951.324840165838,3951.1120651852684,14227.079826189467,12978.613829641881,4772.074444500074,13389.207247607526,12975.770706299805,14227.034637407061,2250.301208179619,4337.113777752021,3669.782513280608,3783.3410620452855,763.1053104538457,3821.4595708906077,17322.042658526152,2496.071580594952,16475.562719979644,5820.930624237429,13963.564369014031,4659.642194237373,13273.558892201603,17370.48639169516,27726.05667624832,806.2500217033712,2172.316253642484,10151.34878884891,4683.940044575942,0.0,4792.09402086812,9532.072948552443,8807.152201634965,9983.94324521548,4521.709219228703,8667.866814692467,6211.789224653424,6166.647902071759,5117.202599741946,16376.404765637631,20973.487148910586,20887.976177335087,11963.706283730748,6286.380858086959,13346.78934311834,18237.067978784053,19330.743883562987,18582.393635386765,25965.329420757902,4149.925485311558,2127.838476921207,18779.333773918996,1108.5261418321315,6892.150512006108,20221.0791721141,6647.525893974116,2447.3331925336993,2387.5794244659446,3346.14935557686
topology_carcinoma_7_clean.csv,2299.400467398372,18031.909457560916,17538.148804277385,1253.4595082607589,18861.30587492322,17569.292587852335,717.5659188974423,17970.622321075953,15518.435202042545,18868.42775431756,4986.67451225665,7056.58410638578,2189.9561996735047,1665.8603337507818,5377.690799403793,1852.2258457813184,21952.987791336785,3108.4364059935374,21046.613583301973,1394.3682519328859,17814.384671629796,1687.7723810506566,16087.129382298775,21924.03970138863,30281.021028155734,5540.125253727134,4920.659498216392,10394.246160035063,714.6725656462299,4792.09402086812,0.0,4814.876728796183,12219.951151549842,6166.809601921259,2107.277551923541,3917.2753503051476,5735.700933134137,10646.480829775715,494.3387280527115,19235.731069877427,24457.59175671055,23434.236459181044,14482.620071473286,1511.257793487724,16912.34963485595,22805.41348590595,23269.3791216649,21166.84959755599,28495.74586844934,2230.3225420732783,3847.511669547949,21777.14295594676,4691.309702418554,11280.909324734906,23647.741444449344,10287.602536235101,5470.605121713962,3214.5715610961197,1913.0830064194565
topology_carcinoma_19_clean.csv,3057.7546653563695,20568.584326295073,21954.849183034006,5761.025106540376,23302.319775343312,21997.441692446362,4829.684874129908,22351.4671383242,18058.44070590268,23353.05262266613,9352.215282865518,11210.131639927127,6270.522914541533,6034.37703949307,10093.418057645256,6050.41512247313,26372.1291675552,7617.990978790761,25404.734878375777,3940.972367219422,21624.817495951826,4977.7541074266055,19053.622670154513,26244.772046715338,32816.81411060952,10271.414593116207,9291.782839608126,12554.47046782451,4905.850633199804,9532.072948552443,4814.876728796183,0.0,15830.141072905373,3529.4205857519496,5414.093658861746,1487.3961339857399,8228.089126625939,15121.288932357247,4723.040103501598,22135.472598472574,27787.66052150267,25972.961529771634,17023.24526665913,3798.636476658268,20534.56574126674,27143.59753730733,27044.942453401505,23745.070583383447,31027.091852426238,6286.47073233392,8503.95201760715,24702.90178292353,9409.571701623127,15658.306520177099,26936.24529041995,14331.968878609292,10144.179010571208,7939.16440558459,6601.352327003196
topology_ad_carcinoma_11_clean.csv,13172.44311056916,9635.683867043892,7065.823356106743,11742.082100413472,8324.883557822019,7090.73966287789,11989.084309229493,7344.7214740196605,7411.238115484227,8607.869617895542,7385.502421205749,6552.053054154279,10216.64728176014,11217.130757371106,8325.824226186372,10736.663176507254,11210.356896263382,9248.095501716765,10120.801661912868,12879.050077436397,6234.503575338493,11364.47898728103,6805.162680552494,10850.603441645973,21646.318591437896,8456.727130075222,7849.159771220464,8194.44619430077,11963.626547992011,8807.152201634965,12219.951151549842,15830.141072905373,0.0,14564.003010774517,10817.295883263865,15062.711385394034,7903.296859555209,4067.4289710419416,12338.588780375174,10162.58652840748,13461.92977113013,14813.036041876661,6608.36606588281,13445.536642282816,6589.285942415696,11828.006837568275,11676.198670616406,12262.351722629965,19800.37645517639,11014.815012488427,10790.202898785485,12349.180427136766,9313.346489423131,4114.446352455526,12845.080763585018,2197.7703483667287,7543.71442978678,10612.116741748065,11543.061601285557
topology_carcinoma_18_clean.csv,3968.5943543772632,17368.021965327935,21124.87611813074,6730.283575760995,22454.47303868573,21160.32277608732,5950.202416377856,21474.398599211963,14989.871435447067,22593.497072710106,8980.686793257093,9926.284415279677,6447.462613765558,7207.383821684185,10348.241465443762,6245.078538906198,25473.494441590807,7671.999688794247,24425.098253333552,5588.7592400520125,20118.950063635606,5461.111247119993,16988.751376066863,25201.122127142313,29611.262900391244,10698.60939094579,8707.513932782123,9344.849775987346,6096.455341355057,9983.94324521548,6166.809601921259,3529.4205857519496,14564.003010774517,0.0,5563.278284180876,3749.1811326684197,6814.3872979638845,14544.515328048723,6077.1067845031885,19915.35163817117,25847.094408227436,22773.054755967354,14228.83434470095,5531.895238661961,18898.366445529136,26153.542247137873,25431.060831069757,21124.831473087783,27831.691271068932,6117.073801536756,9791.385843358472,22496.873609554914,10004.912666581457,15100.02484858269,24981.786131505552,13305.574469569156,10140.971305719368,9022.521759658604,7946.215676158698
