,topology_carcinoma_10_clean.csv,topology_dysplasia_18_clean.csv,topology_ad_carcinoma_2_clean.csv,topology_carcinoma_2_clean.csv,topology_ad_carcinoma_10_clean.csv,topology_ad_carcinoma_9_clean.csv,topology_dysplasia_5_clean.csv,topology_ad_carcinoma_3_clean.csv,topology_dysplasia_14_clean.csv,topology_ad_carcinoma_1_clean.csv,topology_dysplasia_13_clean.csv,topology_dysplasia_17_clean.csv,topology_carcinoma_8_clean.csv,topology_dysplasia_10_clean.csv,topology_carcinoma_20_clean.csv,topology_dysplasia_11_clean.csv,topology_ad_carcinoma_8_clean.csv,topology_carcinoma_13_clean.csv,topology_ad_carcinoma_4_clean.csv,topology_carcinoma_9_clean.csv,topology_ad_carcinoma_12_clean.csv,topology_carcinoma_4_clean.csv,topology_ad_carcinoma_15_clean.csv,topology_ad_carcinoma_5_clean.csv,topology_ad_dysplasia_8_clean.csv,topology_dysplasia_7_clean.csv,topology_carcinoma_17_clean.csv,topology_dysplasia_19_clean.csv,topology_carcinoma_5_clean.csv,topology_dysplasia_8_clean.csv,topology_carcinoma_7_clean.csv,topology_carcinoma_19_clean.csv,topology_ad_carcinoma_11_clean.csv,topology_carcinoma_18_clean.csv,topology_carcinoma_11_clean.csv,topology_carcinoma_16_clean.csv,topology_dysplasia_12_clean.csv,topology_ad_dysplasia_1_clean.csv,topology_dysplasia_1_clean.csv,topology_ad_dysplasia_3_clean.csv,topology_ad_carcinoma_6_clean.csv,topology_dysplasia_16_clean.csv,topology_dysplasia_15_clean.csv,topology_dysplasia_4_clean.csv,topology_ad_dysplasia_2_clean.csv,topology_ad_carcinoma_7_clean.csv,topology_ad_carcinoma_13_clean.csv,topology_ad_dysplasia_6_clean.csv,topology_ad_dysplasia_9_clean.csv,topology_carcinoma_3_clean.csv,topology_carcinoma_6_clean.csv,topology_ad_dysplasia_4_clean.csv,topology_dysplasia_6_clean.csv,topology_ad_dysplasia_10_clean.csv,topology_ad_dysplasia_5_clean.csv,topology_carcinoma_14_clean.csv,topology_carcinoma_12_clean.csv,topology_carcinoma_15_clean.csv,topology_carcinoma_1_clean.csv
topology_carcinoma_10_clean.csv,1.0858797662199645e-308,27.076652053900276,14.354738669467054,27.246208059191886,36.15540872295049,27.076652053900276,24.620296110305627,62.7725382342592,24.881685649846982,31.124337031448515,35.54597801569321,26.940351683853592,60.74573866662348,24.930062382449623,27.076652053900272,24.473009214026135,27.076652053900272,56.9135475182255,33.75283713372936,24.62939624820372,32.73547579574348,36.15540872295049,27.076652053900276,30.27312020268525,36.15540872295049,67.5315666308757,37.273189739734875,36.15540872295049,30.24622097423975,55.10455578689678,27.076652053900272,27.076652053900276,16.38071698839876,31.33196756778564,25.667929723700908,23.06267236821698,18.17654989293817,23.094239341835717,28.38343616056559,27.076652053900272,36.15540872295049,36.15540872295049,26.466010014130855,31.609030789599146,24.515789809364534,36.15540872295049,30.386929741144243,17.183959559295644,30.976116233415723,35.00574336388273,36.15540872295049,36.15540872295049,33.66690099147472,20.21098875674893,36.15540872295049,21.671452786739692,36.15540872295049,34.727705830026665,27.076652053900276
topology_dysplasia_18_clean.csv,27.076652053900276,7.19451295819724e-309,21.424537010870793,23.363121534343325,29.123911295134146,16.867609402584108,20.415438361775884,73.91348446706051,31.669558585620862,16.97003404654535,35.54597801569321,10.726221284795043,62.760461912404686,38.704834341914875,22.880789745715983,17.878389818467312,10.551294492544141,56.9135475182255,19.59853414882619,27.705823052276926,18.581172810840314,23.936525465925495,22.51929394711803,16.118817217782077,28.18397531701096,81.48609908711252,51.42749272463804,24.11300452283973,31.04211787739348,69.25885877179994,7.225666959901345,22.60481837815993,30.384512514173338,17.177664582882468,21.53507167569485,26.64170360615115,32.33085287784134,28.309035745174025,42.537739145468755,16.518949718954943,37.79902256578707,30.593055611113968,21.741704337812905,20.19201557956475,22.574478922470803,37.79902256578707,16.232626756241075,30.926726487857493,16.821813248512555,20.85144037897956,37.301878197422866,24.857190671638165,19.51259800657155,33.74605804055607,32.7061822241194,14.53662689181661,28.782142726995712,21.65514520818212,13.218968872310313
topology_ad_carcinoma_2_clean.csv,14.354738669467054,21.424537010870793,9.10318386753824e-309,19.543951198716638,27.807323887111494,19.002002949011498,20.415438361775884,73.91348446706051,31.669558585620862,19.002002949011498,35.54597801569321,20.40322951170054,62.760461912404686,33.940130664982846,19.30314154864716,17.50903114623116,21.157372550658998,56.9135475182255,20.278919554053118,27.025437647049998,19.261558216067243,24.616910871152424,15.873181712249732,23.736420929551326,27.807323887111494,81.00548421055196,50.747107319411114,24.793389928066656,31.04211787739347,68.57847336657302,22.09858818070513,15.444798704120934,15.432791622646887,19.002002949011498,19.002002949011494,19.002002949011494,31.65046747261441,27.358148814083858,41.85735374024183,19.002002949011498,27.84266867069485,27.80732388711149,15.223364518174307,20.199388467713216,17.815934650915466,27.807323887111494,27.80732388711149,10.754311156947686,19.405410563054915,21.53182578420649,27.807323887111494,25.537576076865093,23.914770311392225,17.333881263963065,27.80732388711149,14.494354645442314,27.807323887111494,22.33553061340905,19.002002949011498
topology_carcinoma_2_clean.csv,27.246208059191886,23.363121534343325,19.543951198716638,1.8572677719603234e-308,16.03200622084543,17.080129178896044,20.415438361775884,73.91348446706051,37.14752504506062,13.021783026888528,35.5459780156932,21.49019978788388,62.760461912404686,47.71242114449849,24.125534636512498,20.208369917996375,23.856711322424218,56.9135475182255,11.859150238240858,40.79772812656564,11.410644262593564,17.677355786084952,12.673031412230301,12.032818203086428,17.367483378198067,81.48609908711252,64.51939779892675,12.799149498877313,31.04211787739347,74.15479414395914,24.79792695247035,27.744870861379436,28.441535023371486,13.23411548532225,17.69092699075273,23.638174282017516,40.11432840686623,41.13043929359951,55.62964421975747,17.794087429756942,19.571509261471057,15.368373250636791,14.963403790031462,20.192015579564753,23.24125008326557,19.571509261471057,17.463187072001976,28.86220431313512,16.802797814021858,15.267789979602554,19.571509261471057,17.9220760562054,16.35959101798824,33.94163430638778,19.571509261471057,14.53662689181661,19.571509261471057,19.571509261471057,20.001100832395466
topology_ad_carcinoma_10_clean.csv,36.15540872295049,29.123911295134146,27.807323887111494,16.03200622084543,1.0271146514640006e-308,32.08772778850498,27.05128774471379,73.91348446706051,43.84318873338588,13.551690104052753,35.5459780156932,22.379679830044992,62.760461912404686,53.10556343155928,37.979186969064074,22.207149733053157,37.37820193431271,56.9135475182255,9.545756806472852,40.92560494333103,11.43635976918182,10.5120192492628,12.748566341141753,13.00509407735207,15.149190263366236,81.48609908711252,66.72508846756872,12.799149498877313,31.04211787739347,74.15479414395914,28.94089814372651,27.973869301240114,33.94133954100831,13.079743695703,18.42398052191703,23.721917761045145,40.11432840686623,47.158899519579826,56.633768163613226,25.391119324423112,20.20155496274603,14.378439760401703,22.53992980944987,20.19201557956475,22.37334430496584,19.54792702814036,13.23436111221032,34.60990030841792,14.195465008164739,9.260807044767255,12.977277042365008,11.180114175170047,10.67501398414312,41.59692390902699,11.652861695211469,24.684249150249073,9.346992968173438,18.351239628830967,19.133195054095737
topology_ad_carcinoma_9_clean.csv,27.076652053900276,16.867609402584108,19.002002949011498,17.080129178896044,32.08772778850498,1.718734265212915e-308,20.415438361775884,72.93861711455503,31.66955858562086,20.958258151152677,35.5459780156932,21.742063053476993,62.760461912404686,30.68161072132436,15.362732091828804,12.25606204282456,16.832711295029167,56.9135475182255,23.586758253433512,23.7175989476696,22.56939691544764,27.924749570532825,19.497302483096348,20.107041322389403,31.461967327269974,77.69764551117156,47.43926862003072,28.101228627447057,31.04211787739348,65.27063466719262,16.84561907729853,13.387463887816239,18.093175230956888,21.165888687489797,14.688154877824445,11.273106403590958,31.04890797709582,24.05031011470346,38.549515040861436,9.841779554585123,32.08772778850498,32.0780982502732,10.572205590291603,21.4429519093033,15.136974272952102,32.08772778850498,24.54408616748412,18.088331886619926,20.81003735311988,24.839664483586887,32.08772778850498,28.84541477624549,23.500822111178877,22.5204254891165,32.08772778850498,10.103356258338621,32.08772778850498,25.643369312789446,13.97894034564574
topology_dysplasia_5_clean.csv,24.620296110305627,20.415438361775884,20.415438361775884,20.415438361775884,27.05128774471379,20.415438361775884,1.835770603288815e-308,54.734159358483524,26.12824352119226,20.415438361775884,35.54597801569321,17.907394790419982,50.23513328445006,36.69313962063013,20.415438361775884,20.415438361775884,20.415438361775884,51.90407936291364,20.41543836177588,29.778446602697286,20.415438361775884,21.863901915505135,20.446670396697666,20.415438361775884,26.111351766590598,65.120360201971,53.5001162750584,22.040380972419367,19.017128354795712,62.884761159643176,20.415438361775884,20.41543836177588,21.06407607635057,20.41543836177588,20.415438361775884,20.415438361775884,31.73183557941597,30.111157769731147,44.610362695889116,20.415438361775884,33.49055341562036,28.520432060693608,20.415438361775884,15.499335303163491,20.415438361775884,33.49055341562036,20.415438361775884,20.74248855470803,20.41543836177588,20.415438361775884,33.49055341562036,22.7845671212178,20.41543836177588,25.683013692716965,30.633558673699042,20.415438361775884,26.709519176575355,19.58252165776176,20.415438361775884
topology_ad_carcinoma_3_clean.csv,62.7725382342592,73.91348446706051,73.91348446706051,73.91348446706051,73.91348446706051,72.93861711455503,54.734159358483524,8.8019334173628e-309,45.80973583458371,73.91348446706051,64.43589447175877,72.31029431917729,40.611954894490204,42.30632514895259,68.07156554523245,73.91348446706051,68.67255057998379,37.82834873941063,73.91348446706051,49.22101816688544,73.91348446706051,73.91348446706051,73.91348446706051,73.91348446706051,73.91348446706053,40.61195489449021,40.611954894490204,73.91348446706051,48.34273730054765,40.611954894490204,73.91348446706051,73.91348446706051,62.91812090246667,73.91348446706051,73.91348446706051,73.91348446706051,44.59598834132103,48.88830699985157,40.61195489449021,73.91348446706051,73.91348446706051,73.91348446706051,73.91348446706051,70.233494661647,73.91348446706051,73.91348446706051,73.91348446706051,65.67726462840295,73.91348446706053,73.91348446706051,68.58589104748665,73.91348446706051,73.91348446706051,61.51180461561245,73.91348446706051,73.91348446706051,73.91348446706051,63.65317059247158,73.91348446706051
topology_dysplasia_14_clean.csv,24.881685649846982,31.669558585620862,31.669558585620862,37.14752504506062,43.84318873338588,31.66955858562086,26.12824352119226,45.80973583458371,1.351620116997662e-308,41.025654017317244,26.378997497319745,30.799851435861054,36.651316360659905,40.38176373534205,31.669558585620862,31.669558585620862,31.547760151749767,43.84318873338589,43.65415411959809,31.669558585620862,42.636792781612215,43.84318873338588,34.872652863855976,40.17443718855398,43.84318873338589,56.195936678071206,31.669558585620862,43.84318873338588,35.72046400924181,45.20323880102805,31.669558585620862,31.669558585620862,28.783566884945962,41.23328455365437,34.75555074398902,31.669558585620862,31.04890797709582,33.13565886346893,31.669558585620862,31.669558585620862,43.84318873338589,43.84318873338589,30.639601456456177,41.51034777546788,31.66955858562086,43.84318873338588,40.288246727012975,31.669558585620862,40.877433219284455,43.84318873338588,43.84318873338588,43.84318873338589,43.568217977343444,33.94163430638778,43.84318873338589,31.669558585620862,43.84318873338588,40.201948865028726,34.04633621181031
topology_ad_carcinoma_1_clean.csv,31.124337031448515,16.97003404654535,19.002002949011498,13.021783026888528,13.551690104052753,20.958258151152677,20.415438361775884,73.91348446706051,41.025654017317244,6.415028790738646e-309,35.54597801569321,13.346269163595771,62.760461912404686,51.59055011675512,25.825309720475275,11.080534948949817,25.224324685723914,56.9135475182255,11.613194281749415,40.92560494333103,10.52952837657311,11.93867606894482,11.128369803369836,15.481963508967098,13.4822568726835,81.48609908711252,66.72508846756872,12.799149498877311,31.04211787739347,72.5639685996675,16.787020895137715,16.732821993556907,30.97875436324105,13.470026123587154,12.461986448608867,16.35763089605042,40.11432840686623,45.00856826585614,56.633768163613226,14.18086859914483,26.73781433520447,18.603745771030873,12.395786719927074,20.192015579564753,11.60513035929307,23.020579720195812,15.481963508967096,28.219610637304754,12.996358062946065,11.588901391161313,20.331844150877515,12.710290310729048,13.744580194359939,32.38507065009527,19.917784765971064,12.530371901660274,15.481963508967098,16.942047714520314,11.613194281749413
topology_dysplasia_13_clean.csv,35.54597801569321,35.54597801569321,35.54597801569321,35.5459780156932,35.5459780156932,35.5459780156932,35.54597801569321,64.43589447175877,26.378997497319745,35.54597801569321,7.129503029857677e-309,35.54597801569321,44.156648930082824,35.54597801569321,35.5459780156932,35.54597801569321,35.54597801569321,30.79387406326086,35.5459780156932,35.54597801569321,35.54597801569321,35.54597801569321,35.54597801569321,35.5459780156932,35.54597801569321,74.82209531524626,46.89804594052604,28.642451306951727,25.61919868932807,64.72941198768795,35.5459780156932,35.54597801569321,35.54597801569321,35.54597801569321,25.480853234924165,35.54597801569321,35.54597801569321,35.5459780156932,38.00829236135676,35.54597801569321,37.086770807687415,35.54597801569321,35.5459780156932,24.910324682368667,35.54597801569321,37.086770807687415,35.54597801569321,35.5459780156932,35.54597801569321,35.54597801569321,37.086770807687415,35.54597801569321,35.54597801569321,35.5459780156932,37.086770807687415,35.54597801569321,35.54597801569321,35.54597801569321,35.54597801569321
topology_dysplasia_17_clean.csv,26.940351683853592,10.726221284795043,20.40322951170054,21.49019978788388,22.379679830044992,21.742063053476993,17.907394790419982,72.31029431917729,30.799851435861054,13.346269163595771,35.54597801569321,1.0395274869888813e-308,62.760461912404686,41.36474753529893,23.371726843821477,22.7528434693602,14.998522104267721,56.9135475182255,15.76334507572183,34.450054517366084,16.85988073294301,17.539564244184305,15.77506248202887,20.780616966582482,21.439743851921804,81.48609908711252,58.1717241897272,17.36877305775057,30.828243338665274,74.15479414395914,13.151361127780078,20.811752794464716,27.536177479383944,19.632812758977447,17.43051788114397,21.092316613264238,39.075084342930495,34.78276568439995,49.28197061055792,19.81292437970029,33.49044596001277,25.674684890587784,16.57864440556038,20.192015579564753,19.52532572760516,33.246382301652,19.095724149013105,21.284015078761925,13.505445696133137,14.107208913890403,30.557646732333705,19.775697675023594,15.318050846443825,26.94478125939166,29.236107566752402,15.215385223325569,22.037911261906554,18.351239628830964,13.631187399023004
topology_carcinoma_8_clean.csv,60.74573866662348,62.760461912404686,62.760461912404686,62.760461912404686,62.760461912404686,62.760461912404686,50.23513328445006,40.611954894490204,36.651316360659905,62.760461912404686,44.156648930082824,62.760461912404686,1.2079092219475866e-308,40.279525581316875,62.760461912404686,62.760461912404686,62.760461912404686,20.597340213758628,62.760461912404686,47.19421859924972,62.760461912404686,62.760461912404686,62.760461912404686,62.760461912404686,62.760461912404686,30.665446385163428,31.40180203721669,62.599317093229764,35.373196311150735,28.42984734283559,62.760461912404686,62.760461912404686,60.89132133483095,62.760461912404686,62.760461912404686,62.760461912404686,42.56918877368531,46.86150743221586,32.36230250605788,62.760461912404686,62.760461912404686,62.760461912404686,62.760461912404686,49.95424911997107,62.760461912404686,62.760461912404686,56.22225255891442,62.760461912404686,62.760461912404686,62.760461912404686,60.60434188503849,62.760461912404686,62.760461912404686,59.48500504797672,62.760461912404686,62.760461912404686,62.760461912404686,61.62637102483586,62.760461912404686
topology_dysplasia_10_clean.csv,24.930062382449623,38.704834341914875,33.940130664982846,47.71242114449849,53.10556343155928,30.68161072132436,36.69313962063013,42.30632514895259,40.38176373534205,51.59055011675512,35.54597801569321,41.36474753529893,40.279525581316875,8.111173607049726e-309,25.765240396279847,41.53727763229077,37.98380076939863,41.948471659780466,53.10556343155928,32.07394936143133,53.10556343155928,53.10556343155928,45.43754896329385,50.739333287991855,53.10556343155928,47.06535354556911,21.722532613089342,53.10556343155928,43.68031730615074,36.32508128079392,39.436845204704284,35.77055806410381,20.611795753514073,51.79818065309224,45.320446843426886,40.02250960429877,23.69280685701768,13.889314144764967,20.67675303350201,38.35330804092081,53.10556343155928,53.10556343155928,41.20449755589405,52.07524387490575,41.371083060378076,53.10556343155928,50.85314282645085,23.37093947945037,51.44232931872233,53.10556343155928,53.10556343155928,53.10556343155928,53.10556343155928,19.20547946665985,53.10556343155928,39.06017821509485,53.10556343155928,48.16180216193766,44.61123231124818
topology_carcinoma_20_clean.csv,27.076652053900272,22.880789745715983,19.30314154864716,24.125534636512498,37.979186969064074,15.362732091828804,20.415438361775884,68.07156554523245,31.669558585620862,25.825309720475275,35.5459780156932,23.371726843821477,62.760461912404686,25.765240396279847,7.79634136588006e-309,15.772037236010917,19.241339442104064,56.9135475182255,28.453809822756114,21.40457672984629,27.43644848477024,32.79180113985542,31.374569621047954,26.152617985131627,37.039250990940886,72.83059394184895,42.57221705070812,32.96828019676965,31.04211787739348,60.403583097870026,18.523362146329216,13.576778932957025,23.68866972431033,26.032940256812395,19.555206447147043,14.257269208018926,31.048907977095823,19.183258545380866,33.68246347153883,12.728897016282588,42.20261961908068,37.98316838417902,22.62269486572133,26.3100034786259,15.605842664098233,42.20261961908068,25.5646629176957,17.553591070622566,25.677088922442476,29.70671605290948,42.20261961908068,33.71246634556809,28.367873680501475,23.29986742868482,41.561457898049326,14.91947923943873,37.63741840092563,30.510420882112044,18.970650731872492
topology_dysplasia_11_clean.csv,24.473009214026135,17.878389818467312,17.50903114623116,20.208369917996375,22.207149733053157,12.25606204282456,20.415438361775884,73.91348446706051,31.669558585620862,11.080534948949817,35.54597801569321,22.7528434693602,62.760461912404686,41.53727763229077,15.772037236010917,1.5962560512754113e-308,15.627180514857093,56.9135475182255,16.675064285724076,34.62258461435791,11.664411248759322,17.019763903844506,15.602532385037035,18.707912877906367,21.26721375492997,81.48609908711252,58.344254286719035,17.196242960758738,31.04211787739348,74.15479414395914,13.227720317951336,11.0640413320922,20.925481878776694,10.260903020801477,11.143616775271992,10.262325987707753,39.24761443992232,34.955295781391776,49.454500707549755,8.446625894943836,32.7632659765731,25.663471847021285,14.480530620008025,20.192015579564753,8.999352741342973,32.7632659765731,17.878315867323007,18.166338152840396,15.581908853380938,13.934678816898568,30.38511663534187,19.67494264434225,16.556173165633627,22.331798165630914,27.9542776968649,10.231603773760048,21.865381164914723,18.351239628830964,14.240094324481973
topology_ad_carcinoma_8_clean.csv,27.076652053900272,10.551294492544141,21.157372550658998,23.856711322424218,37.37820193431271,16.832711295029167,20.415438361775884,68.67255057998379,31.547760151749767,25.224324685723914,35.54597801569321,14.998522104267721,62.760461912404686,37.98380076939863,19.241339442104064,15.627180514857093,1.6236392787681035e-308,56.9135475182255,27.852824788004753,21.946248085269886,26.835463450018874,32.19081610510406,30.773584586296593,24.373107856960644,36.438265956189525,73.43157897660032,43.17320208545948,32.367295162018294,31.042117877393476,61.00456813262138,10.173849557870106,20.170856665523985,28.430027510272552,25.43195522206103,18.954221412395682,22.461682245893783,31.048907977095823,26.798183052378388,34.28344850629019,19.161871662778694,42.1729627794168,38.52483973960261,23.16436622114492,25.70901844387454,21.118777721552387,42.1729627794168,24.48691739541964,26.74670512760012,25.07610388769112,29.105731018158124,42.1729627794168,33.11148131081672,27.76688864575011,32.706860850204855,40.96047286329796,14.53662689181661,37.03643336617427,29.909435847360683,18.245006880216973
topology_carcinoma_13_clean.csv,56.9135475182255,56.9135475182255,56.9135475182255,56.9135475182255,56.9135475182255,56.9135475182255,51.90407936291364,37.82834873941063,43.84318873338589,56.9135475182255,30.79387406326086,56.9135475182255,20.597340213758628,41.948471659780466,56.9135475182255,56.9135475182255,56.9135475182255,7.08243786840924e-309,56.9135475182255,48.863164677713314,56.9135475182255,56.9135475182255,56.9135475182255,56.9135475182255,56.9135475182255,44.0282212519854,44.76457690403866,49.23654222640779,37.04214238961433,41.79262220965756,56.9135475182255,56.9135475182255,56.9135475182255,56.9135475182255,56.27472729818503,56.9135475182255,44.2381348521489,48.53045351067945,34.03124858452148,56.9135475182255,56.9135475182255,56.9135475182255,56.9135475182255,36.85158962417242,56.9135475182255,56.9135475182255,56.9135475182255,56.9135475182255,56.9135475182255,56.9135475182255,53.1203089551653,56.9135475182255,56.9135475182255,56.9135475182255,56.9135475182255,56.9135475182255,56.9135475182255,56.9135475182255,56.9135475182255
topology_ad_carcinoma_4_clean.csv,33.75283713372936,19.59853414882619,20.278919554053118,11.859150238240858,9.545756806472852,23.586758253433512,20.41543836177588,73.91348446706051,43.65415411959809,11.613194281749415,35.5459780156932,15.76334507572183,62.760461912404686,53.10556343155928,28.453809822756114,16.675064285724076,27.852824788004753,56.9135475182255,1.8790652895585835e-308,40.92560494333103,16.291542105400133,14.880608843008623,12.748566341141752,13.811447807382805,12.369389848790448,81.48609908711252,66.72508846756872,12.799149498877313,31.04211787739347,74.15479414395914,19.41552099741855,24.754682319137913,33.60725446552189,19.874911389497548,16.02002473490066,21.12665666535696,40.11432840686623,47.158899519579826,56.633768163613226,18.932670073970726,19.950696197367648,14.450335751669959,14.703683296902879,20.192015579564753,18.753808105237297,19.950696197367648,15.555397463606088,30.84811073958559,11.519583538255205,14.200427741116414,19.011832423442325,11.415446981667927,11.89005861563362,35.01357075237611,15.010910725199173,15.158872003941113,15.202277386279922,18.351239628830964,13.51808689542807
topology_carcinoma_9_clean.csv,24.62939624820372,27.705823052276926,27.025437647049998,40.79772812656564,40.92560494333103,23.7175989476696,29.778446602697286,49.22101816688544,31.669558585620862,40.92560494333103,35.54597801569321,34.450054517366084,47.19421859924972,32.07394936143133,21.40457672984629,34.62258461435791,21.946248085269886,48.863164677713314,40.92560494333103,6.25084577243405e-309,40.92560494333103,40.92560494333103,38.522855945361,40.92560494333103,40.92560494333103,53.98004656350195,27.877297376114274,40.92560494333103,31.04211787739348,41.553035719523024,27.888836203684562,28.855865046170962,22.17807182587117,40.92560494333103,38.405753825494045,33.10781658636593,31.048907977095823,21.322737749869034,16.584410347372547,31.43861502298796,36.74437094821589,40.92560494333103,34.2898045379612,40.92560494333103,34.456390042445236,40.92560494333103,40.92560494333103,21.607476529590606,40.92560494333103,40.92560494333103,40.92560494333103,40.92560494333103,40.92560494333103,26.797009442237567,40.92560494333103,32.145485197162,37.0983809005766,30.71657820341401,37.69653929331534
topology_ad_carcinoma_12_clean.csv,32.73547579574348,18.581172810840314,19.261558216067243,11.410644262593564,11.43635976918182,22.56939691544764,20.415438361775884,73.91348446706051,42.636792781612215,10.52952837657311,35.54597801569321,16.85988073294301,62.760461912404686,53.10556343155928,27.43644848477024,11.664411248759322,26.835463450018874,56.9135475182255,16.291542105400133,40.92560494333103,5.8198057234764e-309,10.164039326227595,12.673031412230301,17.71632200019701,18.832052028608118,81.48609908711252,66.72508846756872,12.799149498877313,31.04211787739347,74.15479414395914,18.39815965943268,17.43113081694628,32.589893127536016,10.368185539213883,11.143616775271994,13.460286175649998,40.11432840686623,46.619707030151105,56.633768163613226,14.84838084012928,25.709895545668275,19.613344784360564,13.499920313085155,20.192015579564753,11.830605820672005,23.33338661677136,16.027278828896183,29.830749401599718,15.47689584034157,11.421876207005525,19.27037680014976,15.420017983196388,11.346088448084188,33.996209414390236,19.49326070429731,14.141510665955236,14.06232072467455,18.351239628830964,10.910416414779505
topology_carcinoma_4_clean.csv,36.15540872295049,23.936525465925495,24.616910871152424,17.677355786084952,10.5120192492628,27.924749570532825,21.863901915505135,73.91348446706051,43.84318873338588,11.93867606894482,35.54597801569321,17.539564244184305,62.760461912404686,53.10556343155928,32.79180113985542,17.019763903844506,32.19081610510406,56.9135475182255,14.880608843008623,40.92560494333103,10.164039326227595,5.195518818071056e-309,12.748566341141753,14.08761436690485,18.865304042308814,81.48609908711252,66.72508846756872,12.799149498877313,31.04211787739347,74.15479414395914,23.753512314517863,26.53090148760039,33.94133954100832,11.243474357235469,16.54474217644977,22.424204908238465,40.11432840686623,47.158899519579826,56.633768163613226,20.203733495214465,24.478020566285736,16.27912701400402,19.965297899986854,20.192015579564753,17.62909753131005,20.383802730854548,14.81550661960084,34.60990030841792,17.021540455292733,5.968760159910673,13.365352731497367,13.157982218647156,8.374711417237137,39.35156206947542,16.22732645467707,19.496863321040422,9.346992968173438,18.351239628830967,13.945809224887086
topology_ad_carcinoma_15_clean.csv,27.076652053900276,22.51929394711803,15.873181712249732,12.673031412230301,12.748566341141753,19.497302483096348,20.446670396697666,73.91348446706051,34.872652863855976,11.128369803369836,35.54597801569321,15.77506248202887,62.760461912404686,45.43754896329385,31.374569621047954,15.602532385037035,30.773584586296593,56.9135475182255,12.748566341141752,38.522855945361,12.673031412230301,12.748566341141753,1.359140543682595e-308,13.719961484639796,17.84793347605001,81.48609908711252,62.24452561772212,12.799149498877311,31.04211787739347,74.15479414395914,22.336280795710394,21.737586383246963,24.825753209779776,12.673031412230301,12.748566341141753,17.63088980388504,40.11432840686623,38.855567112394866,53.35477203855284,18.786501976406996,22.64797418472041,17.613186227842135,12.237339709203823,20.192015579564753,15.76872695694972,19.77901692305432,14.190830850996267,22.06660948384348,13.015901342906012,12.748566341141753,14.782584250304836,12.748566341141753,12.748566341141753,30.60783291057272,15.532234570895938,18.079631802232953,12.748566341141753,18.351239628830967,12.748566341141753
topology_ad_carcinoma_5_clean.csv,30.27312020268525,16.118817217782077,23.736420929551326,12.032818203086428,13.00509407735207,20.107041322389403,20.415438361775884,73.91348446706051,40.17443718855398,15.481963508967098,35.5459780156932,20.780616966582482,62.760461912404686,50.739333287991855,26.152617985131627,18.707912877906367,24.373107856960644,56.9135475182255,13.811447807382805,40.92560494333103,17.71632200019701,14.08761436690485,13.719961484639796,5.742237857310034e-309,12.065158099228881,81.48609908711252,66.72508846756872,12.799149498877313,31.04211787739347,74.15479414395914,15.935804066374445,29.77195420999857,30.489208097280677,20.304514829744875,22.153601254062252,27.26023318451855,40.11432840686623,44.15735143709286,56.633768163613226,18.954109936200553,24.074462291267594,14.474238393331886,17.841697974506587,20.19201557956475,22.829444704520498,23.871796548959082,16.34487320501203,31.54525606622489,15.028714395477166,13.900044747833398,21.183060979640786,10.97941413333379,12.506302415481457,33.94163430638778,19.77872598195495,14.53662689181661,12.663325509213633,18.351239628830967,14.613816175464251
topology_ad_dysplasia_8_clean.csv,36.15540872295049,28.18397531701096,27.807323887111494,17.367483378198067,15.149190263366236,31.461967327269974,26.111351766590598,73.91348446706053,43.84318873338589,13.4822568726835,35.54597801569321,21.439743851921804,62.760461912404686,53.10556343155928,37.039250990940886,21.26721375492997,36.438265956189525,56.9135475182255,12.369389848790448,40.92560494333103,18.832052028608118,18.865304042308814,17.84793347605001,12.065158099228881,9.190440164027157e-309,81.48609908711252,66.72508846756872,16.113960505906626,31.04211787739347,74.15479414395914,28.000962165603323,27.033933323116926,33.94133954100832,21.006234860122916,22.77092768963712,27.21916278087799,40.114328406866235,47.15889951957983,56.633768163613226,24.451183346299928,20.153027340663684,10.790484074156964,20.88976173697837,20.35518522781807,23.72455592886972,13.137369595050622,12.338004176923903,34.60990030841792,11.366608833971881,18.239115539572758,13.813414097238024,9.534973600949918,14.742176497697685,41.596923909027,9.969698688749894,23.744313172125885,16.62602008117068,19.544037790148103,18.55929893187735
topology_dysplasia_7_clean.csv,67.5315666308757,81.48609908711252,81.00548421055196,81.48609908711252,81.48609908711252,77.69764551117156,65.120360201971,40.61195489449021,56.195936678071206,81.48609908711252,74.82209531524626,81.48609908711252,30.665446385163428,47.06535354556911,72.83059394184895,81.48609908711252,73.43157897660032,44.0282212519854,81.48609908711252,53.98004656350195,81.48609908711252,81.48609908711252,81.48609908711252,81.48609908711252,81.48609908711252,9.481606053821495e-309,30.258376891140838,81.48609908711252,58.72893814403514,12.427010843978932,81.48609908711252,81.48609908711252,67.67714929908317,81.48609908711252,81.48609908711252,81.48609908711252,49.35501673793755,53.647335396468094,39.14813047031012,81.48609908711252,79.50632012732606,81.48609908711252,81.48609908711252,80.6196955051345,81.48609908711252,81.48609908711252,81.48609908711252,70.43629302501947,81.48609908711252,81.48609908711252,78.97209189097413,81.48609908711252,81.48609908711252,66.27083301222895,81.48609908711252,81.48609908711252,80.03888961324054,68.4121989890881,81.48609908711252
topology_carcinoma_17_clean.csv,37.273189739734875,51.42749272463804,50.747107319411114,64.51939779892675,66.72508846756872,47.43926862003072,53.5001162750584,40.611954894490204,31.669558585620862,66.72508846756872,46.89804594052604,58.1717241897272,31.40180203721669,21.722532613089342,42.57221705070812,58.344254286719035,43.17320208545948,44.76457690403866,66.72508846756872,27.877297376114274,66.72508846756872,66.72508846756872,62.24452561772212,66.72508846756872,66.72508846756872,30.258376891140838,1.043589116666863e-308,66.37033982170642,54.11239072374137,17.831366047161907,51.61050587604568,52.57753471853207,37.418772407942335,66.72508846756872,62.12742349785516,56.829486258727044,34.1248802746083,23.388958505327253,11.292887028741731,55.16028469534908,64.62166832433016,66.72508846756872,58.01147421032232,66.72508846756872,58.17805971480635,66.72508846756872,66.72508846756872,40.17791613387864,66.72508846756872,66.72508846756872,66.72508846756872,66.72508846756872,66.72508846756872,36.01245612108812,66.72508846756872,55.86715486952312,64.97567827669087,58.59387557952829,61.418208965676456
topology_dysplasia_19_clean.csv,36.15540872295049,24.11300452283973,24.793389928066656,12.799149498877313,12.799149498877313,28.101228627447057,22.040380972419367,73.91348446706051,43.84318873338588,12.799149498877311,28.642451306951727,17.36877305775057,62.599317093229764,53.10556343155928,32.96828019676965,17.196242960758738,32.367295162018294,49.23654222640779,12.799149498877313,40.92560494333103,12.799149498877313,12.799149498877313,12.799149498877311,12.799149498877313,16.113960505906626,81.48609908711252,66.37033982170642,1.8060443862438156e-308,31.04211787739347,74.15479414395914,23.929991371432095,23.582354909067746,33.94133954100832,12.799149498877311,16.00144934975475,21.108081280211053,40.11432840686623,47.158899519579826,56.633768163613226,20.380212552128693,24.294417524180965,13.873452619314989,19.245319635437905,12.645067973258689,18.43328308212392,17.903788711902905,14.168561036866222,34.60990030841792,13.440080122925366,12.799149498877313,14.168561036866222,12.799149498877313,13.473224778086035,39.528041126389645,12.799149498877313,19.67334237795465,12.799149498877311,18.351239628830967,14.122288281801316
topology_carcinoma_5_clean.csv,30.24622097423975,31.04211787739348,31.04211787739347,31.04211787739347,31.04211787739347,31.04211787739348,19.017128354795712,48.34273730054765,35.72046400924181,31.04211787739347,25.61919868932807,30.828243338665274,35.373196311150735,43.68031730615074,31.04211787739348,31.04211787739348,31.042117877393476,37.04214238961433,31.04211787739347,31.04211787739348,31.04211787739347,31.04211787739347,31.04211787739347,31.04211787739347,31.04211787739347,58.72893814403514,54.11239072374137,31.04211787739347,1.268809869175277e-308,56.493339101707306,31.042117877393476,31.04211787739348,31.04211787739348,31.04211787739347,31.04211787739347,31.04211787739348,25.868845144201458,38.36897133309081,42.81950369499964,31.04211787739348,31.04211787739347,31.04211787739347,30.882055219663215,21.89075736109936,31.04211787739348,31.04211787739347,27.33075362296543,31.04211787739348,31.04211787739347,31.04211787739347,28.50886209218237,31.04211787739347,31.04211787739347,36.50478850876599,31.04211787739347,31.04211787739347,31.04211787739347,26.253174713685127,31.04211787739348
topology_dysplasia_8_clean.csv,55.10455578689678,69.25885877179994,68.57847336657302,74.15479414395914,74.15479414395914,65.27063466719262,62.884761159643176,40.611954894490204,45.20323880102805,72.5639685996675,64.72941198768795,74.15479414395914,28.42984734283559,36.32508128079392,60.403583097870026,74.15479414395914,61.00456813262138,41.79262220965756,74.15479414395914,41.553035719523024,74.15479414395914,74.15479414395914,74.15479414395914,74.15479414395914,74.15479414395914,12.427010843978932,17.831366047161907,74.15479414395914,56.493339101707306,6.40438297865522e-309,69.44187192320757,70.40890076569397,55.25013845510424,74.15479414395914,74.15479414395914,74.15479414395914,36.92800589395861,41.22032455248916,26.721119626331184,72.99165074251098,67.07930928334714,74.15479414395914,74.15479414395914,74.15479414395914,74.15479414395914,74.15479414395914,74.15479414395914,58.00928218104055,74.15479414395914,74.15479414395914,74.15479414395914,74.15479414395914,74.15479414395914,53.84382216825002,74.15479414395914,73.69852091668501,67.61187876926161,55.98518814510916,74.15479414395914
topology_carcinoma_7_clean.csv,27.076652053900272,7.225666959901345,22.09858818070513,24.79792695247035,28.94089814372651,16.84561907729853,20.415438361775884,73.91348446706051,31.669558585620862,16.787020895137715,35.5459780156932,13.151361127780078,62.760461912404686,39.436845204704284,18.523362146329216,13.227720317951336,10.173849557870106,56.9135475182255,19.41552099741855,27.888836203684562,18.39815965943268,23.753512314517863,22.336280795710394,15.935804066374445,28.000962165603323,81.48609908711252,51.61050587604568,23.929991371432095,31.042117877393476,69.44187192320757,1.5920431871510206e-308,22.14269837119616,27.18150089625526,16.994651431474832,14.309404715793503,19.416036646249808,32.513866029248966,28.755116507940542,42.7207522968764,13.184828163737052,38.424918699146765,30.41004245970633,20.684710152005806,20.192015579564753,18.587404378906026,38.424918699146765,16.049613604833436,26.351817086823168,16.813172860719604,20.668427227571925,37.11886504601523,24.67417752023053,19.329584855163915,31.275659972496424,32.54383473133886,14.53662689181661,28.59912957558808,21.472132056774484,9.807703089630778
topology_carcinoma_19_clean.csv,27.076652053900276,22.60481837815993,15.444798704120934,27.744870861379436,27.973869301240114,13.387463887816239,20.41543836177588,73.91348446706051,31.669558585620862,16.732821993556907,35.54597801569321,20.811752794464716,62.760461912404686,35.77055806410381,13.576778932957025,11.0640413320922,20.170856665523985,56.9135475182255,24.754682319137913,28.855865046170962,17.43113081694628,26.53090148760039,21.737586383246963,29.77195420999857,27.033933323116926,81.48609908711252,52.57753471853207,23.582354909067746,31.04211787739348,70.40890076569397,22.14269837119616,1.688699986585482e-308,17.694357070828616,16.027622588988432,11.143616775271994,10.839642443422008,33.48089487173537,29.188576213204826,43.6877811393628,12.8651207243076,35.441697096873064,34.001520656097114,18.641047137639426,20.192015579564753,12.304997126068171,35.441697096873064,28.08706139242919,13.794225885523472,20.561730279399242,21.447625804293377,35.441697096873064,28.767034918439677,24.309388089859905,16.565078597443957,34.640872600461975,18.538815464305667,27.63210073310168,20.50510321428808,18.25212578844014
topology_ad_carcinoma_11_clean.csv,16.38071698839876,30.384512514173338,15.432791622646887,28.441535023371486,33.94133954100831,18.093175230956888,21.06407607635057,62.91812090246667,28.783566884945962,30.97875436324105,35.54597801569321,27.536177479383944,60.89132133483095,20.611795753514073,23.68866972431033,20.925481878776694,28.430027510272552,56.9135475182255,33.60725446552189,22.17807182587117,32.589893127536016,33.94133954100832,24.825753209779776,30.489208097280677,33.94133954100832,67.67714929908317,37.418772407942335,33.94133954100832,31.04211787739348,55.25013845510424,27.18150089625526,17.694357070828616,8.06530713913048e-309,31.186384899578172,24.70865108991282,19.410713850784703,21.680836114224476,14.029813902615087,28.52901882877306,17.93925548966088,37.576870650601485,33.94133954100832,20.592701802379977,31.46344812139168,21.906242578618937,37.576870650601485,30.857358874565833,12.304482479842875,30.830533565208256,33.94133954100831,35.75159614736047,33.94133954100832,33.52131832326725,13.904852449183146,33.94133954100832,22.324385493857804,33.94133954100832,30.445150134349777,27.18150089625526
