,topology_ad_carcinoma_11_clean_linfoides.csv,topology_dysplasia_6_clean_linfoides.csv,topology_ad_dysplasia_7_clean_linfoides.csv,topology_carcinoma_18_clean_linfoides.csv,topology_ad_dysplasia_3_clean_linfoides.csv,topology_ad_dysplasia_9_clean_linfoides.csv,topology_ad_carcinoma_8_clean_linfoides.csv,topology_carcinoma_14_clean_linfoides.csv,topology_dysplasia_10_clean_linfoides.csv,topology_dysplasia_1_clean_linfoides.csv,topology_carcinoma_3_clean_linfoides.csv,topology_carcinoma_13_clean_linfoides.csv,topology_ad_carcinoma_13_clean_linfoides.csv,topology_dysplasia_9_clean_linfoides.csv,topology_carcinoma_20_clean_linfoides.csv,topology_dysplasia_5_clean_linfoides.csv,topology_dysplasia_17_clean_linfoides.csv,topology_ad_dysplasia_1_clean_linfoides.csv,topology_carcinoma_5_clean_linfoides.csv,topology_carcinoma_2_clean_linfoides.csv,topology_dysplasia_8_clean_linfoides.csv,topology_dysplasia_18_clean_linfoides.csv,topology_ad_carcinoma_3_clean_linfoides.csv,topology_carcinoma_6_clean_linfoides.csv,topology_dysplasia_14_clean_linfoides.csv,topology_ad_carcinoma_6_clean_linfoides.csv,topology_ad_dysplasia_8_clean_linfoides.csv,topology_carcinoma_9_clean_linfoides.csv,topology_ad_carcinoma_5_clean_linfoides.csv,topology_dysplasia_15_clean_linfoides.csv,topology_ad_carcinoma_4_clean_linfoides.csv,topology_dysplasia_7_clean_linfoides.csv,topology_dysplasia_2_clean_linfoides.csv,topology_ad_carcinoma_1_clean_linfoides.csv,topology_carcinoma_11_clean_linfoides.csv,topology_ad_carcinoma_15_clean_linfoides.csv,topology_carcinoma_10_clean_linfoides.csv,topology_ad_carcinoma_7_clean_linfoides.csv,topology_carcinoma_17_clean_linfoides.csv,topology_ad_carcinoma_2_clean_linfoides.csv,topology_carcinoma_12_clean_linfoides.csv,topology_carcinoma_8_clean_linfoides.csv,topology_carcinoma_4_clean_linfoides.csv,topology_ad_dysplasia_5_clean_linfoides.csv,topology_ad_dysplasia_2_clean_linfoides.csv,topology_ad_carcinoma_10_clean_linfoides.csv,topology_ad_carcinoma_14_clean_linfoides.csv,topology_ad_carcinoma_12_clean_linfoides.csv,topology_dysplasia_3_clean_linfoides.csv,topology_dysplasia_4_clean_linfoides.csv,topology_ad_dysplasia_6_clean_linfoides.csv,topology_dysplasia_11_clean_linfoides.csv,topology_ad_dysplasia_4_clean_linfoides.csv,topology_dysplasia_16_clean_linfoides.csv,topology_carcinoma_19_clean_linfoides.csv,topology_carcinoma_7_clean_linfoides.csv,topology_dysplasia_19_clean_linfoides.csv,topology_dysplasia_12_clean_linfoides.csv,topology_dysplasia_13_clean_linfoides.csv,topology_ad_carcinoma_9_clean_linfoides.csv,topology_carcinoma_1_clean_linfoides.csv,topology_carcinoma_16_clean_linfoides.csv,topology_ad_dysplasia_10_clean_linfoides.csv,topology_carcinoma_15_clean_linfoides.csv
topology_ad_carcinoma_11_clean_linfoides.csv,0.0,8802.09978446154,10649.050686838742,3747.0277908559715,2820.0589056467106,4982.981108293136,15231.735748138392,2675.8859781091287,11438.55302726047,5926.73612597352,1832.608890015458,7039.257909683327,9043.382653101235,21888.957664831432,17437.31392956244,7707.964159574826,6492.641670303238,5843.5355145152835,7854.3071982180045,9824.594822209587,8586.980011865959,3613.2907315053026,7327.340847739872,3761.9991029900993,3290.296119653768,10633.946309835315,5579.601048907527,2616.8698975840707,11116.776210072661,4784.161136213065,9194.94138210583,7511.667497752021,9485.31353016762,6910.686642249526,5187.531340397653,3094.4524306097856,4185.686829977824,9575.770215897166,10024.70233671766,3804.3849758312617,9251.036012796072,2713.87753468414,7148.273954683644,8494.94876759462,3022.9030527376544,13194.372557366522,14372.555221143099,5816.2271937221285,8283.415732062194,6515.672081564295,3171.4392493671885,4289.401232888106,6197.654885159275,4092.6643226229316,3909.7946679686106,1877.277891450599,2875.7834196559734,7024.219717375073,6428.552614164769,7068.906719710137,7386.860694647748,14165.773642093467,3555.5588463462145,8702.853290545485
topology_dysplasia_6_clean_linfoides.csv,8802.09978446154,0.0,4212.961644175707,7331.182326124568,7631.507152748233,10435.795205088436,7733.252434350612,6281.586119203607,3216.562383685328,6094.5908052784835,8303.786868094787,2514.615125761337,7270.998152325466,13623.010933889062,8827.14414791419,2960.248514509079,4265.295520564401,5176.497904985857,10765.822649443193,8800.69269607617,2825.0069620821328,9296.280847183274,3067.483465958758,8203.558705942512,7235.7810703638615,8254.109793593276,10862.043203579042,8805.800282570326,5124.850904576417,6378.487990192232,5173.233072063329,2875.8262695487774,3508.5411946897493,4340.735302995613,6809.6995143405275,9305.547933637325,9884.422908793025,3794.6426772343766,3146.125847222391,6329.854264102718,3538.6800535969896,7965.378776309474,8444.04220306102,7086.061306730797,7443.7177468580085,5830.7218732842775,7458.629691169155,5602.359949685207,4567.332343198521,8050.642107531506,8520.011076024812,4890.145498519973,6802.430687882831,9723.559751001632,9528.033189618061,8101.0917651954405,6477.510304047542,2760.3800432085786,3451.656873756187,3980.9122113348644,7405.698639092167,6883.766154099036,5583.793997366732,6426.458598476294
topology_ad_dysplasia_7_clean_linfoides.csv,10649.050686838742,4212.961644175707,0.0,10815.635224610498,8143.459296589864,9902.745157675146,4972.630591980355,8327.203348621288,4020.579341856232,9889.724966470358,10852.892663289076,5922.876952812691,5146.914526453768,14901.54128729404,9498.47565840234,5925.924073861998,4582.879714563646,8322.773967840521,14573.963222974877,12380.556012944811,3880.1854802718944,9576.733618293376,4301.968787264157,11846.028161668717,7432.60065453052,5375.501805330769,10322.45520078027,11926.725861160407,1575.881835912533,6117.294673594262,3144.442869977212,6519.115068163766,6805.130158417933,4302.423320221132,10573.372312306941,9522.318775921432,13331.078141066218,2009.6711153272224,3491.3265033088974,6903.731167552482,6728.880885642533,11363.09590276578,12248.132924035797,5711.773012517382,7859.360264898008,3584.7394771166087,4187.975017062445,5289.168019195198,7978.746141331408,11846.042284093826,8122.3082106033435,8387.766678646398,6245.633917255698,9353.983037139516,13006.747896974572,10986.281796935893,7995.192402424283,5092.695798411963,4626.450431025521,3699.7303693409126,11157.045646041277,9586.649281492193,8611.57007841687,10038.60927532153
topology_carcinoma_18_clean_linfoides.csv,3747.0277908559715,7331.182326124568,10815.635224610498,0.0,4660.464442177275,7175.942510742979,14950.596085498724,2999.0292610080764,10499.724311784654,2974.9062740025665,3236.6411759998755,5575.028055419024,10453.901134892028,19401.94239162758,15573.172549589734,6203.501406827994,6284.757638271748,3767.2159994115736,5357.825631555825,6338.840506729458,7811.167525159781,5909.843214634198,6697.025603349865,1717.33706223689,4173.525825097028,12147.316344747189,7708.953977553408,2118.0348713191693,11624.484519577916,5536.8854387537685,10099.39771527893,5455.3104574938525,6819.264441730206,6698.233804065193,2419.870303737145,5713.696913056719,2726.3659339338947,9945.779025799726,9441.843146855048,4373.052904947837,6830.586038767194,1679.4794672022906,4367.775295994353,9800.981110085868,4254.104634127928,12969.753977022696,14573.512089215357,6725.717777075503,5505.732403224895,3991.606780102931,5323.396246797666,2698.5016698431014,7490.157262345581,6452.713167303614,2410.931368694483,2689.055563189663,3746.072818145953,5981.546283212355,6239.673292448656,7155.406486674261,3858.334445444952,11674.877984872375,2623.9668640678256,5339.599889754533
topology_ad_dysplasia_3_clean_linfoides.csv,2820.0589056467106,7631.507152748233,8143.459296589864,4660.464442177275,0.0,2880.910906617043,12950.622995439917,1858.8271804922983,9842.05273047742,6048.38495133442,3257.5762912374666,5784.3736997893775,6346.223644928311,21173.982142157634,15583.188012701055,6626.4488642283795,4238.343873247747,4601.001456871893,9635.578504412268,10430.123070082327,6566.422940266989,1828.9981583258682,5492.577764294278,5823.515538477419,1044.7915387170312,7888.941606685273,3311.433038268007,4816.308328927581,8485.284795496513,2228.4982379001044,6462.307131790151,7380.79254259664,9641.751430422004,4590.340938628151,6008.30587563671,1899.6693028030322,6492.587019195953,6985.302186587009,7854.224914691283,1622.0148141753668,8316.673590311364,4752.376192332295,8672.443506290198,5741.083352943263,1406.399671299295,10787.532652624332,11808.319565937556,3192.840401317128,8180.265675813403,8174.983289249225,1231.3362446372946,3735.666093212615,3432.741028041541,2180.148237043359,6278.978056084735,3665.1696311904016,1429.2845444264663,5370.44839598199,4664.5095047091545,4806.939918063206,7931.295289732909,13077.224929404902,2965.621529752846,8928.980171407993
topology_ad_dysplasia_9_clean_linfoides.csv,4982.981108293136,10435.795205088436,9902.745157675146,7175.942510742979,2880.910906617043,0.0,14187.14278501602,4600.891921342269,12227.5703346658,8687.650413128336,4998.884375635752,8470.807717114625,5298.505222905747,23908.10292998941,17302.131675229608,9289.983453627425,6351.038627358748,6973.636439116031,12310.833313965368,13243.467890555708,8760.936753097138,2128.375833566723,7826.597159365889,8027.934832420192,3351.4075735735914,6400.850631645169,706.1717503201725,7147.505513728323,8748.595750619348,4126.63423615677,6868.895579796139,10195.59022577519,12450.74523113246,6511.600675210282,8819.803892471784,3193.7399614371984,8605.348014760417,8240.01222012697,9856.9320464388,4283.353654709667,11035.18607901654,6876.705077259668,11353.719979785805,4788.6653467772885,3305.7383950754743,11975.845010390332,12082.80670561366,5095.523908042213,10982.466842860102,10988.605044136535,2194.0087241369188,6188.756686190655,3743.692346096765,1114.545954089867,8328.091740986307,5564.481059039272,4143.446656621159,7906.1491342560885,7275.375732686976,7109.702704364025,10543.06473651989,15702.696450309655,5384.930778594008,11739.88755816833
topology_ad_carcinoma_8_clean_linfoides.csv,15231.735748138392,7733.252434350612,4972.630591980355,14950.596085498724,12950.622995439917,14187.14278501602,0.0,12711.349085422053,4729.458795181431,13641.069076618862,15294.460977661205,9704.607053351556,9401.208719600141,11128.353091576884,7733.0513449063155,9523.59476616622,8798.421512956622,12061.70099609047,18384.944173373075,15717.791276973274,7347.2619103260995,14456.218175249027,8273.738675995379,15880.219275393716,12136.46498699921,8804.85269517816,14597.009330560539,16171.12371548111,5542.076912475632,10877.463221188495,7445.115044932826,10263.058177448096,10186.969998439072,8458.968775536569,14477.235540238958,14346.636968551922,17485.401185824372,6451.919419416955,5689.799682607981,11466.053391268859,10027.397020058785,15501.455153825458,16026.056290471042,9970.127068638722,12476.14952197609,3243.2057426879105,2699.3027366265737,10108.385231943468,11380.19358318418,15712.479670920786,12906.303906123792,12409.453733296756,10707.801532596257,13949.79036846216,17141.607660336893,15277.9573737831,12532.46311705708,8996.545171196178,8888.695278213921,8206.971829310934,14777.500941806617,10319.645511448356,12689.588656957623,13557.394013441135
topology_carcinoma_14_clean_linfoides.csv,2675.8859781091287,6281.586119203607,8327.203348621288,2999.0292610080764,1858.8271804922983,4600.891921342269,12711.349085422053,0.0,8822.541088378766,4366.858980917851,2598.983765030178,4508.563710396466,7613.470704261765,19591.345357751838,14810.523240488892,5172.876241360885,3966.20377265408,3445.1739673852962,7940.032781653587,8738.060861288015,5975.064957885342,3377.0177068000444,4712.0325564747345,4285.874691825349,1502.5998499275188,9278.771976507258,5041.681441926887,3675.2269682126143,9010.061301432746,2753.870546125191,7342.5806120937905,5757.6333342872595,7973.126315097898,4396.657107664381,4342.7932674456715,3381.579369436771,5196.05675508213,7389.029895937392,7429.229341378721,1618.725274255649,6867.8965688138605,3361.1025641638435,6961.022139054612,6958.776535952777,1666.0464506460664,10749.853162859526,12109.341762985056,3941.7314663504512,6524.054441552635,6521.2470735076295,2702.1643625059864,2115.4466208953877,4626.215827570629,3858.882695907806,4978.986337986683,2709.352297767433,969.9846431639581,4406.404689724167,3888.925370927148,4688.355152477171,6286.903449180268,11728.48799134961,1412.0029522341663,7261.366538221136
topology_dysplasia_10_clean_linfoides.csv,11438.55302726047,3216.562383685328,4020.579341856232,10499.724311784654,9842.05273047742,12227.5703346658,4729.458795181431,8822.541088378766,0.0,9046.391974525552,11200.245260358215,5115.669517572791,8404.952620504286,11734.947287337352,6626.398423034149,5031.798212783834,6069.998730916601,7540.724305801335,13778.622453890901,11313.357272920783,4079.435690224304,11320.332961514214,4837.562017219762,11358.864678305546,9195.819954044908,8759.755592988311,12658.223779076408,11841.894012804536,5017.409288446641,8170.839476492065,6288.791163085446,5672.279761928545,5786.783296569882,6066.314886050241,9869.673057187167,11369.358790469383,13043.150333179894,4634.604645886935,3044.6971018550857,8463.475760605748,5671.43378181819,11067.001372563338,11427.76862345134,8540.510869794141,9290.948934203057,3649.311983598807,4494.127995254819,7464.149674358451,6925.963495306187,11096.160941141632,10325.83854504185,7923.053013529399,8588.044439688563,11607.53382331999,12702.821555700866,11023.157602323834,8854.40503060574,4726.4150530146435,5515.162567737635,5608.718052115759,10251.607928729822,7439.491647755954,8223.215174375748,9059.237299099337
topology_dysplasia_1_clean_linfoides.csv,5926.73612597352,6094.5908052784835,9889.724966470358,2974.9062740025665,6048.38495133442,8687.650413128336,13641.069076618862,4366.858980917851,9046.391974525552,0.0,5081.170681676923,4018.3285724710954,11088.785356157676,16565.96378940547,13005.462917464401,4243.5416663409815,5785.073567349327,2125.6577505423134,4887.804634226555,4704.585070832027,6335.949338011574,7462.703583152772,5646.802046825673,3362.829664316021,5490.112735971816,12810.175487635228,9173.01166477248,4830.736467318891,10994.674295202241,6093.395122022423,9998.00673054028,3531.6558707869262,4283.809889099463,5770.557500628153,1605.8303964964891,7295.2427343560885,5121.0859526725435,9194.434507992182,7986.29971360006,5184.227892242421,4111.468065829649,3806.973094156667,2978.879627663236,10363.217633016757,5653.709649306943,11361.723230685544,13429.255423367442,7077.076683122176,2924.4502973200247,3095.4326005593484,6754.0569995278465,2677.6743044122763,8246.912758314475,7962.731623801359,4676.142437737853,4732.995705100037,4975.7096960535055,4841.786706836788,5547.064250626801,6354.040339569849,2176.7488667571442,8815.545581079958,3523.706442886259,3369.694675489598
topology_carcinoma_3_clean_linfoides.csv,1832.608890015458,8303.786868094787,10852.892663289076,3236.6411759998755,3257.5762912374666,4998.884375635752,15294.460977661205,2598.983765030178,11200.245260358215,5081.170681676923,0.0,6632.531410743526,9512.843784194678,21232.308485722086,17082.989978879858,7384.172235465004,6537.207715590874,5284.9232130708615,8179.637486761876,9303.501161850016,8540.26540262209,3173.681684995166,7269.101337608313,3575.241775722514,3461.3040076444595,11075.952229868537,5661.88166317568,2926.222312814909,11434.605222835644,5065.529015961355,9596.522076167968,6934.489828161035,8733.606630728775,6966.019573015061,4698.041612683375,3282.568295935142,4190.76785918758,9850.742722943034,9998.488352407054,3989.160908297021,8626.09979556114,2321.533083580799,7217.30991050549,8974.504142278289,3028.4349644481285,13333.144314452733,14614.45809649018,6175.206047834905,7527.429456899972,6895.301727428371,3393.2213315704,3699.615924560217,6650.903259709146,3946.0195071918547,3619.3595715553633,1211.1502041579834,2879.8975287830795,6765.834946764073,6438.19468639412,7211.490516819585,6764.187794468905,13515.732946654953,3183.774322855385,8122.956478782621
topology_carcinoma_13_clean_linfoides.csv,7039.257909683327,2514.615125761337,5922.876952812691,5575.028055419024,5784.3736997893775,8470.807717114625,9704.607053351556,4508.563710396466,5115.669517572791,4018.3285724710954,6632.531410743526,0.0,7866.822957545854,15569.131644405858,10508.378267761651,1544.7976663940613,2358.224329369913,2995.390280007773,8705.509863378778,6833.148449419447,2538.6129483283594,7424.109501592017,1937.9204244640432,6364.196661786779,5262.075587535298,9418.882832249015,8897.590749926776,7115.374755503173,7052.9441399331245,4450.141990641703,6227.358437769433,2044.024553415322,4113.220852110492,2380.838797365052,4805.0093788217855,7476.63420540782,8149.0098620923245,5264.11967103415,4146.780926547332,4449.869957364976,2766.682669871351,6248.308229379421,6375.368838598013,7033.677703936715,5492.304855038175,7564.390438193401,9472.539265594698,4027.6001548799736,3039.6484235370854,6032.097500539517,6549.552947824201,3127.052061677404,5301.577452824669,7779.734629183767,7755.696320478895,6427.763834362014,4681.383610636511,1132.1388575454507,2019.92126631701,2654.863532885889,5352.095251395632,7450.028876579333,3654.4980576721464,4464.38440730843
topology_ad_carcinoma_13_clean_linfoides.csv,9043.382653101235,7270.998152325466,5146.914526453768,10453.901134892028,6346.223644928311,5298.505222905747,9401.208719600141,7613.470704261765,8404.952620504286,11088.785356157676,9512.843784194678,7866.822957545854,0.0,19478.28768710537,13795.690534144043,8747.378401171753,5792.071896816624,9667.639744379088,15264.312531428699,14453.8811542968,7178.6140100795565,6998.145864544338,6051.148579646918,11809.440283689128,6527.476954471446,1789.052379279391,5415.342128046918,11062.687463938273,4035.816623911415,5119.1219760825215,2381.524736731841,8558.220770226704,9795.555817805633,6105.4649754038055,11272.500791029255,7500.10269275118,12725.190708831795,4516.14105536665,7698.454399667456,6260.406906012997,9304.080381304584,10904.401828920054,13509.946139173238,1248.1427992915287,7053.670270962037,7516.953168043249,7281.418250711989,4056.7992082639903,10617.390527235822,12646.873375274155,6337.295749281878,9044.986865515824,3120.0887479766975,5870.590305889943,12522.83095191027,9939.615062509405,6970.741136625877,7206.4821168081,6383.453690940148,5565.519145238746,12772.381606590729,13768.733778741145,8691.693417165932,12146.1082237221
topology_dysplasia_9_clean_linfoides.csv,21888.957664831432,13623.010933889062,14901.54128729404,19401.94239162758,21173.982142157634,23908.10292998941,11128.353091576884,19591.345357751838,11734.947287337352,16565.96378940547,21232.308485722086,15569.131644405858,19478.28768710537,0.0,8388.898959711762,14772.935993957404,17596.78921828122,17137.567200318586,20130.29396962161,16266.874903957521,15200.914345192037,22762.883676278245,16283.434176209506,19853.120763258536,20649.11124116302,19331.996312138333,24334.751461889788,21159.118911132566,15976.058142682088,19823.904289504975,17557.895605389953,14436.99060700521,12673.401432049792,17497.100461733586,17684.84098288322,22809.246359433444,21562.026036040243,15976.547734547838,14106.897660915274,19795.345937908416,13159.008476690991,20182.439255810194,18319.17647933083,19974.39421067596,20911.604299474027,12378.968971602284,12593.097125043063,18945.652352054036,13990.83653525816,18343.899588420227,21993.113127607096,17975.688342757418,20239.802598393646,23205.543560507573,21172.45378423949,20983.583336502343,19892.441125019584,16082.984185534877,16798.417347163788,17055.459199116984,16542.26101987196,9364.931155390577,18707.37156145145,14892.892753652124
topology_carcinoma_20_clean_linfoides.csv,17437.31392956244,8827.14414791419,9498.47565840234,15573.172549589734,15583.188012701055,17302.131675229608,7733.0513449063155,14810.523240488892,6626.398423034149,13005.462917464401,17082.989978879858,10508.378267761651,13795.690534144043,8388.898959711762,0.0,9797.973799592508,11461.102549719635,11905.340325435849,17003.112926914608,13041.79090623394,9115.347980112892,17091.867967543283,10442.59008836735,16144.250867742854,14876.426361949745,14265.947098004865,17729.43117980356,17312.55982990376,10361.32958634113,13686.860114712157,11591.509732423609,10258.802815047598,9212.141143095942,11285.815589854057,14257.940542798617,17015.99367607435,18042.467519027363,9917.277131927583,7792.432339193514,14146.609919748847,9041.203134813904,16358.316474849864,15144.142853340798,13762.979691024857,14978.61105847684,6382.236066665191,8323.300950336052,13057.835609855023,10263.193885079478,15024.038002000158,15675.220591707495,13409.395333726205,13722.269363041003,16933.42370810406,17593.336411904016,16872.605516331045,14754.091539219184,10456.684194519947,11195.688270885563,11158.387205320207,13320.801223885372,5021.362241511418,13976.388506630401,11754.420122967023
topology_dysplasia_5_clean_linfoides.csv,7707.964159574826,2960.248514509079,5925.924073861998,6203.501406827994,6626.4488642283795,9289.983453627425,9523.59476616622,5172.876241360885,5031.798212783834,4243.5416663409815,7384.172235465004,1544.7976663940613,8747.378401171753,14772.935993957404,9797.973799592508,0.0,3342.924830045513,3469.430398327687,8980.964303865989,6531.552678876891,2312.9594433828343,8219.758269945762,3008.394264432867,6933.789098061821,6102.208764311768,10254.285117939322,9719.055849095426,7841.300608029518,7156.0998209801155,5230.092672483022,6874.465795136235,2002.859386753395,3474.4267325323376,3337.40447802079,5272.271579987009,8277.871171374238,8775.809683190551,5433.8019723245625,3864.124055314237,5337.246182060633,2269.554256908609,6935.353885926284,6630.660767972123,8004.193100067644,6315.856124655584,7172.471539979281,9347.827626569226,5151.334502687775,2243.8799667638195,6406.0064645589455,7389.792627049934,3877.5271278673795,6495.1745282952415,8615.021421969082,8351.202381329367,7193.625194915017,5389.5376382025415,1854.352742432723,2763.909018860605,3623.640045129211,5326.510907721388,6711.540169818815,4384.580187355024,4283.436809548947
topology_dysplasia_17_clean_linfoides.csv,6492.641670303238,4265.295520564401,4582.879714563646,6284.757638271748,4238.343873247747,6351.038627358748,8798.421512956622,3966.20377265408,6069.998730916601,5785.073567349327,6537.207715590874,2358.224329369913,5792.071896816624,17596.78921828122,11461.102549719635,3342.924830045513,0.0,4394.3070181052135,10313.510101129703,8853.787841664885,2584.4049459794205,5745.720101562376,1731.3304279051576,7338.622210161274,3486.9125886853303,7353.018265242548,6775.7573464642055,7435.742648484487,5404.077346207387,2354.417500883865,4260.554894474148,3987.276874863474,6187.221538420607,992.8479769927993,6310.865750313986,5659.662426551752,8800.967329567766,3765.6702656014572,3811.3418535317464,2800.16388851837,4794.664099489132,6823.410903199641,8182.496107576749,4945.947845770117,3749.999099334505,6837.964608444616,8318.024990950187,2085.3542249131515,5072.4727098778985,7585.044958362671,4476.960191644869,3970.1325681741887,3244.831811364282,5743.712102240694,8458.120565101888,6527.8342829624635,3797.0304483863897,1823.084350651529,1279.5336977278178,1432.1758082919514,7249.841091524583,9431.48363180602,4066.8879912555594,6511.187724347246
topology_ad_dysplasia_1_clean_linfoides.csv,5843.5355145152835,5176.497904985857,8322.773967840521,3767.2159994115736,4601.001456871893,6973.636439116031,12061.70099609047,3445.1739673852962,7540.724305801335,2125.6577505423134,5284.9232130708615,2995.390280007773,9667.639744379088,17137.567200318586,11905.340325435849,3469.430398327687,4394.3070181052135,0.0,6441.007100127393,6397.4005664945225,4804.042471683233,5899.4317820938695,4144.311314670178,4320.1672324505,4002.8000098446237,11363.082556881418,7466.736292394274,5572.825536144952,9450.737404387573,4712.0478365183535,8547.07759447013,4020.571758919405,5692.822439474517,4264.373957121794,2982.519887771634,5913.456767436808,6211.846684572876,7690.399345426552,6435.353277300031,3770.495146644542,4270.6970010283985,4484.698884446579,4900.133876918685,8919.612367603382,4021.8640097515104,9829.924518582346,11840.215741507147,5741.317916985995,4457.441664063222,4890.754965224095,5047.893987764354,1806.030826818308,6773.078382676511,6289.959432652287,5750.589239251866,5081.240135368388,3844.9462796032703,3467.037372828572,4285.016339936366,4857.17305398059,3849.4192061746207,9009.583596388327,2529.6525930540365,4915.183144725801
topology_carcinoma_5_clean_linfoides.csv,7854.3071982180045,10765.822649443193,14573.963222974877,5357.825631555825,9635.578504412268,12310.833313965368,18384.944173373075,7940.032781653587,13778.622453890901,4887.804634226555,8179.637486761876,8705.509863378778,15264.312531428699,20130.29396962161,17003.112926914608,8980.964303865989,10313.510101129703,6441.007100127393,0.0,4489.503208031597,11067.512134017858,11009.987840254451,10302.069480888382,4910.851350616205,9097.677446028329,16984.850146453435,12764.168054356143,5887.312217215,15623.275391078665,10278.816989854009,14456.996038738345,8160.951788751471,8463.305378821997,10399.120627476797,4178.885786885659,10416.278999401002,4505.660857085244,13838.64354616845,12736.389776720336,9062.87957123828,8626.143427135285,6109.05672549479,2706.946893895522,14565.748467741892,9286.260995740084,16109.893389905732,18162.866365922593,11303.018551839981,7338.798435460209,3293.0835552070766,10374.189519209121,6645.628936557369,12347.903001491808,11551.44822302355,4880.086826026101,7338.384965435424,8697.86005396,9509.110995068093,10164.361100878421,10979.383734470703,4035.4158648498346,12210.446511000573,7096.519190739408,5325.492954375909
topology_carcinoma_2_clean_linfoides.csv,9824.594822209587,8800.69269607617,12380.556012944811,6338.840506729458,10430.123070082327,13243.467890555708,15717.791276973274,8738.060861288015,11313.357272920783,4704.585070832027,9303.501161850016,6833.148449419447,14453.8811542968,16266.874903957521,13041.79090623394,6531.552678876891,8853.787841664885,6397.4005664945225,4489.503208031597,0.0,8660.167213039766,11980.459012219291,8612.907186953224,6729.515712797772,9985.39782396207,16159.9315140188,13671.821050852399,8109.14401801347,13638.61609363911,9574.189678938681,13017.915762106295,6213.4357609495655,5676.417852480813,8627.285039490098,4817.922241096885,11783.84940800954,7431.569046717728,11876.732119929717,10104.295580935222,9202.426465918961,5769.190720655967,7612.956698373823,3653.725190208064,13712.74488937661,10217.559826389028,13201.206205790359,15680.771579766526,10436.017564408527,4486.180351468998,4297.595768783855,11317.357293726767,7176.177588177322,11717.109206827294,12515.072465625888,7320.39887581851,8756.315893723908,9187.095575383519,7642.427302689148,8361.962980374949,9189.62733471718,3009.23095367079,8203.603730257824,7996.695303712228,2517.3188971095196
topology_dysplasia_8_clean_linfoides.csv,8586.980011865959,2825.0069620821328,3880.1854802718944,7811.167525159781,6566.422940266989,8760.936753097138,7347.2619103260995,5975.064957885342,4079.435690224304,6335.949338011574,8540.26540262209,2538.6129483283594,7178.6140100795565,15200.914345192037,9115.347980112892,2312.9594433828343,2584.4049459794205,4804.042471683233,11067.512134017858,8660.167213039766,0.0,8041.816441442185,2296.0600919550534,8629.78215456631,5921.286468070058,8546.14143308224,9184.342372632822,9230.42421916709,5130.89887458804,4798.5626676948405,5127.629028977362,3209.543445979437,4239.930936797667,2641.924943409928,7166.543508768172,7949.855311067014,10349.43052249861,3461.1949949430877,1875.745165824476,5138.245579337424,3434.2895756948565,8408.45321459307,8716.518271631716,6583.5869268468205,6025.679576704956,5250.00343860079,7118.982674786691,4295.75072906027,4255.292051167718,8389.81963721236,6898.003918046146,5276.45616050689,5437.28756177899,8108.451417950961,9999.187694243014,8406.71647931845,5866.462766138737,2039.2498297318402,2228.673061404896,2681.2902725229264,7565.438902721931,7109.071968001386,5615.721773371246,6383.392480331515
topology_dysplasia_18_clean_linfoides.csv,3613.2907315053026,9296.280847183274,9576.733618293376,5909.843214634198,1828.9981583258682,2128.375833566723,14456.218175249027,3377.0177068000444,11320.332961514214,7462.703583152772,3173.681684995166,7424.109501592017,6998.145864544338,22762.883676278245,17091.867967543283,8219.758269945762,5745.720101562376,5899.4317820938695,11009.987840254451,11980.459012219291,8041.816441442185,0.0,6970.590206399721,6395.313537107617,2517.298404794317,8456.127854140006,2712.958379498662,5778.2092673570305,9772.204981752711,3661.389527037513,7659.164647756148,8987.682892181394,11208.935992145529,6071.87952927785,7539.041947091525,1843.3028350453528,7099.344939762935,8363.773262774903,9366.326435356048,3273.921282335606,9848.436015367211,5211.101360213388,10088.305239365516,6628.216491381533,2189.4785617464986,12257.531059471308,13152.516018684226,4479.351532191765,9816.72806706347,9724.89104639519,1632.752977938455,4981.361062729742,4502.710431852363,1282.6941713469766,6589.962864302942,3871.77796600293,3010.9353301887336,6964.623413741673,6175.3692599352335,6326.120792904633,9372.835206684844,14706.89270268035,4238.83397162738,10564.967275855217
topology_ad_carcinoma_3_clean_linfoides.csv,7327.340847739872,3067.483465958758,4301.968787264157,6697.025603349865,5492.577764294278,7826.597159365889,8273.738675995379,4712.0325564747345,4837.562017219762,5646.802046825673,7269.101337608313,1937.9204244640432,6051.148579646918,16283.434176209506,10442.59008836735,3008.394264432867,1731.3304279051576,4144.311314670178,10302.069480888382,8612.907186953224,2296.0600919550534,6970.590206399721,0.0,7623.547495090586,4912.327415590755,7634.95271767252,8248.484208499156,7989.52073106635,5379.497436947678,3887.3058041377285,4463.103765925404,3097.075910051418,4871.490911986931,1726.2488840719345,6298.724143626818,7010.115072319478,9229.545385126277,3633.161002342397,3416.622440331178,4075.742947802172,3655.9454929865306,7242.7769575608545,8017.864864875496,5241.428701817104,4966.582834746806,6309.348464646983,7977.569527196327,3049.5988492375295,4741.186123267684,7578.295662641872,5951.288210267539,4172.113889622635,4190.098268751577,7179.985379222571,8885.833828560013,7138.0952328818585,4627.416838766472,1530.6636913860905,1553.1801747524737,1398.9176615695699,7049.9505465961565,8711.98411292486,4459.324967732336,6245.585438479985
topology_carcinoma_6_clean_linfoides.csv,3761.9991029900993,8203.558705942512,11846.028161668717,1717.33706223689,5823.515538477419,8027.934832420192,15880.219275393716,4285.874691825349,11358.864678305546,3362.829664316021,3575.241775722514,6364.196661786779,11809.440283689128,19853.120763258536,16144.250867742854,6933.789098061821,7338.622210161274,4320.1672324505,4910.851350616205,6729.515712797772,8629.78215456631,6395.313537107617,7623.547495090586,0.0,5396.891131217047,13489.229922190181,8693.961592188316,2442.66661698216,12721.565988101665,6868.878022052303,11323.336782017317,6101.385414381949,7259.319382490149,7670.66132266023,2499.2760316124322,5792.733729507223,2419.1165476107626,11018.0649030221,10323.822464197438,5698.11836996056,7281.379571182816,1677.9339377795352,4255.960882046416,11173.026429348785,4902.844889195497,13849.681394664472,15571.259304560002,8041.477476193204,5968.542495171428,3759.0658100792834,5944.858593328743,3540.3866354753077,8835.889704048073,7029.863661742568,1730.9970547012877,2807.227294689892,5007.50838863188,6902.996756343556,7306.530074154574,8194.644994888959,4256.391537712508,12103.960909526528,3354.6044854931038,5711.072753532344
topology_dysplasia_14_clean_linfoides.csv,3290.296119653768,7235.7810703638615,7432.60065453052,4173.525825097028,1044.7915387170312,3351.4075735735914,12136.46498699921,1502.5998499275188,9195.819954044908,5490.112735971816,3461.3040076444595,5262.075587535298,6527.476954471446,20649.11124116302,14876.426361949745,6102.208764311768,3486.9125886853303,4002.8000098446237,9097.677446028329,9985.39782396207,5921.286468070058,2517.298404794317,4912.327415590755,5396.891131217047,0.0,8121.579007436586,3783.368802693027,4818.181505248232,8000.264567199216,1662.324131701539,6234.911474383151,6950.663978805866,9207.047777892303,3829.5279480609047,5586.272711927961,2508.424080629293,6330.607117123158,6420.591853616744,7146.380424779808,1182.066694524335,7857.118751762477,4494.388384753078,8140.411421794428,5801.559620914725,835.5775903564257,9995.432334108886,11165.85892187793,2918.2437925760596,7723.336929853278,7766.549511848471,1557.6260828049972,3144.4674770706265,3475.081545513809,2667.639947246834,6128.039469270805,3730.50849659177,1268.8260228232934,4768.215371285352,4197.782766561534,4211.346986514129,7365.61839611129,12474.687036952182,2349.730136713555,8471.526459528097
topology_ad_carcinoma_6_clean_linfoides.csv,10633.946309835315,8254.109793593276,5375.501805330769,12147.316344747189,7888.941606685273,6400.850631645169,8804.85269517816,9278.771976507258,8759.755592988311,12810.175487635228,11075.952229868537,9418.882832249015,1789.052379279391,19331.996312138333,14265.947098004865,10254.285117939322,7353.018265242548,11363.082556881418,16984.850146453435,16159.9315140188,8546.14143308224,8456.127854140006,7634.95271767252,13489.229922190181,8121.579007436586,0.0,6062.773285410983,12673.701975993647,4212.20062597016,6739.183542138242,3457.180763378686,10124.046718494623,11183.997208000366,7690.9596183659905,13002.651202560712,9064.828742439478,14354.835545154368,5601.042609904417,8687.267644454769,7949.121092317491,10884.351661981269,12560.580104378436,15241.523728331096,2499.1368444880422,8661.054649442094,8056.0945404582135,6891.77739261915,5758.345957181148,12169.249243556398,14372.776606062896,7809.36752498893,10736.698641286019,4672.999699966415,7302.961381456135,14147.350393516694,11496.671739441206,8604.625112069534,8687.84109726424,7954.161027267639,7123.438131219854,14444.200085026163,14844.655870444605,10338.618792651941,13807.981331146868
topology_ad_dysplasia_8_clean_linfoides.csv,5579.601048907527,10862.043203579042,10322.45520078027,7708.953977553408,3311.433038268007,706.1717503201725,14597.009330560539,5041.681441926887,12658.223779076408,9173.01166477248,5661.88166317568,8897.590749926776,5415.342128046918,24334.751461889788,17729.43117980356,9719.055849095426,6775.7573464642055,7466.736292394274,12764.168054356143,13671.821050852399,9184.342372632822,2712.958379498662,8248.484208499156,8693.961592188316,3783.368802693027,6062.773285410983,0.0,7654.151727742194,9157.559204940639,4550.0315617515,7283.343919302827,10623.840889220146,12879.2860819964,6932.870973708091,9245.75264723461,3846.0001882796746,9248.132943050752,8652.371064581726,10282.350860222925,4710.658724384848,11463.725676948969,7553.064637828867,11819.839180643625,4725.2171761080845,3955.1981891635883,12393.026853029623,12287.45688809523,5512.217169298729,11407.446050086635,11415.510630208488,2839.6430643587223,6779.405216854558,4144.652111091235,1758.0209451411888,9004.291754741593,6240.7040770244585,4570.48868181855,8335.336093827855,7699.180162531835,7534.928481268234,11052.821241641175,16131.01190351737,5923.5661849386115,12166.58248023511
topology_carcinoma_9_clean_linfoides.csv,2616.8698975840707,8805.800282570326,11926.725861160407,2118.0348713191693,4816.308328927581,7147.505513728323,16171.12371548111,3675.2269682126143,11841.894012804536,4830.736467318891,2926.222312814909,7115.374755503173,11062.687463938273,21159.118911132566,17312.55982990376,7841.300608029518,7435.742648484487,5572.825536144952,5887.312217215,8109.14401801347,9230.42421916709,5778.2092673570305,7989.52073106635,2442.66661698216,4818.181505248232,12673.701975993647,7654.151727742194,0.0,12643.100299622894,6357.725248638853,10954.29297770503,7127.157071095843,8555.07621262177,7877.105248331234,3817.5740854006726,5386.523107374809,2223.0705195159644,11011.73169773702,10772.048400226808,5215.543654734858,8585.01292247538,1645.6458903829002,4991.45063864866,10466.791196839346,4725.2498412816385,14235.275471515846,15709.553289347863,7516.433926155136,7265.101463007867,4527.419523216749,5326.130048857043,4282.98889940102,8111.742825213155,6313.7524362329095,1944.8919920235116,2321.4958641769667,4239.148023837819,7384.4263360333125,7366.008393787305,8276.863981635548,5778.951000257984,13432.039327975144,3818.57679862666,7121.155013090652
topology_ad_carcinoma_5_clean_linfoides.csv,11116.776210072661,5124.850904576417,1575.881835912533,11624.484519577916,8485.284795496513,8748.595750619348,5542.076912475632,9010.061301432746,5017.409288446641,10994.674295202241,11434.605222835644,7052.9441399331245,4035.816623911415,15976.058142682088,10361.32958634113,7156.0998209801155,5404.077346207387,9450.737404387573,15623.275391078665,13638.61609363911,5130.89887458804,9772.204981752711,5379.497436947678,12721.565988101665,8000.264567199216,4212.20062597016,9157.559204940639,12643.100299622894,0.0,6384.131915459278,2255.4024255767117,7635.364145591254,8066.034114231417,5250.786158190272,11601.041079257238,9771.918602183394,14079.041113929365,1878.6264581647906,4622.874102925786,7492.238376281915,8001.452435890505,12123.061183523834,13359.159115824801,4549.730754451799,8433.580183067745,4086.235808382455,3763.110175315501,5378.276895283977,9234.85747378448,12885.766754860393,8198.363047617087,9321.63308059059,5515.818091175223,8819.655699727471,13793.322912250549,11665.881131676353,8576.849817887218,6190.497275439642,5490.916497750728,4681.8069983574,12322.35239005578,10786.178182551224,9435.188240201784,11266.634480680035
topology_dysplasia_15_clean_linfoides.csv,4784.161136213065,6378.487990192232,6117.294673594262,5536.8854387537685,2228.4982379001044,4126.63423615677,10877.463221188495,2753.870546125191,8170.839476492065,6093.395122022423,5065.529015961355,4450.141990641703,5119.1219760825215,19823.904289504975,13686.860114712157,5230.092672483022,2354.417500883865,4712.0478365183535,10278.816989854009,9574.189678938681,4798.5626676948405,3661.389527037513,3887.3058041377285,6868.878022052303,1662.324131701539,6739.183542138242,4550.0315617515,6357.725248638853,6384.131915459278,0.0,4642.804470070978,6140.117926392929,8380.829977096364,2713.9084554842107,6328.219324843264,3665.8009875821945,7874.458719347877,4894.304765037446,6018.688569461779,1474.4692216318454,6990.797394057043,5989.682683178991,8528.965046040523,4341.300574407488,2109.244081569408,8637.815696888109,9629.307902424951,1489.9969936440987,6932.162499339907,7679.769160305214,2316.856896669123,4026.7481172107528,2232.208930534938,3532.268281625083,7652.38626316145,5326.347193604744,2248.641298278811,3897.805186885907,3314.007931437648,3166.469935617746,7749.080372621292,11628.220817241525,3660.867861256309,7807.212786934387
topology_ad_carcinoma_4_clean_linfoides.csv,9194.94138210583,5173.233072063329,3144.442869977212,10099.39771527893,6462.307131790151,6868.895579796139,7445.115044932826,7342.5806120937905,6288.791163085446,9998.00673054028,9596.522076167968,6227.358437769433,2381.524736731841,17557.895605389953,11591.509732423609,6874.465795136235,4260.554894474148,8547.07759447013,14456.996038738345,13017.915762106295,5127.629028977362,7659.164647756148,4463.103765925404,11323.336782017317,6234.911474383151,3457.180763378686,7283.343919302827,10954.29297770503,2255.4024255767117,4642.804470070978,0.0,6891.98129536138,7801.020443835178,4443.528526650184,10452.007313871207,7718.874910211474,12491.071147350616,2294.066110082016,5404.93610429145,5776.145716510501,7554.929670391936,10566.968904332138,12395.505524123853,2686.512407855941,6686.242393934555,5394.325940670387,5730.720417923857,3464.2205261964805,8816.549126096068,11732.608931738616,6253.497367823387,8109.048542400486,3373.44535091192,6636.536396451703,12255.6310060165,9921.891154120065,6794.4820135858445,5417.9286471518535,4699.812315468735,3871.120010037229,11476.4904155154,11488.431152774352,8007.123547876784,10631.24149989261
