,dysplasia_FA_HN14_2_mac.csv,filtrado_dysplasia_FA_HN11A_1_mac.csv,stroma_ad_carcinoma_FA_HN14_5_mac.csv,stroma_ad_dysplasia_FA_HN11A_4_mac.csv,filtrado_filtrado_carcinoma_FA_HN15_2_mac.csv,filtrado_filtrado_stroma_ad_dysplasia_FA_HN15_5_mac.csv,filtrado_dysplasia_FA_HN11A_3_mac.csv,filtrado_filtrado_stroma_ad_carcinoma_FA_HN11A_2_mac.csv,stroma_ad_carcinoma_FA_HN14_2_mac.csv,dysplasia_FA_HN15_5_mac.csv,filtrado_dysplasia_FA_HN14_2_mac.csv,dysplasia_FA_HN11A_5_mac.csv,dysplasia_FA_HN15_2_mac.csv,filtrado_filtrado_stroma_ad_carcinoma_FA_HN15_2_mac.csv,filtrado_stroma_ad_dysplasia_FA_HN11A_5_mac.csv,filtrado_stroma_ad_carcinoma_FA_HN11A_1_mac.csv,filtrado_stroma_ad_carcinoma_FA_HN14_4_mac.csv,filtrado_stroma_ad_dysplasia_FA_HN14_2_mac.csv,filtrado_filtrado_stroma_ad_dysplasia_FA_HN15_4_mac.csv,dysplasia_FA_HN15_1_mac.csv,stroma_ad_carcinoma_FA_HN11A_2_mac.csv,carcinoma_FA_HN14_3_mac.csv,stroma_ad_dysplasia_FA_HN14_4_mac.csv,filtrado_stroma_ad_carcinoma_FA_HN15_4_mac.csv,carcinoma_FA_HN11A_3_mac.csv,stroma_ad_carcinoma_FA_HN15_2_mac.csv,carcinoma_FA_HN14_2_mac.csv,filtrado_dysplasia_FA_HN11A_5_mac.csv,filtrado_filtrado_dysplasia_FA_HN15_1_mac.csv,carcinoma_FA_HN14_4_mac.csv,filtrado_filtrado_stroma_ad_dysplasia_FA_HN11A_5_mac.csv,stroma_ad_carcinoma_FA_HN15_1_mac.csv,filtrado_filtrado_stroma_ad_carcinoma_FA_HN14_4_mac.csv,filtrado_filtrado_stroma_ad_dysplasia_FA_HN14_3_mac.csv,filtrado_stroma_ad_dysplasia_FA_HN14_3_mac.csv,filtrado_carcinoma_FA_HN11A_5_mac.csv,filtrado_dysplasia_FA_HN15_2_mac.csv,filtrado_stroma_ad_carcinoma_FA_HN11A_2_mac.csv,stroma_ad_dysplasia_FA_HN11A_1_mac.csv,filtrado_stroma_ad_dysplasia_FA_HN15_4_mac.csv,filtrado_filtrado_carcinoma_FA_HN14_3_mac.csv,filtrado_filtrado_dysplasia_FA_HN11A_5_mac.csv,filtrado_carcinoma_FA_HN14_4_mac.csv,filtrado_filtrado_stroma_ad_carcinoma_FA_HN15_1_mac.csv,filtrado_carcinoma_FA_HN11A_4_mac.csv,filtrado_stroma_ad_carcinoma_FA_HN15_1_mac.csv,filtrado_filtrado_carcinoma_FA_HN11A_3_mac.csv,filtrado_carcinoma_FA_HN14_2_mac.csv,carcinoma_FA_HN14_1_mac.csv,filtrado_stroma_ad_dysplasia_FA_HN11A_4_mac.csv,dysplasia_FA_HN11A_2_mac.csv,stroma_ad_dysplasia_FA_HN15_3_mac.csv,filtrado_filtrado_carcinoma_FA_HN11A_1_mac.csv,filtrado_stroma_ad_carcinoma_FA_HN15_3_mac.csv,stroma_ad_carcinoma_FA_HN14_1_mac.csv,filtrado_filtrado_stroma_ad_dysplasia_FA_HN11A_3_mac.csv,stroma_ad_carcinoma_FA_HN11A_1_mac.csv,stroma_ad_dysplasia_FA_HN15_4_mac.csv,filtrado_filtrado_stroma_ad_dysplasia_FA_HN11A_4_mac.csv,carcinoma_FA_HN11A_4_mac.csv,filtrado_filtrado_stroma_ad_dysplasia_FA_HN14_1_mac.csv,stroma_ad_dysplasia_FA_HN11A_2_mac.csv,filtrado_stroma_ad_dysplasia_FA_HN15_3_mac.csv,filtrado_stroma_ad_dysplasia_FA_HN15_2_mac.csv,stroma_ad_carcinoma_FA_HN14_4_mac.csv,filtrado_carcinoma_FA_HN15_2_mac.csv,filtrado_carcinoma_FA_HN14_1_mac.csv,filtrado_filtrado_dysplasia_FA_HN15_5_mac.csv,filtrado_filtrado_stroma_ad_carcinoma_FA_HN15_3_mac.csv,filtrado_dysplasia_FA_HN15_3_mac.csv,filtrado_filtrado_stroma_ad_carcinoma_FA_HN14_1_mac.csv,filtrado_filtrado_carcinoma_FA_HN11A_4_mac.csv,filtrado_filtrado_stroma_ad_dysplasia_FA_HN15_3_mac.csv,dysplasia_FA_HN14_1_mac.csv,filtrado_filtrado_stroma_ad_carcinoma_FA_HN11A_1_mac.csv,filtrado_stroma_ad_dysplasia_FA_HN14_1_mac.csv,filtrado_filtrado_dysplasia_FA_HN15_3_mac.csv,filtrado_stroma_ad_dysplasia_FA_HN15_5_mac.csv,filtrado_carcinoma_FA_HN11A_1_mac.csv,filtrado_dysplasia_FA_HN15_5_mac.csv,filtrado_filtrado_carcinoma_FA_HN14_4_mac.csv,stroma_ad_carcinoma_FA_HN15_3_mac.csv,filtrado_dysplasia_FA_HN14_1_mac.csv,filtrado_carcinoma_FA_HN11A_3_mac.csv,stroma_ad_dysplasia_FA_HN15_1_mac.csv,filtrado_filtrado_stroma_ad_dysplasia_FA_HN15_2_mac.csv,filtrado_filtrado_stroma_ad_dysplasia_FA_HN14_2_mac.csv,filtrado_filtrado_filtrado_stroma_ad_dysplasia_FA_HN14_2_mac.csv,filtrado_filtrado_dysplasia_FA_HN11A_1_mac.csv,stroma_ad_dysplasia_FA_HN14_1_mac.csv,dysplasia_FA_HN11A_3_mac.csv,filtrado_stroma_ad_dysplasia_FA_HN11A_3_mac.csv,filtrado_filtrado_dysplasia_FA_HN11A_4_mac.csv,filtrado_stroma_ad_carcinoma_FA_HN14_2_mac.csv,filtrado_filtrado_carcinoma_FA_HN14_1_mac.csv,filtrado_filtrado_carcinoma_FA_HN11A_2_mac.csv,filtrado_filtrado_dysplasia_FA_HN11A_3_mac.csv,filtrado_filtrado_stroma_ad_carcinoma_FA_HN14_5_mac.csv,filtrado_stroma_ad_dysplasia_FA_HN14_4_mac.csv,filtrado_filtrado_carcinoma_FA_HN15_1_mac.csv,dysplasia_FA_HN11A_4_mac.csv,stroma_ad_dysplasia_FA_HN11A_3_mac.csv,filtrado_carcinoma_FA_HN14_3_mac.csv,stroma_ad_dysplasia_FA_HN14_3_mac.csv,filtrado_stroma_ad_carcinoma_FA_HN14_1_mac.csv,filtrado_filtrado_dysplasia_FA_HN14_1_mac.csv,stroma_ad_carcinoma_FA_HN15_4_mac.csv,filtrado_filtrado_stroma_ad_carcinoma_FA_HN14_3_mac.csv,filtrado_stroma_ad_dysplasia_FA_HN11A_1_mac.csv,filtrado_dysplasia_FA_HN11A_2_mac.csv,filtrado_filtrado_carcinoma_FA_HN11A_5_mac.csv,stroma_ad_carcinoma_FA_HN14_3_mac.csv,stroma_ad_dysplasia_FA_HN15_2_mac.csv,stroma_ad_dysplasia_FA_HN15_5_mac.csv,filtrado_carcinoma_FA_HN15_1_mac.csv,filtrado_stroma_ad_carcinoma_FA_HN14_5_mac.csv,filtrado_filtrado_stroma_ad_dysplasia_FA_HN11A_1_mac.csv,filtrado_filtrado_dysplasia_FA_HN14_2_mac.csv,filtrado_dysplasia_FA_HN11A_4_mac.csv,carcinoma_FA_HN15_2_mac.csv,filtrado_filtrado_stroma_ad_carcinoma_FA_HN14_2_mac.csv,filtrado_dysplasia_FA_HN15_1_mac.csv,filtrado_filtrado_dysplasia_FA_HN11A_2_mac.csv,filtrado_stroma_ad_carcinoma_FA_HN15_2_mac.csv,dysplasia_FA_HN11A_1_mac.csv,filtrado_filtrado_stroma_ad_dysplasia_FA_HN11A_2_mac.csv,stroma_ad_dysplasia_FA_HN11A_5_mac.csv,carcinoma_FA_HN11A_2_mac.csv,filtrado_filtrado_stroma_ad_carcinoma_FA_HN15_4_mac.csv,dysplasia_FA_HN15_3_mac.csv,filtrado_filtrado_dysplasia_FA_HN15_2_mac.csv,filtrado_stroma_ad_dysplasia_FA_HN11A_2_mac.csv,carcinoma_FA_HN11A_1_mac.csv,filtrado_stroma_ad_carcinoma_FA_HN14_3_mac.csv,filtrado_filtrado_stroma_ad_dysplasia_FA_HN14_4_mac.csv,filtrado_stroma_ad_dysplasia_FA_HN15_1_mac.csv,filtrado_carcinoma_FA_HN11A_2_mac.csv,carcinoma_FA_HN11A_5_mac.csv,stroma_ad_dysplasia_FA_HN14_2_mac.csv,carcinoma_FA_HN15_1_mac.csv,filtrado_filtrado_carcinoma_FA_HN14_2_mac.csv,filtrado_filtrado_stroma_ad_dysplasia_FA_HN15_1_mac.csv
dysplasia_FA_HN14_2_mac.csv,0.0,2863.0827935543643,3569.3878220285396,3452.7369354139537,5974.830626128313,7476.303608957289,7493.630899453587,6703.338730823087,4419.13072949148,8353.499725503329,0.0,4486.741115033033,6307.813121009755,5934.030879515955,5864.944366755013,7953.446815942796,3445.4716753000885,4232.828354957111,7946.084048358158,9210.125007238543,6703.338730823087,1118.0348380726207,4232.0791160157105,8484.811917079847,5825.534307475237,5934.030879515955,2594.179984535661,4486.741115033033,9210.125007238543,1567.6136356907652,5864.944366755013,8206.313601487192,3445.4716753000885,3749.308638175391,3749.308638175391,4124.889530834074,6307.813121009755,6703.338730823087,6004.405296657091,7946.084048358158,1118.0348380726207,4486.741115033033,1567.6136356907652,8206.313601487192,6903.9450746055445,8206.313601487192,5825.534307475237,2594.179984535661,2533.0252965902696,3452.7369354139537,7242.463500990576,5074.337377458051,5142.030341801405,3782.332058867629,4872.539922065071,4540.816590624207,7953.446815942796,7946.084048358158,3452.7369354139537,6903.9450746055445,5329.942535085238,5268.464989950595,5074.337377458051,5733.9390311396555,3445.4716753000885,5974.830626128313,2533.0252965902696,8353.499725503329,3782.332058867629,3771.8849064771553,4872.539922065071,6903.9450746055445,5074.337377458051,1518.7421049903896,7953.446815942796,5329.942535085238,3771.8849064771553,7476.303608957289,5142.030341801405,8353.499725503329,1567.6136356907652,3782.332058867629,1518.7421049903896,5825.534307475237,7073.03739295446,5733.9390311396555,4232.828354957111,4232.828354957111,2863.0827935543643,5329.942535085238,7493.630899453587,4540.816590624207,4576.608890323755,4419.13072949148,2533.0252965902696,4312.006471948538,7493.630899453587,3569.3878220285396,4232.0791160157105,7009.924616651591,4576.608890323755,4540.816590624207,1118.0348380726207,3749.308638175391,4872.539922065071,1518.7421049903896,8484.811917079847,4620.4617352325895,6004.405296657091,7242.463500990576,4124.889530834074,4620.4617352325895,5733.9390311396555,7476.303608957289,7009.924616651591,3569.3878220285396,6004.405296657091,0.0,4576.608890323755,5974.830626128313,4419.13072949148,9210.125007238543,7242.463500990576,5934.030879515955,2863.0827935543643,5268.464989950595,5864.944366755013,4312.006471948538,8484.811917079847,3771.8849064771553,6307.813121009755,5268.464989950595,5142.030341801405,4620.4617352325895,4232.0791160157105,7073.03739295446,4312.006471948538,4124.889530834074,4232.828354957111,7009.924616651591,2594.179984535661,7073.03739295446
filtrado_dysplasia_FA_HN11A_1_mac.csv,2863.0827935543643,0.0,967.0529175390327,942.6397889744286,3297.9886819743774,6220.957710973878,4668.784931410811,4339.774851482142,2225.0264827365713,5868.897992195729,2863.0827935543643,2122.959989163021,3603.72275993906,3257.363054702638,4193.9700480954725,6111.224654931627,677.3211639965281,1889.590367622031,6135.601509935658,6699.559943142354,4339.774851482142,3841.1417075396253,2239.646962632173,5950.515565414572,3406.212637005049,3257.363054702638,2806.597199963053,2122.959989163021,6699.559943142354,2736.647069988097,4193.9700480954725,5465.226239673815,677.3211639965281,2949.581142940684,2949.581142940684,1509.1486454678713,3603.72275993906,4339.774851482142,3596.8074718560297,6135.601509935658,3841.1417075396253,2122.959989163021,2736.647069988097,5465.226239673815,4635.318579135486,5465.226239673815,3406.212637005049,2806.597199963053,1575.1813365509763,942.6397889744286,4789.308947956742,2646.0083417052742,2856.3004478126954,2447.438836015472,2699.9457674180085,2236.0051577350505,6111.224654931627,6135.601509935658,942.6397889744286,4635.318579135486,2775.3787185759784,2970.1994699554734,2646.0083417052742,2927.009172796519,677.3211639965281,3297.9886819743774,1575.1813365509763,5868.897992195729,2447.438836015472,3331.473759901969,2699.9457674180085,4635.318579135486,2646.0083417052742,3051.249650506555,6111.224654931627,2775.3787185759784,3331.473759901969,6220.957710973878,2856.3004478126954,5868.897992195729,2736.647069988097,2447.438836015472,3051.249650506555,3406.212637005049,4950.914233900143,2927.009172796519,1889.590367622031,1889.590367622031,0.0,2775.3787185759784,4668.784931410811,2236.0051577350505,2038.2812840004133,2225.0264827365713,1575.1813365509763,1713.3979199692158,4668.784931410811,967.0529175390327,2239.646962632173,4224.658311901935,2038.2812840004133,2236.0051577350505,3841.1417075396253,2949.581142940684,2699.9457674180085,3051.249650506555,5950.515565414572,2229.7703200061055,3596.8074718560297,4789.308947956742,1509.1486454678713,2229.7703200061055,2927.009172796519,6220.957710973878,4224.658311901935,967.0529175390327,3596.8074718560297,2863.0827935543643,2038.2812840004133,3297.9886819743774,2225.0264827365713,6699.559943142354,4789.308947956742,3257.363054702638,0.0,2970.1994699554734,4193.9700480954725,1713.3979199692158,5950.515565414572,3331.473759901969,3603.72275993906,2970.1994699554734,2856.3004478126954,2229.7703200061055,2239.646962632173,4950.914233900143,1713.3979199692158,1509.1486454678713,1889.590367622031,4224.658311901935,2806.597199963053,4950.914233900143
stroma_ad_carcinoma_FA_HN14_5_mac.csv,3569.3878220285396,967.0529175390327,0.0,688.1259998231924,2743.735929093218,6118.582806303676,4148.767921803999,3771.7714073278494,1856.2361456193144,5206.194439194018,3569.38782202854,2061.787550063756,3039.9326575514815,2778.99968693281,3981.6399670163,5813.83951392877,628.9439700011017,1682.8788528075256,5882.592099544745,5955.939734787042,3771.7714073278494,4623.270686401348,2534.854607133134,5196.00734805788,3030.886610291196,2778.99968693281,3419.7094362693383,2061.787550063756,5955.939734787042,3503.766475768506,3981.6399670163,4667.010162627093,628.9439700011017,3408.071383517996,3408.071383517996,1208.075059097629,3039.9326575514815,3771.7714073278494,3077.7598192772975,5882.592099544745,4623.270686401348,2061.787550063756,3503.766475768506,4667.010162627093,4219.441754146031,4667.010162627093,3030.886610291196,3419.7094362693383,2072.9237970121553,688.1259998231924,4370.303823008953,2301.123899987675,2642.1916998214024,2566.5303054918086,2319.5101864430694,1919.786599452302,5813.83951392877,5882.592099544745,688.1259998231924,4219.441754146031,2079.533675266162,2513.4818983365103,2301.123899987675,2313.1130981515043,628.9439700011017,2743.735929093218,2072.9237970121553,5206.194439194018,2566.5303054918086,3748.430397261993,2319.5101864430694,4219.441754146031,2301.123899987675,3855.5827086713903,5813.83951392877,2079.533675266162,3748.430397261993,6118.582806303676,2642.1916998214024,5206.194439194018,3503.766475768506,2566.5303054918086,3855.5827086713903,3030.886610291196,4514.877082187068,2313.1130981515043,1682.8788528075256,1682.8788528075256,967.0529175390323,2079.533675266162,4148.767921803999,1919.786599452302,1894.300490265492,1856.2361456193144,2072.9237970121553,1713.7975923868912,4148.767921803999,0.0,2534.854607133134,3654.323263134348,1894.300490265492,1919.786599452302,4623.270686401348,3408.071383517996,2319.5101864430694,3855.5827086713903,5196.00734805788,1790.5048679826027,3077.7598192772975,4370.303823008953,1208.075059097629,1790.5048679826027,2313.1130981515043,6118.582806303676,3654.323263134348,0.0,3077.7598192772975,3569.38782202854,1894.300490265492,2743.735929093218,1856.2361456193144,5955.939734787042,4370.303823008953,2778.99968693281,967.0529175390323,2513.4818983365103,3981.6399670163,1713.7975923868912,5196.00734805788,3748.430397261993,3039.9326575514815,2513.4818983365103,2642.1916998214024,1790.5048679826027,2534.854607133134,4514.877082187068,1713.7975923868912,1208.075059097629,1682.8788528075256,3654.323263134348,3419.7094362693383,4514.877082187068
stroma_ad_dysplasia_FA_HN11A_4_mac.csv,3452.7369354139537,942.6397889744286,688.1259998231924,0.0,3125.017598086207,5511.484708308362,4253.341559249602,3438.563346333102,1333.2287130554828,5016.4080031890335,3452.736935413954,1710.7928196175494,3278.9041950397695,3120.234163515179,3396.163088083239,5288.313444406451,500.80185140318065,1212.8219825082858,5316.148193253354,5883.059256148118,3438.563346333102,4508.463339879588,1916.6164481377696,5146.372802910334,2814.1329634102385,3120.234163515179,3723.2485714888394,1710.7928196175494,5883.059256148118,3651.977460296877,3396.163088083239,4780.72753555117,500.80185140318065,3829.0325995153576,3829.0325995153576,1233.4919377716717,3278.9041950397695,3438.563346333102,2715.153764442433,5316.148193253354,4508.463339879588,1710.7928196175494,3651.977460296877,4780.72753555117,3787.0552825674263,4780.72753555117,2814.1329634102385,3723.2485714888394,2450.4278982048977,0.0,3920.8228257442643,2656.4585550106954,2202.7557707394603,3142.8977483418275,1813.9070536375598,1370.6229395622868,5288.313444406451,5316.148193253354,0.0,3787.0552825674263,2041.5619941541397,2052.593243831798,2656.4585550106954,2396.4507669805366,500.80185140318065,3125.017598086207,2450.4278982048977,5016.4080031890335,3142.8977483418275,4200.814396753645,1813.9070536375598,3787.0552825674263,2656.4585550106954,3728.774368873145,5288.313444406451,2041.5619941541397,4200.814396753645,5511.484708308362,2202.7557707394603,5016.4080031890335,3651.977460296877,3142.8977483418275,3728.774368873145,2814.1329634102385,4037.3756059930683,2396.4507669805366,1212.8219825082858,1212.8219825082858,942.6397889744297,2041.5619941541397,4253.341559249602,1370.6229395622868,1684.9826649479564,1333.2287130554828,2450.4278982048977,1471.0866100084172,4253.341559249602,688.125999823192,1916.6164481377696,3835.775948471203,1684.9826649479564,1370.6229395622868,4508.463339879588,3829.0325995153576,1813.9070536375598,3728.774368873145,5146.372802910334,1324.4048486329261,2715.153764442433,3920.8228257442643,1233.4919377716717,1324.4048486329261,2396.4507669805366,5511.484708308362,3835.775948471203,688.125999823192,2715.153764442433,3452.736935413954,1684.9826649479564,3125.017598086207,1333.2287130554828,5883.059256148118,3920.8228257442643,3120.234163515179,942.6397889744297,2052.593243831798,3396.163088083239,1471.0866100084172,5146.372802910334,4200.814396753645,3278.9041950397695,2052.593243831798,2202.7557707394603,1324.4048486329261,1916.6164481377696,4037.3756059930683,1471.0866100084172,1233.4919377716717,1212.8219825082858,3835.775948471203,3723.2485714888394,4037.3756059930683
filtrado_filtrado_carcinoma_FA_HN15_2_mac.csv,5974.830626128313,3297.9886819743774,2743.735929093218,3125.017598086207,0.0,7982.445761218145,3560.182121905478,4541.607669630193,3715.45249592112,5467.497124387891,5974.830626128314,2806.3723171609017,1949.594409140291,562.9699565232585,5891.609055689153,7192.826916848594,2980.9394352941813,3469.7828875361797,7527.389590395382,5918.638781606835,4541.607669630193,6815.911223923042,4657.322525798402,5142.490255830534,3460.2887697584424,562.9699565232585,4592.6883803517485,2806.3723171609017,5918.638781606835,5159.408826853757,5891.609055689153,4128.530487279357,2980.9394352941813,4083.0347777814354,4083.0347777814354,2136.721034880892,1949.594409140291,4541.607669630193,4090.2914919159953,7527.389590395382,6815.911223923042,2806.3723171609017,5159.408826853757,4128.530487279357,5139.993070337874,4128.530487279357,3460.2887697584424,4592.6883803517485,3553.686349542137,3125.0175980862023,5322.828240266771,1591.8092393456402,3695.597547612723,2608.9758488864345,3741.4964490399416,3730.201614445817,7192.826916848594,7527.389590395382,3125.0175980862023,5139.993070337874,2828.0800517088633,3991.9582979032025,1591.8092393456402,2209.976668593741,2980.9394352941813,0.0,3553.686349542137,5467.497124387891,2608.9758488864345,4539.456981709713,3741.4964490399416,5139.993070337874,1591.8092393456402,6020.814891515518,7192.826916848594,2828.0800517088633,4539.456981709713,7982.445761218145,3695.597547612723,5467.497124387891,5159.408826853757,2608.9758488864345,6020.814891515518,3460.2887697584424,5459.588381587549,2209.976668593741,3469.7828875361797,3469.7828875361797,3297.98868197438,2828.0800517088633,3560.182121905478,3730.201614445817,2558.30062947536,3715.45249592112,3553.686349542137,2955.9835341959115,3560.182121905478,2743.735929093218,4657.322525798402,1978.75360614476,2558.30062947536,3730.201614445817,6815.911223923042,4083.0347777814354,3741.4964490399416,6020.814891515518,5142.490255830534,3523.2756225380513,4090.2914919159953,5322.828240266771,2136.721034880892,3523.2756225380513,2209.976668593741,7982.445761218145,1978.75360614476,2743.735929093218,4090.2914919159953,5974.830626128314,2558.30062947536,0.0,3715.45249592112,5918.638781606835,5322.828240266771,562.9699565232585,3297.98868197438,3991.9582979032025,5891.609055689153,2955.9835341959115,5142.490255830534,4539.456981709713,1949.594409140291,3991.9582979032025,3695.597547612723,3523.2756225380513,4657.322525798402,5459.588381587549,2955.9835341959115,2136.721034880892,3469.7828875361797,1978.75360614476,4592.6883803517485,5459.588381587549
filtrado_filtrado_stroma_ad_dysplasia_FA_HN15_5_mac.csv,7476.303608957289,6220.957710973878,6118.582806303676,5511.484708308362,7982.445761218145,0.0,6122.60236012173,4067.2918216848752,4378.4789525214865,5044.787936959628,7476.303608957294,5533.757957596508,6982.993061087223,8107.981701699171,2201.510207629726,1930.4912921948257,5844.092522467339,4711.647620681703,1013.4500542877116,6023.268998018408,4067.2918216848752,8366.158527684729,4090.0028198101163,5185.905334305359,5253.32929303803,8107.981701699171,8766.635953891171,5533.757957596508,6023.268998018408,8419.79880306168,2201.510207629726,6416.979468802556,5844.092522467339,9027.779985848052,9027.779985848052,6073.994913115935,6982.993061087223,4067.2918216848752,4168.387706352767,1013.4500542877116,8366.158527684729,5533.757957596508,8419.79880306168,6416.979468802556,3946.5941953493243,6416.979468802556,5253.32929303803,8766.635953891171,7662.020516546807,5511.484708308372,3677.942804487646,7865.232713321612,4527.819542843394,8606.848231690323,4261.1748069020005,4291.2561662482985,1930.4912921948257,1013.4500542877116,5511.484708308372,3946.5941953493243,5249.673658152662,3993.890468728399,7865.232713321612,5969.828932794945,5844.092522467339,7982.445761218154,7662.020516546807,5044.787936959628,8606.848231690323,9461.879950690683,4261.1748069020005,3946.5941953493243,7865.232713321612,8084.911338294789,1930.4912921948257,5249.673658152662,9461.879950690683,0.0,4527.819542843394,5044.787936959628,8419.79880306168,8606.848231690323,8084.911338294789,5253.32929303803,3153.7573015021067,5969.828932794945,4711.647620681703,4711.647620681703,6220.957710973883,5249.673658152662,6122.60236012173,4291.2561662482985,5663.665705476984,4378.4789525214865,7662.020516546807,5186.964001597069,6122.60236012173,6118.582806303669,4090.0028198101163,7176.2994054354995,5663.665705476984,4291.2561662482985,8366.158527684729,9027.779985848052,4261.1748069020005,8084.911338294789,5185.905334305359,4496.143197277838,4168.387706352767,3677.942804487646,6073.994913115935,4496.143197277838,5969.828932794945,0.0,7176.2994054354995,6118.582806303669,4168.387706352767,7476.303608957294,5663.665705476984,7982.445761218154,4378.4789525214865,6023.268998018408,3677.942804487646,8107.981701699171,6220.957710973883,3993.890468728399,2201.510207629726,5186.964001597069,5185.905334305359,9461.879950690683,6982.993061087223,3993.890468728399,4527.819542843394,4496.143197277838,4090.0028198101163,3153.7573015021067,5186.964001597069,6073.994913115935,4711.647620681703,7176.2994054354995,8766.635953891171,3153.7573015021067
filtrado_dysplasia_FA_HN11A_3_mac.csv,7493.630899453587,4668.784931410811,4148.767921803999,4253.341559249602,3560.182121905478,6122.60236012173,0.0,2073.294742860615,3755.017329025555,1975.3221587368196,7493.630899453583,3173.3206960302414,1806.202466054963,3778.632024750826,4731.812388881847,4696.960563647463,4132.536356311458,3675.2373387037783,5464.486360403221,2414.649891744904,2073.294742860615,8479.647905547097,4647.641972819844,1668.66725838101,1841.145149073013,3778.632024750826,7053.456086137203,3173.3206960302414,2414.649891744904,7174.931424389578,4731.812388881847,944.2724704360284,4132.536356311458,6934.705227032622,6934.705227032622,3477.6521098196467,1806.202466054963,2073.294742860615,2314.981821428996,5464.486360403221,8479.647905547097,3173.3206960302414,7174.931424389578,944.2724704360284,2356.3738695144975,944.2724704360284,1841.145149073013,7053.456086137203,5711.850717086224,4253.341559249599,2561.821224774751,4431.143842635525,2554.7437569958342,5717.709389761639,3099.3339642342185,3505.983142115704,4696.960563647463,5464.486360403221,4253.341559249599,2356.3738695144975,2420.0092085865563,3231.8959195985917,4431.143842635525,1996.8320166345761,4132.536356311458,3560.1821219054746,5711.850717086224,1975.3221587368196,5717.709389761639,7313.625564718326,3099.3339642342185,2356.3738695144975,4431.143842635525,7685.86756576943,4696.960563647463,2420.0092085865563,7313.625564718326,6122.602360121734,2554.7437569958342,1975.3221587368196,7174.931424389578,5717.709389761639,7685.86756576943,1841.145149073013,2985.662362162675,1996.8320166345761,3675.2373387037783,3675.2373387037783,4668.784931410812,2420.0092085865563,0.0,3505.983142115704,3172.717347826963,3755.017329025555,5711.850717086224,3272.599592309494,0.0,4148.767921804001,4647.641972819844,1841.944650114582,3172.717347826963,3505.983142115704,8479.647905547097,6934.705227032622,3099.3339642342185,7685.86756576943,1668.66725838101,3390.6812157923546,2314.981821428996,2561.821224774751,3477.6521098196467,3390.6812157923546,1996.8320166345761,6122.602360121734,1841.944650114582,4148.767921804001,2314.981821428996,7493.630899453583,3172.717347826963,3560.1821219054746,3755.017329025555,2414.649891744904,2561.821224774751,3778.632024750826,4668.784931410812,3231.8959195985917,4731.812388881847,3272.599592309494,1668.66725838101,7313.625564718326,1806.202466054963,3231.8959195985917,2554.7437569958342,3390.6812157923546,4647.641972819844,2985.662362162675,3272.599592309494,3477.6521098196467,3675.2373387037783,1841.944650114582,7053.456086137203,2985.662362162675
filtrado_filtrado_stroma_ad_carcinoma_FA_HN11A_2_mac.csv,6703.338730823087,4339.774851482142,3771.7714073278494,3438.563346333102,4541.607669630193,4067.2918216848752,2073.294742860615,0.0,2510.973987652372,1834.5522661236678,6703.338730823086,2803.150884050141,3122.279483840777,4733.808453103911,2735.9749717704562,2789.2024886270983,3817.9292298027563,2631.8249638347343,3427.451063300189,2865.0212693040617,0.0,7799.910271694083,3302.0960492811473,1891.969447789626,1341.6909888339585,4733.808453103911,7100.598932243419,2803.150884050141,2865.0212693040617,7066.206205989665,2735.9749717704562,2481.6772328209,3817.9292298027563,7136.000766744415,7136.000766744415,3353.955417449478,3122.279483840777,0.0,923.3124467598101,3427.451063300189,7799.910271694083,2803.150884050141,7066.206205989665,2481.6772328209,882.6611257955707,2481.6772328209,1341.6909888339585,7100.598932243419,5765.005454182827,3438.563346333099,1095.4742574022969,4946.302850632977,1739.3600100276021,6176.40855459127,1971.8233679091563,2294.1982279639305,2789.2024886270983,3427.451063300189,3438.563346333099,882.6611257955707,1856.090659976378,1681.9614049914046,4946.302850632977,2356.6002409860344,3817.9292298027563,4541.607669630195,5765.005454182827,1834.5522661236678,6176.40855459127,7500.6991180049345,1971.8233679091563,882.6611257955707,4946.302850632977,7114.3390912414225,2789.2024886270983,1856.090659976378,7500.6991180049345,4067.29182168487,1739.3600100276021,1834.5522661236678,7066.206205989665,6176.40855459127,7114.3390912414225,1341.6909888339585,993.5876444308874,2356.6002409860344,2631.8249638347343,2631.8249638347343,4339.774851482145,1856.090659976378,2073.2947428606153,2294.1982279639305,2953.76420213913,2510.973987652372,5765.005454182827,3003.5445776421916,2073.2947428606153,3771.7714073278466,3302.0960492811473,3235.707142480219,2953.76420213913,2294.1982279639305,7799.910271694083,7136.000766744415,1971.8233679091563,7114.3390912414225,1891.969447789626,2245.3374900462163,923.3124467598101,1095.4742574022969,3353.955417449478,2245.3374900462163,2356.6002409860344,4067.29182168487,3235.707142480219,3771.7714073278466,923.3124467598101,6703.338730823086,2953.76420213913,4541.607669630195,2510.973987652372,2865.0212693040617,1095.4742574022969,4733.808453103911,4339.774851482145,1681.9614049914046,2735.9749717704562,3003.5445776421916,1891.969447789626,7500.6991180049345,3122.279483840777,1681.9614049914046,1739.3600100276021,2245.3374900462163,3302.0960492811473,993.5876444308874,3003.5445776421916,3353.955417449478,2631.8249638347343,3235.707142480219,7100.598932243419,993.5876444308874
stroma_ad_carcinoma_FA_HN14_2_mac.csv,4419.13072949148,2225.0264827365713,1856.2361456193144,1333.2287130554828,3715.45249592112,4378.4789525214865,3755.017329025555,2510.973987652372,0.0,4100.020188792476,4419.1307294914795,1425.3008941741305,3244.8331037946064,3807.9835684698337,2226.0567115753925,4016.0151567336975,1779.2310105091208,623.3888635387816,4064.356951742694,5088.826747071567,2510.973987652372,5483.685457200207,1836.2104664140195,4262.653407896619,2320.7140882820486,3807.9835684698337,5017.015547892271,1425.3008941741305,5088.826747071567,4926.527444761454,2226.0567115753925,4228.09064047113,1779.2310105091208,5136.449025865994,5136.449025865994,1725.051900309336,3244.8331037946064,2510.973987652372,1756.475107636118,4064.356951742694,5483.685457200207,1425.3008941741305,4926.527444761454,4228.09064047113,2905.8640620187266,4228.09064047113,2320.7140882820486,5017.015547892271,3761.143830045328,1333.2287130554828,3203.9620128809875,3531.2113151741355,1620.825924448921,4403.359478593664,785.8015022132424,454.6221207985724,4016.0151567336975,4064.356951742694,1333.2287130554828,2905.8640620187266,1491.0188688810813,1007.6830108493938,3531.2113151741355,2118.7711575027624,1779.2310105091208,3715.4524959211194,3761.143830045328,4100.020188792476,4403.359478593664,5516.080240861018,785.8015022132424,2905.8640620187266,3531.2113151741355,4901.628475106814,4016.0151567336975,1491.0188688810813,5516.080240861018,4378.47895252148,1620.825924448921,4100.020188792476,4926.527444761454,4403.359478593664,4901.628475106814,2320.7140882820486,2758.6063733776714,2118.7711575027624,623.3888635387816,623.3888635387816,2225.0264827365736,1491.0188688810813,3755.0173290255557,454.6221207985724,1472.269152677554,0.0,3761.143830045328,1243.6368291067456,3755.0173290255557,1856.2361456193125,1836.2104664140195,3571.6830283237873,1472.269152677554,454.6221207985724,5483.685457200207,5136.449025865994,785.8015022132424,4901.628475106814,4262.653407896619,470.17488810211665,1756.475107636118,3203.9620128809875,1725.051900309336,470.17488810211665,2118.7711575027624,4378.47895252148,3571.6830283237873,1856.2361456193125,1756.475107636118,4419.1307294914795,1472.269152677554,3715.4524959211194,0.0,5088.826747071567,3203.9620128809875,3807.9835684698337,2225.0264827365736,1007.6830108493938,2226.0567115753925,1243.6368291067456,4262.653407896619,5516.080240861018,3244.8331037946064,1007.6830108493938,1620.825924448921,470.17488810211665,1836.2104664140195,2758.6063733776714,1243.6368291067456,1725.051900309336,623.3888635387816,3571.6830283237873,5017.015547892271,2758.6063733776714
dysplasia_FA_HN15_5_mac.csv,8353.499725503329,5868.897992195729,5206.194439194018,5016.4080031890335,5467.497124387891,5044.787936959628,1975.3221587368196,1834.5522661236678,4100.020188792476,0.0,8353.499725503321,4338.242268167926,3670.3112453022377,5690.329136146986,4235.638852246436,3346.6823514204034,5321.789115007976,4335.057688235375,4354.712642336567,1176.6859203226807,1834.5522661236641,9452.476571667672,5065.158234449531,559.7038211964106,2690.6341401816735,5690.329136146986,8597.082663268999,4338.242268167926,1176.6859203226807,8593.522774840676,4235.638852246436,1804.5168234177438,5321.789115007976,8572.810988355766,8572.810988355766,4833.850034000899,3670.3112453022377,1834.5522661236641,2432.4167854846582,4354.712642336567,9452.476571667672,4338.242268167926,8593.522774840676,1804.5168234177438,1654.7708727698864,1804.5168234177438,2690.6341401816735,8597.082663268999,7248.504813066343,5016.408003189033,1680.9853152040748,6174.328594304962,3327.6661432338087,7477.434815580335,3544.095882477504,3870.18356433752,3346.6823514204034,4354.712642336567,5016.408003189033,1654.7708727698864,3165.72293406238,3364.5186461111307,6174.328594304962,3399.801156131334,5321.789115007976,5467.497124387892,7248.504813066343,0.0,7477.434815580335,8937.005824397942,3544.095882477504,1654.7708727698864,6174.328594304962,8712.471917890894,3346.6823514204034,3165.72293406238,8937.005824397942,5044.78793695963,3327.6661432338087,0.0,8593.522774840676,7477.434815580335,8712.471917890894,2690.6341401816735,2139.5534574792573,3399.801156131334,4335.057688235375,4335.057688235375,5868.897992195729,3165.72293406238,1975.32215873682,3870.18356433752,4466.515508867147,4100.020188792474,7248.504813066343,4523.643223850516,1975.32215873682,5206.194439194012,5065.158234449531,3741.022738737036,4466.515508867147,3870.18356433752,9452.476571667672,8572.810988355766,3544.095882477504,8712.471917890894,559.7038211964106,3788.565156919515,2432.4167854846582,1680.9853152040748,4833.850034000899,3788.565156919515,3399.801156131334,5044.78793695963,3741.022738737036,5206.194439194012,2432.4167854846582,8353.499725503321,4466.515508867147,5467.497124387892,4100.020188792474,1176.6859203226807,1680.9853152040748,5690.329136146986,5868.897992195729,3364.5186461111307,4235.638852246436,4523.643223850516,559.7038211964106,8937.005824397942,3670.3112453022377,3364.5186461111307,3327.6661432338087,3788.565156919515,5065.158234449531,2139.5534574792573,4523.643223850516,4833.850034000899,4335.057688235375,3741.022738737036,8597.082663268999,2139.5534574792573
filtrado_dysplasia_FA_HN14_2_mac.csv,0.0,2863.0827935543643,3569.38782202854,3452.736935413954,5974.830626128314,7476.303608957294,7493.630899453583,6703.338730823086,4419.1307294914795,8353.499725503321,0.0,4486.741115033033,6307.813121009755,5934.030879515955,5864.944366755013,7953.446815942796,3445.4716753000885,4232.828354957111,7946.084048358158,9210.125007238543,6703.338730823087,1118.0348380726207,4232.0791160157105,8484.811917079847,5825.534307475237,5934.030879515955,2594.179984535661,4486.741115033033,9210.125007238543,1567.6136356907652,5864.944366755013,8206.313601487192,3445.4716753000885,3749.308638175391,3749.308638175391,4124.889530834074,6307.813121009755,6703.338730823087,6004.405296657091,7946.084048358158,1118.0348380726207,4486.741115033033,1567.6136356907652,8206.313601487192,6903.9450746055445,8206.313601487192,5825.534307475237,2594.179984535661,2533.0252965902696,3452.7369354139537,7242.463500990576,5074.337377458051,5142.030341801405,3782.332058867629,4872.539922065071,4540.816590624207,7953.446815942796,7946.084048358158,3452.7369354139537,6903.9450746055445,5329.942535085238,5268.464989950595,5074.337377458051,5733.9390311396555,3445.4716753000885,5974.830626128313,2533.0252965902696,8353.499725503329,3782.332058867629,3771.8849064771553,4872.539922065071,6903.9450746055445,5074.337377458051,1518.7421049903896,7953.446815942796,5329.942535085238,3771.8849064771553,7476.303608957289,5142.030341801405,8353.499725503329,1567.6136356907652,3782.332058867629,1518.7421049903896,5825.534307475237,7073.03739295446,5733.9390311396555,4232.828354957111,4232.828354957111,2863.0827935543643,5329.942535085238,7493.630899453587,4540.816590624207,4576.608890323755,4419.13072949148,2533.0252965902696,4312.006471948538,7493.630899453587,3569.3878220285396,4232.0791160157105,7009.924616651591,4576.608890323755,4540.816590624207,1118.0348380726207,3749.308638175391,4872.539922065071,1518.7421049903896,8484.811917079847,4620.4617352325895,6004.405296657091,7242.463500990576,4124.889530834074,4620.4617352325895,5733.9390311396555,7476.303608957289,7009.924616651591,3569.3878220285396,6004.405296657091,0.0,4576.608890323755,5974.830626128313,4419.13072949148,9210.125007238543,7242.463500990576,5934.030879515955,2863.0827935543643,5268.464989950595,5864.944366755013,4312.006471948538,8484.811917079847,3771.8849064771553,6307.813121009755,5268.464989950595,5142.030341801405,4620.4617352325895,4232.0791160157105,7073.03739295446,4312.006471948538,4124.889530834074,4232.828354957111,7009.924616651591,2594.179984535661,7073.03739295446
dysplasia_FA_HN11A_5_mac.csv,4486.741115033033,2122.959989163021,2061.787550063756,1710.7928196175494,2806.3723171609017,5533.757957596508,3173.3206960302414,2803.150884050141,1425.3008941741305,4338.242268167926,4486.741115033033,0.0,2409.3700106335114,2885.0096447676538,3453.0624912444014,4838.284272634015,1791.6449790918443,1261.1335177458584,5097.54143797734,5196.170198376809,2803.1508840501388,5348.043604675167,2449.436866783261,4440.8764899597745,1863.176021077247,2885.0096447676538,4423.214424968822,0.0,5196.170198376809,4349.498295669366,3453.0624912444014,3972.260499633399,1791.6449790918443,4468.437078374781,4468.437078374781,1028.900655543665,2409.3700106335114,2803.1508840501388,2069.523901563481,5097.54143797734,5348.043604675167,0.0,4349.498295669366,3972.260499633399,3095.9495111242136,3972.260499633399,1863.176021077247,4423.214424968822,3305.363298069717,1710.7928196175487,3258.5066005976855,2658.5583079358557,1422.8075031612063,3881.656289004531,1337.6228546664452,1340.7879750634777,4838.284272634015,5097.54143797734,1710.7928196175487,3095.9495111242136,1355.866288704611,1644.6581732286759,2658.5583079358557,1491.361221212205,1791.6449790918443,2806.3723171609035,3305.363298069717,4338.242268167922,3881.656289004531,4838.458897978902,1337.6228546664452,3095.9495111242136,2658.5583079358557,4557.098006529786,4838.284272634015,1355.866288704611,4838.458897978902,5533.757957596506,1422.8075031612063,4338.242268167922,4349.498295669366,3881.656289004531,4557.098006529786,1863.176021077247,3415.0134888156695,1491.361221212205,1261.1335177458584,1261.1335177458584,2122.959989163021,1355.866288704611,3173.320696030239,1340.7879750634777,444.2062717292828,1425.300894174129,3305.363298069717,752.6444049127778,3173.320696030239,2061.787550063757,2449.436866783261,2764.892303834606,444.2062717292828,1340.7879750634777,5348.043604675167,4468.437078374781,1337.6228546664452,4557.098006529786,4440.8764899597745,1196.3954834318147,2069.523901563481,3258.5066005976855,1028.900655543665,1196.3954834318147,1491.361221212205,5533.757957596506,2764.892303834606,2061.787550063757,2069.523901563481,4486.741115033027,444.2062717292828,2806.3723171609035,1425.300894174129,5196.170198376809,3258.5066005976855,2885.0096447676538,2122.959989163021,1644.6581732286759,3453.0624912444014,752.6444049127778,4440.8764899597745,4838.458897978902,2409.3700106335114,1644.6581732286759,1422.8075031612063,1196.3954834318147,2449.436866783261,3415.0134888156695,752.6444049127778,1028.900655543665,1261.1335177458584,2764.892303834606,4423.214424968822,3415.0134888156695
dysplasia_FA_HN15_2_mac.csv,6307.813121009755,3603.72275993906,3039.9326575514815,3278.9041950397695,1949.594409140291,6982.993061087223,1806.202466054963,3122.279483840777,3244.8331037946064,3670.3112453022377,6307.813121009755,2409.3700106335114,0.0,2193.2106016399957,5135.732512985892,5885.64966997941,3195.031873221931,3147.0794530610715,6415.664677940285,4027.803189117249,3122.279483840776,7290.7733936318,4388.830915717151,3333.1724206628937,2008.7415066991537,2193.2106016399957,5768.598367881796,2409.370010633514,4027.803189117249,5977.560942920557,5135.732512985892,2263.646316172284,3195.031873221931,5561.037209445162,5561.037209445162,2347.7220079287636,0.0,3122.279483840776,2841.911565778081,6415.664677940285,7290.7733936318,2409.370010633514,5977.560942920557,2263.646316172284,3676.0470257315546,2263.646316172284,2008.7415066991537,5768.598367881796,4454.0334223876935,3278.9041950397695,3859.704002105265,3017.793987406278,2524.294329640843,4247.126635589977,2850.0951312560824,3093.5570899147674,5885.64966997941,6415.664677940285,3278.9041950397695,3676.0470257315546,1835.825077248039,3253.868127956573,3017.793987406278,1250.4687682654142,3195.031873221931,1949.5944091402919,4454.0334223876935,3670.311245302239,4247.126635589977,5976.111890146013,2850.0951312560824,3676.0470257315546,3017.793987406278,6509.664880096499,5885.64966997941,1835.825077248039,5976.111890146013,6982.993061087227,2524.294329640843,3670.311245302239,5977.560942920557,4247.126635589977,6509.664880096499,2008.7415066991537,4094.060379588892,1250.4687682654142,3147.0794530610715,3147.0794530610715,3603.72275993906,1835.825077248039,1806.2024660549648,3093.5570899147674,2373.597829991803,3244.8331037946077,4454.0334223876935,2575.029523970324,1806.2024660549648,3039.93265755148,4388.830915717151,963.4718019862335,2373.597829991803,3093.5570899147674,7290.7733936318,5561.037209445162,2850.0951312560824,6509.664880096499,3333.1724206628937,2905.2968069711787,2841.911565778081,3859.704002105265,2347.7220079287636,2905.2968069711787,1250.4687682654142,6982.993061087227,963.4718019862335,3039.93265755148,2841.911565778081,6307.813121009758,2373.597829991803,1949.5944091402919,3244.8331037946077,4027.803189117249,3859.704002105265,2193.2106016399957,3603.72275993906,3253.868127956573,5135.732512985892,2575.029523970324,3333.1724206628937,5976.111890146013,0.0,3253.868127956573,2524.294329640843,2905.2968069711787,4388.830915717151,4094.060379588892,2575.029523970324,2347.7220079287636,3147.0794530610715,963.4718019862335,5768.598367881796,4094.060379588892
