,dysplasia_FA_HN14_2_mac.csv,filtrado_dysplasia_FA_HN11A_1_mac.csv,stroma_ad_carcinoma_FA_HN14_5_mac.csv,stroma_ad_dysplasia_FA_HN11A_4_mac.csv,filtrado_filtrado_carcinoma_FA_HN15_2_mac.csv,filtrado_filtrado_stroma_ad_dysplasia_FA_HN15_5_mac.csv,filtrado_dysplasia_FA_HN11A_3_mac.csv,filtrado_filtrado_stroma_ad_carcinoma_FA_HN11A_2_mac.csv,stroma_ad_carcinoma_FA_HN14_2_mac.csv,dysplasia_FA_HN15_5_mac.csv,filtrado_dysplasia_FA_HN14_2_mac.csv,dysplasia_FA_HN11A_5_mac.csv,dysplasia_FA_HN15_2_mac.csv,filtrado_filtrado_stroma_ad_carcinoma_FA_HN15_2_mac.csv,filtrado_stroma_ad_dysplasia_FA_HN11A_5_mac.csv,filtrado_stroma_ad_carcinoma_FA_HN11A_1_mac.csv,filtrado_stroma_ad_carcinoma_FA_HN14_4_mac.csv,filtrado_stroma_ad_dysplasia_FA_HN14_2_mac.csv,filtrado_filtrado_stroma_ad_dysplasia_FA_HN15_4_mac.csv,dysplasia_FA_HN15_1_mac.csv,stroma_ad_carcinoma_FA_HN11A_2_mac.csv,carcinoma_FA_HN14_3_mac.csv,stroma_ad_dysplasia_FA_HN14_4_mac.csv,filtrado_stroma_ad_carcinoma_FA_HN15_4_mac.csv,carcinoma_FA_HN11A_3_mac.csv,stroma_ad_carcinoma_FA_HN15_2_mac.csv,carcinoma_FA_HN14_2_mac.csv,filtrado_dysplasia_FA_HN11A_5_mac.csv,filtrado_filtrado_dysplasia_FA_HN15_1_mac.csv,carcinoma_FA_HN14_4_mac.csv,filtrado_filtrado_stroma_ad_dysplasia_FA_HN11A_5_mac.csv,stroma_ad_carcinoma_FA_HN15_1_mac.csv,filtrado_filtrado_stroma_ad_carcinoma_FA_HN14_4_mac.csv,filtrado_filtrado_stroma_ad_dysplasia_FA_HN14_3_mac.csv,filtrado_stroma_ad_dysplasia_FA_HN14_3_mac.csv,filtrado_carcinoma_FA_HN11A_5_mac.csv,filtrado_dysplasia_FA_HN15_2_mac.csv,filtrado_stroma_ad_carcinoma_FA_HN11A_2_mac.csv,stroma_ad_dysplasia_FA_HN11A_1_mac.csv,filtrado_stroma_ad_dysplasia_FA_HN15_4_mac.csv,filtrado_filtrado_carcinoma_FA_HN14_3_mac.csv,filtrado_filtrado_dysplasia_FA_HN11A_5_mac.csv,filtrado_carcinoma_FA_HN14_4_mac.csv,filtrado_filtrado_stroma_ad_carcinoma_FA_HN15_1_mac.csv,filtrado_carcinoma_FA_HN11A_4_mac.csv,filtrado_stroma_ad_carcinoma_FA_HN15_1_mac.csv,filtrado_filtrado_carcinoma_FA_HN11A_3_mac.csv,filtrado_carcinoma_FA_HN14_2_mac.csv,carcinoma_FA_HN14_1_mac.csv,filtrado_stroma_ad_dysplasia_FA_HN11A_4_mac.csv,dysplasia_FA_HN11A_2_mac.csv,stroma_ad_dysplasia_FA_HN15_3_mac.csv,filtrado_filtrado_carcinoma_FA_HN11A_1_mac.csv,filtrado_stroma_ad_carcinoma_FA_HN15_3_mac.csv,stroma_ad_carcinoma_FA_HN14_1_mac.csv,filtrado_filtrado_stroma_ad_dysplasia_FA_HN11A_3_mac.csv,stroma_ad_carcinoma_FA_HN11A_1_mac.csv,stroma_ad_dysplasia_FA_HN15_4_mac.csv,filtrado_filtrado_stroma_ad_dysplasia_FA_HN11A_4_mac.csv,carcinoma_FA_HN11A_4_mac.csv,filtrado_filtrado_stroma_ad_dysplasia_FA_HN14_1_mac.csv,stroma_ad_dysplasia_FA_HN11A_2_mac.csv,filtrado_stroma_ad_dysplasia_FA_HN15_3_mac.csv,filtrado_stroma_ad_dysplasia_FA_HN15_2_mac.csv,stroma_ad_carcinoma_FA_HN14_4_mac.csv,filtrado_carcinoma_FA_HN15_2_mac.csv,filtrado_carcinoma_FA_HN14_1_mac.csv,filtrado_filtrado_dysplasia_FA_HN15_5_mac.csv,filtrado_filtrado_stroma_ad_carcinoma_FA_HN15_3_mac.csv,filtrado_dysplasia_FA_HN15_3_mac.csv,filtrado_filtrado_stroma_ad_carcinoma_FA_HN14_1_mac.csv,filtrado_filtrado_carcinoma_FA_HN11A_4_mac.csv,filtrado_filtrado_stroma_ad_dysplasia_FA_HN15_3_mac.csv,dysplasia_FA_HN14_1_mac.csv,filtrado_filtrado_stroma_ad_carcinoma_FA_HN11A_1_mac.csv,filtrado_stroma_ad_dysplasia_FA_HN14_1_mac.csv,filtrado_filtrado_dysplasia_FA_HN15_3_mac.csv,filtrado_stroma_ad_dysplasia_FA_HN15_5_mac.csv,filtrado_carcinoma_FA_HN11A_1_mac.csv,filtrado_dysplasia_FA_HN15_5_mac.csv,filtrado_filtrado_carcinoma_FA_HN14_4_mac.csv,stroma_ad_carcinoma_FA_HN15_3_mac.csv,filtrado_dysplasia_FA_HN14_1_mac.csv,filtrado_carcinoma_FA_HN11A_3_mac.csv,stroma_ad_dysplasia_FA_HN15_1_mac.csv,filtrado_filtrado_stroma_ad_dysplasia_FA_HN15_2_mac.csv,filtrado_filtrado_stroma_ad_dysplasia_FA_HN14_2_mac.csv,filtrado_filtrado_filtrado_stroma_ad_dysplasia_FA_HN14_2_mac.csv,filtrado_filtrado_dysplasia_FA_HN11A_1_mac.csv,stroma_ad_dysplasia_FA_HN14_1_mac.csv,dysplasia_FA_HN11A_3_mac.csv,filtrado_stroma_ad_dysplasia_FA_HN11A_3_mac.csv,filtrado_filtrado_dysplasia_FA_HN11A_4_mac.csv,filtrado_stroma_ad_carcinoma_FA_HN14_2_mac.csv,filtrado_filtrado_carcinoma_FA_HN14_1_mac.csv,filtrado_filtrado_carcinoma_FA_HN11A_2_mac.csv,filtrado_filtrado_dysplasia_FA_HN11A_3_mac.csv,filtrado_filtrado_stroma_ad_carcinoma_FA_HN14_5_mac.csv,filtrado_stroma_ad_dysplasia_FA_HN14_4_mac.csv,filtrado_filtrado_carcinoma_FA_HN15_1_mac.csv,dysplasia_FA_HN11A_4_mac.csv,stroma_ad_dysplasia_FA_HN11A_3_mac.csv,filtrado_carcinoma_FA_HN14_3_mac.csv,stroma_ad_dysplasia_FA_HN14_3_mac.csv,filtrado_stroma_ad_carcinoma_FA_HN14_1_mac.csv,filtrado_filtrado_dysplasia_FA_HN14_1_mac.csv,stroma_ad_carcinoma_FA_HN15_4_mac.csv,filtrado_filtrado_stroma_ad_carcinoma_FA_HN14_3_mac.csv,filtrado_stroma_ad_dysplasia_FA_HN11A_1_mac.csv,filtrado_dysplasia_FA_HN11A_2_mac.csv,filtrado_filtrado_carcinoma_FA_HN11A_5_mac.csv,stroma_ad_carcinoma_FA_HN14_3_mac.csv,stroma_ad_dysplasia_FA_HN15_2_mac.csv,stroma_ad_dysplasia_FA_HN15_5_mac.csv,filtrado_carcinoma_FA_HN15_1_mac.csv,filtrado_stroma_ad_carcinoma_FA_HN14_5_mac.csv,filtrado_filtrado_stroma_ad_dysplasia_FA_HN11A_1_mac.csv,filtrado_filtrado_dysplasia_FA_HN14_2_mac.csv,filtrado_dysplasia_FA_HN11A_4_mac.csv,carcinoma_FA_HN15_2_mac.csv,filtrado_filtrado_stroma_ad_carcinoma_FA_HN14_2_mac.csv,filtrado_dysplasia_FA_HN15_1_mac.csv,filtrado_filtrado_dysplasia_FA_HN11A_2_mac.csv,filtrado_stroma_ad_carcinoma_FA_HN15_2_mac.csv,dysplasia_FA_HN11A_1_mac.csv,filtrado_filtrado_stroma_ad_dysplasia_FA_HN11A_2_mac.csv,stroma_ad_dysplasia_FA_HN11A_5_mac.csv,carcinoma_FA_HN11A_2_mac.csv,filtrado_filtrado_stroma_ad_carcinoma_FA_HN15_4_mac.csv,dysplasia_FA_HN15_3_mac.csv,filtrado_filtrado_dysplasia_FA_HN15_2_mac.csv,filtrado_stroma_ad_dysplasia_FA_HN11A_2_mac.csv,carcinoma_FA_HN11A_1_mac.csv,filtrado_stroma_ad_carcinoma_FA_HN14_3_mac.csv,filtrado_filtrado_stroma_ad_dysplasia_FA_HN14_4_mac.csv,filtrado_stroma_ad_dysplasia_FA_HN15_1_mac.csv,filtrado_carcinoma_FA_HN11A_2_mac.csv,carcinoma_FA_HN11A_5_mac.csv,stroma_ad_dysplasia_FA_HN14_2_mac.csv,carcinoma_FA_HN15_1_mac.csv,filtrado_filtrado_carcinoma_FA_HN14_2_mac.csv,filtrado_filtrado_stroma_ad_dysplasia_FA_HN15_1_mac.csv
dysplasia_FA_HN14_2_mac.csv,2.144936061207764e-308,42.57979028277512,36.59720120678776,49.417941862950315,72.98875828582459,27.049914803579902,88.0869822031741,46.88470028593527,36.90973562501756,26.402728648960455,2.144936061207764e-308,25.495344307752617,26.52064132898608,47.14697923642571,33.35295631330027,27.833466845554547,39.845870317814445,38.51938627955292,21.936513481641043,40.250059015561945,46.88470028593527,19.07191073496847,27.210225579345334,46.5577889179727,40.45894452249638,47.14697923642571,57.55926855996081,25.495344307752617,40.250059015561945,47.88333042367776,33.35295631330027,30.729299904354,39.845870317814445,61.07996101239529,61.07996101239529,37.39540822676909,26.52064132898608,46.88470028593527,51.51722562960511,21.936513481641043,19.07191073496847,25.495344307752617,47.88333042367776,30.729299904354,54.94487013100249,30.729299904354,40.45894452249638,57.55926855996081,46.65033005311062,49.417941862950315,57.99211587481091,46.624831948343044,43.55340042411912,46.23305868345989,27.670632106559125,38.20167756699334,27.833466845554547,21.936513481641043,49.417941862950315,54.94487013100249,43.664366790539034,39.60756922928671,46.624831948343044,31.13046038495203,39.845870317814445,72.98875828582459,46.65033005311062,26.402728648960455,46.23305868345989,79.05511410709434,27.670632106559125,54.94487013100249,46.624831948343044,99.11936131353914,27.833466845554547,43.664366790539034,79.05511410709434,27.049914803579902,43.55340042411912,26.402728648960455,47.88333042367776,46.23305868345989,99.11936131353914,40.45894452249638,28.967903784082736,31.13046038495203,38.51938627955292,38.51938627955292,42.57979028277512,43.664366790539034,88.0869822031741,38.20167756699334,54.40597206186946,36.90973562501756,46.65033005311062,50.48495525881307,88.0869822031741,36.59720120678776,27.210225579345334,59.63492263065743,54.40597206186946,38.20167756699334,19.07191073496847,61.07996101239529,27.670632106559125,99.11936131353914,46.5577889179727,37.139055555059514,51.51722562960511,57.99211587481091,37.39540822676909,37.139055555059514,31.13046038495203,27.049914803579902,59.63492263065743,36.59720120678776,51.51722562960511,2.144936061207764e-308,54.40597206186946,72.98875828582459,36.90973562501756,40.250059015561945,57.99211587481091,47.14697923642571,42.57979028277512,39.60756922928671,33.35295631330027,50.48495525881307,46.5577889179727,79.05511410709434,26.52064132898608,39.60756922928671,43.55340042411912,37.139055555059514,27.210225579345334,28.967903784082736,50.48495525881307,37.39540822676909,38.51938627955292,59.63492263065743,57.55926855996081,28.967903784082736
filtrado_dysplasia_FA_HN11A_1_mac.csv,42.57979028277512,1.3433015702671593e-308,42.57979028277512,38.06442551581364,37.433107353058446,42.57979028277512,88.0869822031741,42.57979028277512,42.57979028277512,42.57979028277512,42.57979028277512,34.46228802766018,38.06442551581364,28.59318287564048,42.57979028277512,42.57979028277512,42.57979028277512,36.12820470536937,42.57979028277512,42.57979028277512,42.57979028277512,42.57979028277512,42.463254244382625,42.57979028277512,42.57979028277512,28.59318287564048,57.55926855996081,34.46228802766018,42.57979028277512,47.88333042367776,42.57979028277512,42.57979028277512,42.57979028277512,50.40139524392083,50.40139524392083,21.236754091992083,38.06442551581364,42.57979028277512,42.57979028277512,42.57979028277512,42.57979028277512,34.46228802766018,47.88333042367776,42.57979028277512,39.17378456068697,42.57979028277512,42.57979028277512,57.55926855996081,35.85236562661572,38.06442551581364,38.06442551581364,32.62884213193658,42.57979028277512,24.04012815686346,42.57979028277512,42.57979028277512,42.57979028277512,42.57979028277512,38.06442551581364,39.17378456068697,41.06495804087248,42.57979028277512,32.62884213193658,42.57979028277512,42.57979028277512,37.433107353058446,35.85236562661572,42.57979028277512,24.04012815686346,75.0936409154994,42.57979028277512,39.17378456068697,32.62884213193658,99.11936131353914,42.57979028277512,41.06495804087248,75.0936409154994,42.57979028277512,42.57979028277512,42.57979028277512,47.88333042367776,24.04012815686346,99.11936131353914,42.57979028277512,42.57979028277512,42.57979028277512,36.12820470536937,36.12820470536937,1.3433015702671593e-308,41.06495804087248,88.0869822031741,42.57979028277512,54.40597206186946,42.57979028277512,35.85236562661572,48.11723905571904,88.0869822031741,42.57979028277512,42.463254244382625,42.57979028277512,54.40597206186946,42.57979028277512,42.57979028277512,50.40139524392083,42.57979028277512,99.11936131353914,42.57979028277512,42.57979028277512,42.57979028277512,38.06442551581364,21.236754091992083,42.57979028277512,42.57979028277512,42.57979028277512,42.57979028277512,42.57979028277512,42.57979028277512,42.57979028277512,54.40597206186946,37.433107353058446,42.57979028277512,42.57979028277512,38.06442551581364,28.59318287564048,1.3433015702671593e-308,42.57979028277512,42.57979028277512,48.11723905571904,42.57979028277512,75.0936409154994,38.06442551581364,42.57979028277512,42.57979028277512,42.57979028277512,42.463254244382625,42.57979028277512,48.11723905571904,21.236754091992083,36.12820470536937,42.57979028277512,57.55926855996081,42.57979028277512
stroma_ad_carcinoma_FA_HN14_5_mac.csv,36.59720120678776,42.57979028277512,1.372847787039775e-308,49.417941862950315,72.98875828582459,36.59720120678776,88.0869822031741,27.923580973643155,28.70185231746106,36.59720120678776,36.59720120678776,30.115938681478966,25.170474639396446,47.14697923642571,31.965546167949753,36.59720120678776,17.753475703443485,28.714101822369926,36.59720120678776,27.923580973643155,27.923580973643155,31.912007495149524,35.25709213763777,24.755565557798377,40.45894452249638,47.14697923642571,57.55926855996081,30.115938681478966,27.923580973643155,47.88333042367776,31.965546167949753,26.178464507846428,17.753475703443485,61.07996101239529,61.07996101239529,37.39540822676909,25.170474639396446,27.923580973643155,27.923580973643155,36.59720120678776,31.912007495149524,30.115938681478966,47.88333042367776,26.178464507846428,42.99001727545203,26.178464507846428,40.45894452249638,57.55926855996081,26.055026463308536,49.417941862950315,57.99211587481091,32.62884213193658,22.885902200210552,46.23305868345989,28.70185231746106,27.923580973643155,36.59720120678776,36.59720120678776,49.417941862950315,42.99001727545203,28.70185231746106,30.881120522882426,32.62884213193658,25.216046216947603,17.753475703443485,72.98875828582459,26.055026463308536,36.59720120678776,46.23305868345989,79.05511410709434,28.70185231746106,42.99001727545203,32.62884213193658,99.11936131353914,36.59720120678776,28.70185231746106,79.05511410709434,36.59720120678776,22.885902200210552,36.59720120678776,47.88333042367776,46.23305868345989,99.11936131353914,40.45894452249638,36.59720120678776,25.216046216947603,28.714101822369926,28.714101822369926,42.57979028277512,28.70185231746106,88.0869822031741,27.923580973643155,54.40597206186946,28.70185231746106,26.055026463308536,50.48495525881307,88.0869822031741,1.372847787039775e-308,35.25709213763777,41.779694855207254,54.40597206186946,27.923580973643155,31.912007495149524,61.07996101239529,28.70185231746106,99.11936131353914,24.755565557798377,28.70185231746106,27.923580973643155,57.99211587481091,37.39540822676909,28.70185231746106,25.216046216947603,36.59720120678776,41.779694855207254,1.372847787039775e-308,27.923580973643155,36.59720120678776,54.40597206186946,72.98875828582459,28.70185231746106,27.923580973643155,57.99211587481091,47.14697923642571,42.57979028277512,30.881120522882426,31.965546167949753,50.48495525881307,24.755565557798377,79.05511410709434,25.170474639396446,30.881120522882426,22.885902200210552,28.70185231746106,35.25709213763777,36.59720120678776,50.48495525881307,37.39540822676909,28.714101822369926,41.779694855207254,57.55926855996081,36.59720120678776
stroma_ad_dysplasia_FA_HN11A_4_mac.csv,49.417941862950315,38.06442551581364,49.417941862950315,8.19471856806276e-309,36.73517284961957,49.417941862950315,88.0869822031741,49.417941862950315,49.417941862950315,37.84865805376538,49.417941862950315,42.965846273328694,44.16507437874405,43.66188018299496,49.417941862950315,49.417941862950315,43.338961852868096,28.247097435031804,49.417941862950315,49.417941862950315,49.417941862950315,42.82393066126377,34.58214697404506,49.417941862950315,49.417941862950315,43.66188018299496,57.55926855996081,42.965846273328694,49.417941862950315,47.88333042367776,49.417941862950315,49.417941862950315,43.338961852868096,50.40139524392083,50.40139524392083,31.568985795106556,44.16507437874405,49.417941862950315,49.41794186295033,49.417941862950315,42.82393066126377,42.965846273328694,47.88333042367776,49.417941862950315,20.4186088119215,49.417941862950315,49.417941862950315,57.55926855996081,25.98627471134853,8.19471856806276e-309,14.977582419784625,34.71218810298001,44.92199910187554,31.07777218925969,49.417941862950315,49.417941862950315,49.417941862950315,49.417941862950315,8.19471856806276e-309,20.4186088119215,33.18385077053492,49.417941862950315,34.71218810298001,49.417941862950315,43.338961852868096,36.73517284961957,25.98627471134853,37.84865805376538,31.07777218925969,79.05511410709434,49.417941862950315,20.4186088119215,34.71218810298001,99.11936131353914,49.417941862950315,33.18385077053492,79.05511410709434,49.417941862950315,44.92199910187554,37.84865805376538,47.88333042367776,31.07777218925969,99.11936131353914,49.417941862950315,49.417941862950315,49.417941862950315,28.247097435031804,28.247097435031804,38.06442551581364,33.18385077053492,88.0869822031741,49.417941862950315,54.40597206186946,49.417941862950315,25.98627471134853,48.11723905571904,88.0869822031741,49.417941862950315,34.58214697404506,33.59455573535753,54.40597206186946,49.417941862950315,42.82393066126377,50.40139524392083,49.417941862950315,99.11936131353914,49.417941862950315,49.417941862950315,49.41794186295033,14.977582419784625,31.568985795106556,49.417941862950315,49.417941862950315,49.417941862950315,33.59455573535753,49.417941862950315,49.41794186295033,49.417941862950315,54.40597206186946,36.73517284961957,49.417941862950315,49.417941862950315,14.977582419784625,43.66188018299496,38.06442551581364,49.417941862950315,49.417941862950315,48.11723905571904,49.417941862950315,79.05511410709434,44.16507437874405,49.417941862950315,44.92199910187554,49.417941862950315,34.58214697404506,49.417941862950315,48.11723905571904,31.568985795106556,28.247097435031804,33.59455573535753,57.55926855996081,49.417941862950315
filtrado_filtrado_carcinoma_FA_HN15_2_mac.csv,72.98875828582459,37.433107353058446,72.98875828582459,36.73517284961957,2.0127719080117044e-308,72.98875828582459,67.6322281334665,72.98875828582459,72.98875828582459,69.11459397714344,72.98875828582459,58.841543195699174,60.04077130111453,28.527779149850858,72.98875828582459,72.98875828582459,70.43337635419778,59.51303335840987,72.98875828582459,72.98875828582459,72.98875828582459,72.98875828582459,65.84808289742313,72.98875828582459,72.98875828582459,28.527779149850858,57.55926855996083,58.841543195699174,72.98875828582459,49.74495580500462,72.98875828582459,72.98875828582459,70.43337635419778,50.40139524392083,50.40139524392083,42.45621404498878,60.04077130111453,72.98875828582459,72.98875828582459,72.98875828582459,72.98875828582459,58.841543195699174,49.74495580500462,72.98875828582459,37.82845351727272,72.98875828582459,72.98875828582459,57.55926855996083,54.76344432941622,36.73517284961957,36.73517284961957,65.97812402635807,72.98875828582459,27.54566206344512,72.98875828582459,72.98875828582459,72.98875828582459,72.98875828582459,36.73517284961957,37.82845351727272,64.44978669391298,72.98875828582459,65.97812402635807,72.98875828582459,70.43337635419778,2.0127719080117044e-308,54.76344432941622,69.11459397714344,27.54566206344512,51.708812262458906,72.98875828582459,37.82845351727272,65.97812402635807,99.11936131353914,72.98875828582459,64.44978669391298,51.708812262458906,72.98875828582459,72.98875828582459,69.11459397714344,49.74495580500462,27.54566206344512,99.11936131353914,72.98875828582459,72.98875828582459,72.98875828582459,59.51303335840987,59.51303335840987,37.433107353058446,64.44978669391298,67.6322281334665,72.98875828582459,72.5480898506888,72.98875828582459,54.76344432941622,48.11723905571904,67.6322281334665,72.98875828582459,65.84808289742313,39.0387759375175,72.5480898506888,72.98875828582459,72.98875828582459,50.40139524392083,72.98875828582459,99.11936131353914,72.98875828582459,72.98875828582459,72.98875828582459,36.73517284961957,42.45621404498878,72.98875828582459,72.98875828582459,72.98875828582459,39.0387759375175,72.98875828582459,72.98875828582459,72.98875828582459,72.5480898506888,2.0127719080117044e-308,72.98875828582459,72.98875828582459,36.73517284961957,28.527779149850858,37.433107353058446,72.98875828582459,72.98875828582459,48.11723905571904,72.98875828582459,51.708812262458906,60.04077130111453,72.98875828582459,72.98875828582459,72.98875828582459,65.84808289742313,72.98875828582459,48.11723905571904,42.45621404498878,59.51303335840987,39.0387759375175,57.55926855996083,72.98875828582459
filtrado_filtrado_stroma_ad_dysplasia_FA_HN15_5_mac.csv,27.049914803579902,42.57979028277512,36.59720120678776,49.417941862950315,72.98875828582459,1.7372886491358886e-308,88.0869822031741,46.38162756996064,27.253774063104657,26.402728648960462,27.049914803579902,25.495344307752646,26.443253714210996,47.14697923642571,25.097377068903377,18.63861010643201,36.78753172438148,27.90108297798986,16.482777720757724,37.93894287298609,46.38162756996064,28.84705524202699,27.210225579345348,45.60976244212411,40.45894452249638,47.14697923642571,57.55926855996081,25.495344307752646,37.93894287298609,47.88333042367776,25.097377068903377,27.9271178101189,36.78753172438148,61.07996101239529,61.07996101239529,37.39540822676909,26.443253714210996,46.38162756996064,50.76354540918426,16.482777720757724,28.84705524202699,25.495344307752646,47.88333042367776,27.9271178101189,54.94487013100249,27.9271178101189,40.45894452249638,57.55926855996081,46.65033005311062,49.417941862950315,57.99211587481091,46.624831948343044,43.55340042411912,46.23305868345989,24.3979631276422,28.373950334792553,18.63861010643201,16.482777720757724,49.417941862950315,54.94487013100249,32.23165356091381,29.221109017714326,46.624831948343044,31.13046038495203,36.78753172438148,72.98875828582459,46.65033005311062,26.402728648960462,46.23305868345989,79.05511410709434,24.3979631276422,54.94487013100249,46.624831948343044,99.11936131353914,18.63861010643201,32.23165356091381,79.05511410709434,1.7372886491358886e-308,43.55340042411912,26.402728648960462,47.88333042367776,46.23305868345989,99.11936131353914,40.45894452249638,17.076613536225487,31.13046038495203,27.90108297798986,27.90108297798986,42.57979028277512,32.23165356091381,88.0869822031741,28.373950334792553,54.40597206186946,27.253774063104657,46.65033005311062,50.48495525881307,88.0869822031741,36.59720120678776,27.210225579345348,59.63492263065743,54.40597206186946,28.373950334792553,28.84705524202699,61.07996101239529,24.3979631276422,99.11936131353914,45.60976244212411,30.33145553350427,50.76354540918426,57.99211587481091,37.39540822676909,30.33145553350427,31.13046038495203,1.7372886491358886e-308,59.63492263065743,36.59720120678776,50.76354540918426,27.049914803579902,54.40597206186946,72.98875828582459,27.253774063104657,37.93894287298609,57.99211587481091,47.14697923642571,42.57979028277512,29.221109017714326,25.097377068903377,50.48495525881307,45.60976244212411,79.05511410709434,26.443253714210996,29.221109017714326,43.55340042411912,30.33145553350427,27.210225579345348,17.076613536225487,50.48495525881307,37.39540822676909,27.90108297798986,59.63492263065743,57.55926855996081,17.076613536225487
filtrado_dysplasia_FA_HN11A_3_mac.csv,88.0869822031741,88.0869822031741,88.0869822031741,88.0869822031741,67.6322281334665,88.0869822031741,1.2009635410795183e-308,88.0869822031741,88.0869822031741,88.0869822031741,88.0869822031741,88.0869822031741,88.0869822031741,88.0869822031741,88.0869822031741,88.0869822031741,88.0869822031741,88.0869822031741,88.0869822031741,88.0869822031741,88.0869822031741,88.0869822031741,88.0869822031741,88.0869822031741,69.25581476188955,88.0869822031741,38.11289582077224,88.0869822031741,88.0869822031741,42.89302828264144,88.0869822031741,88.0869822031741,88.0869822031741,67.4067604578552,67.4067604578552,88.0869822031741,88.0869822031741,88.0869822031741,88.0869822031741,88.0869822031741,88.0869822031741,88.0869822031741,42.89302828264144,88.0869822031741,88.0869822031741,88.0869822031741,69.25581476188955,38.11289582077224,88.0869822031741,88.0869822031741,88.0869822031741,73.58179992945992,88.0869822031741,83.97696202539225,88.0869822031741,88.0869822031741,88.0869822031741,88.0869822031741,88.0869822031741,88.0869822031741,88.0869822031741,88.0869822031741,73.58179992945992,88.0869822031741,88.0869822031741,67.6322281334665,88.0869822031741,88.0869822031741,83.97696202539225,40.00830133721885,88.0869822031741,88.0869822031741,73.58179992945992,99.11936131353914,88.0869822031741,88.0869822031741,40.00830133721885,88.0869822031741,88.0869822031741,88.0869822031741,42.89302828264144,83.97696202539225,99.11936131353914,69.25581476188955,88.0869822031741,88.0869822031741,88.0869822031741,88.0869822031741,88.0869822031741,88.0869822031741,1.2009635410795183e-308,88.0869822031741,61.39204240074335,88.0869822031741,88.0869822031741,74.22715216839777,1.2009635410795183e-308,88.0869822031741,88.0869822031741,88.0869822031741,61.39204240074335,88.0869822031741,88.0869822031741,67.4067604578552,88.0869822031741,99.11936131353914,88.0869822031741,88.0869822031741,88.0869822031741,88.0869822031741,88.0869822031741,88.0869822031741,88.0869822031741,88.0869822031741,88.0869822031741,88.0869822031741,88.0869822031741,88.0869822031741,61.39204240074335,67.6322281334665,88.0869822031741,88.0869822031741,88.0869822031741,88.0869822031741,88.0869822031741,88.0869822031741,88.0869822031741,74.22715216839777,88.0869822031741,40.00830133721885,88.0869822031741,88.0869822031741,88.0869822031741,88.0869822031741,88.0869822031741,88.0869822031741,74.22715216839777,88.0869822031741,88.0869822031741,88.0869822031741,38.11289582077224,88.0869822031741
filtrado_filtrado_stroma_ad_carcinoma_FA_HN11A_2_mac.csv,46.88470028593527,42.57979028277512,27.923580973643155,49.417941862950315,72.98875828582459,46.38162756996064,88.0869822031741,1.655069401321592e-308,28.030631918954455,46.38162756996064,46.88470028593527,35.95246556202724,26.28941935907426,47.14697923642571,33.08449088762757,40.44842354538842,27.028629648760983,27.90108297798986,46.88470028593527,21.16434065544452,1.655069401321592e-308,46.88470028593527,36.37603685731558,17.882514393444907,40.45894452249638,47.14697923642571,57.55926855996081,35.95246556202724,21.16434065544452,47.88333042367776,33.08449088762757,22.018701295189537,27.028629648760983,61.07996101239529,61.07996101239529,37.39540822676909,26.28941935907426,1.655069401321592e-308,23.540849963036706,46.88470028593527,46.88470028593527,35.95246556202724,47.88333042367776,22.018701295189537,49.410700818378444,22.018701295189537,40.45894452249638,57.55926855996081,32.47571000623495,49.417941862950315,57.99211587481091,32.62884213193658,25.7071116963682,46.2330586834599,28.071849694505005,26.89380982684586,40.44842354538842,46.88470028593527,49.417941862950315,49.410700818378444,18.77511251888083,30.306896119117823,32.62884213193658,36.7056247542002,27.028629648760983,72.98875828582459,32.47571000623495,46.38162756996064,46.2330586834599,79.05511410709434,28.071849694505005,49.410700818378444,32.62884213193658,99.11936131353914,40.44842354538842,18.77511251888083,79.05511410709434,46.38162756996064,25.7071116963682,46.38162756996064,47.88333042367776,46.2330586834599,99.11936131353914,40.45894452249638,46.38162756996064,36.7056247542002,27.90108297798986,27.90108297798986,42.57979028277512,18.77511251888083,88.0869822031741,26.89380982684586,54.40597206186946,28.030631918954455,32.47571000623495,50.48495525881307,88.0869822031741,27.923580973643155,36.37603685731558,48.200378398133665,54.40597206186946,26.89380982684586,46.88470028593527,61.07996101239529,28.071849694505005,99.11936131353914,17.882514393444907,26.890266321360407,23.540849963036706,57.99211587481091,37.39540822676909,26.890266321360407,36.7056247542002,46.38162756996064,48.200378398133665,27.923580973643155,23.540849963036706,46.88470028593527,54.40597206186946,72.98875828582459,28.030631918954455,21.16434065544452,57.99211587481091,47.14697923642571,42.57979028277512,30.306896119117823,33.08449088762757,50.48495525881307,17.882514393444907,79.05511410709434,26.28941935907426,30.306896119117823,25.7071116963682,26.890266321360407,36.37603685731558,46.38162756996064,50.48495525881307,37.39540822676909,27.90108297798986,48.200378398133665,57.55926855996081,46.38162756996064
stroma_ad_carcinoma_FA_HN14_2_mac.csv,36.90973562501756,42.57979028277512,28.70185231746106,49.417941862950315,72.98875828582459,27.253774063104657,88.0869822031741,28.030631918954455,9.407445825327913e-309,30.155600301750695,36.90973562501756,28.234185742312647,20.64598135013088,47.14697923642571,13.501887015839344,28.165426496698544,31.34409326595707,27.90108297798986,30.342168848177963,24.07955174556585,28.030631918954455,36.90973562501756,31.909703261845628,27.98297443328798,40.45894452249638,47.14697923642571,57.55926855996081,28.234185742312647,24.07955174556585,47.88333042367776,13.501887015839344,22.11748661981136,31.34409326595707,61.07996101239529,61.07996101239529,37.39540822676909,20.64598135013088,28.030631918954455,36.90415428176402,30.342168848177963,36.90973562501756,28.234185742312647,47.88333042367776,22.11748661981136,54.94487013100249,22.11748661981136,40.45894452249638,57.55926855996081,46.65033005311062,49.417941862950315,57.99211587481091,46.624831948343044,36.00157256443103,46.23305868345989,24.38905617704964,21.720532517069245,28.165426496698544,30.342168848177963,49.417941862950315,54.94487013100249,20.610105348112782,17.677401499107653,46.624831948343044,31.13046038495203,31.34409326595707,72.98875828582459,46.65033005311062,30.155600301750695,46.23305868345989,79.05511410709434,24.38905617704964,54.94487013100249,46.624831948343044,99.11936131353914,28.165426496698544,20.610105348112782,79.05511410709434,27.253774063104657,36.00157256443103,30.155600301750695,47.88333042367776,46.23305868345989,99.11936131353914,40.45894452249638,28.165426496698544,31.13046038495203,27.90108297798986,27.90108297798986,42.57979028277512,20.610105348112782,88.0869822031741,21.720532517069245,54.40597206186946,9.407445825327913e-309,46.65033005311062,50.48495525881307,88.0869822031741,28.70185231746106,31.909703261845628,59.63492263065743,54.40597206186946,21.720532517069245,36.90973562501756,61.07996101239529,24.38905617704964,99.11936131353914,27.98297443328798,16.47206440608403,36.90415428176402,57.99211587481091,37.39540822676909,16.47206440608403,31.13046038495203,27.253774063104657,59.63492263065743,28.70185231746106,36.90415428176402,36.90973562501756,54.40597206186946,72.98875828582459,9.407445825327913e-309,24.07955174556585,57.99211587481091,47.14697923642571,42.57979028277512,17.677401499107653,13.501887015839344,50.48495525881307,27.98297443328798,79.05511410709434,20.64598135013088,17.677401499107653,36.00157256443103,16.47206440608403,31.909703261845628,28.165426496698544,50.48495525881307,37.39540822676909,27.90108297798986,59.63492263065743,57.55926855996081,28.165426496698544
dysplasia_FA_HN15_5_mac.csv,26.402728648960455,42.57979028277512,36.59720120678776,37.84865805376538,69.11459397714344,26.402728648960462,88.0869822031741,46.38162756996064,30.155600301750695,1.1698977014024627e-308,26.402728648960455,26.402728648960455,26.402728648960462,45.95881502819654,26.402728648960462,26.402728648960462,34.88653091503144,31.11669014207692,26.402728648960455,36.03794206363605,46.38162756996064,26.402728648960455,16.912418514824225,45.60976244212411,40.45894452249638,45.95881502819654,57.55926855996081,26.402728648960455,36.03794206363605,47.88333042367776,26.402728648960462,27.9271178101189,34.88653091503144,61.07996101239529,61.07996101239529,37.39540822676909,26.402728648960462,46.38162756996064,48.86254459983422,26.402728648960455,26.402728648960455,26.402728648960455,47.88333042367776,27.9271178101189,31.286140459870722,27.9271178101189,40.45894452249638,57.55926855996081,34.834100605961254,37.84865805376538,47.33227674285132,38.3405914229802,43.55340042411912,43.14885683585916,26.402728648960462,28.373950334792553,26.402728648960462,26.402728648960455,37.84865805376538,31.286140459870722,39.88191355309681,28.126137761171933,38.3405914229802,21.37673344630788,34.88653091503144,69.11459397714344,34.834100605961254,1.1698977014024627e-308,43.14885683585916,79.05511410709434,26.402728648960462,31.286140459870722,38.3405914229802,99.11936131353914,26.402728648960462,39.88191355309681,79.05511410709434,26.402728648960462,43.55340042411912,1.1698977014024627e-308,47.88333042367776,43.14885683585916,99.11936131353914,40.45894452249638,26.402728648960462,21.37673344630788,31.11669014207692,31.11669014207692,42.57979028277512,39.88191355309681,88.0869822031741,28.373950334792553,54.40597206186946,30.155600301750695,34.834100605961254,50.48495525881307,88.0869822031741,36.59720120678776,16.912418514824225,46.199900990245766,54.40597206186946,28.373950334792553,26.402728648960455,61.07996101239529,26.402728648960462,99.11936131353914,45.60976244212411,28.43045472415423,48.86254459983422,47.33227674285132,37.39540822676909,28.43045472415423,21.37673344630788,26.402728648960462,46.199900990245766,36.59720120678776,48.86254459983422,26.402728648960455,54.40597206186946,69.11459397714344,30.155600301750695,36.03794206363605,47.33227674285132,45.95881502819654,42.57979028277512,28.126137761171933,26.402728648960462,50.48495525881307,45.60976244212411,79.05511410709434,26.402728648960462,28.126137761171933,43.55340042411912,28.43045472415423,16.912418514824225,26.402728648960462,50.48495525881307,37.39540822676909,31.11669014207692,46.199900990245766,57.55926855996081,26.402728648960462
filtrado_dysplasia_FA_HN14_2_mac.csv,2.144936061207764e-308,42.57979028277512,36.59720120678776,49.417941862950315,72.98875828582459,27.049914803579902,88.0869822031741,46.88470028593527,36.90973562501756,26.402728648960455,2.144936061207764e-308,25.495344307752617,26.52064132898608,47.14697923642571,33.35295631330027,27.833466845554547,39.845870317814445,38.51938627955292,21.936513481641043,40.250059015561945,46.88470028593527,19.07191073496847,27.210225579345334,46.5577889179727,40.45894452249638,47.14697923642571,57.55926855996081,25.495344307752617,40.250059015561945,47.88333042367776,33.35295631330027,30.729299904354,39.845870317814445,61.07996101239529,61.07996101239529,37.39540822676909,26.52064132898608,46.88470028593527,51.51722562960511,21.936513481641043,19.07191073496847,25.495344307752617,47.88333042367776,30.729299904354,54.94487013100249,30.729299904354,40.45894452249638,57.55926855996081,46.65033005311062,49.417941862950315,57.99211587481091,46.624831948343044,43.55340042411912,46.23305868345989,27.670632106559125,38.20167756699334,27.833466845554547,21.936513481641043,49.417941862950315,54.94487013100249,43.664366790539034,39.60756922928671,46.624831948343044,31.13046038495203,39.845870317814445,72.98875828582459,46.65033005311062,26.402728648960455,46.23305868345989,79.05511410709434,27.670632106559125,54.94487013100249,46.624831948343044,99.11936131353914,27.833466845554547,43.664366790539034,79.05511410709434,27.049914803579902,43.55340042411912,26.402728648960455,47.88333042367776,46.23305868345989,99.11936131353914,40.45894452249638,28.967903784082736,31.13046038495203,38.51938627955292,38.51938627955292,42.57979028277512,43.664366790539034,88.0869822031741,38.20167756699334,54.40597206186946,36.90973562501756,46.65033005311062,50.48495525881307,88.0869822031741,36.59720120678776,27.210225579345334,59.63492263065743,54.40597206186946,38.20167756699334,19.07191073496847,61.07996101239529,27.670632106559125,99.11936131353914,46.5577889179727,37.139055555059514,51.51722562960511,57.99211587481091,37.39540822676909,37.139055555059514,31.13046038495203,27.049914803579902,59.63492263065743,36.59720120678776,51.51722562960511,2.144936061207764e-308,54.40597206186946,72.98875828582459,36.90973562501756,40.250059015561945,57.99211587481091,47.14697923642571,42.57979028277512,39.60756922928671,33.35295631330027,50.48495525881307,46.5577889179727,79.05511410709434,26.52064132898608,39.60756922928671,43.55340042411912,37.139055555059514,27.210225579345334,28.967903784082736,50.48495525881307,37.39540822676909,38.51938627955292,59.63492263065743,57.55926855996081,28.967903784082736
dysplasia_FA_HN11A_5_mac.csv,25.495344307752617,34.46228802766018,30.115938681478966,42.965846273328694,58.841543195699174,25.495344307752646,88.0869822031741,35.95246556202724,28.234185742312647,26.402728648960455,25.495344307752617,9.42532374592583e-309,25.495344307752646,43.66188018299496,30.322077595739287,25.495344307752646,31.34409326595707,28.831587542854308,25.495344307752617,31.781805430659148,35.95246556202724,24.2192830025014,27.210225579345334,33.96171070869916,40.45894452249638,43.66188018299496,57.55926855996081,9.42532374592583e-309,31.781805430659148,47.88333042367776,30.322077595739287,25.495344307752646,31.34409326595707,56.533367975792316,56.533367975792316,33.55904711359007,25.495344307752646,35.95246556202724,31.484709491421626,25.495344307752617,24.2192830025014,9.42532374592583e-309,47.88333042367776,25.495344307752646,54.94487013100249,25.495344307752646,40.45894452249638,57.55926855996081,46.65033005311062,42.965846273328694,50.630575607963934,43.01337334564144,34.72716742592495,36.032592132497996,25.495344307752646,25.495344307752646,25.495344307752646,25.495344307752617,42.965846273328694,54.94487013100249,34.58329911507154,29.57844573228097,43.01337334564144,27.955633420531342,31.34409326595707,58.841543195699174,46.65033005311062,26.402728648960455,36.032592132497996,79.05511410709434,25.495344307752646,54.94487013100249,43.01337334564144,99.11936131353914,25.495344307752646,34.58329911507154,79.05511410709434,25.495344307752646,34.72716742592495,26.402728648960455,47.88333042367776,36.032592132497996,99.11936131353914,40.45894452249638,27.233162933384882,27.955633420531342,28.831587542854308,28.831587542854308,34.46228802766018,34.58329911507154,88.0869822031741,25.495344307752646,54.40597206186946,28.234185742312647,46.65033005311062,49.71297626524975,88.0869822031741,30.115938681478966,27.210225579345334,59.63492263065743,54.40597206186946,25.495344307752646,24.2192830025014,56.533367975792316,25.495344307752646,99.11936131353914,33.96171070869916,25.495344307752646,31.484709491421626,50.630575607963934,33.55904711359007,25.495344307752646,27.955633420531342,25.495344307752646,59.63492263065743,30.115938681478966,31.484709491421626,25.495344307752617,54.40597206186946,58.841543195699174,28.234185742312647,31.781805430659148,50.630575607963934,43.66188018299496,34.46228802766018,29.57844573228097,30.322077595739287,49.71297626524975,33.96171070869916,79.05511410709434,25.495344307752646,29.57844573228097,34.72716742592495,25.495344307752646,27.210225579345334,27.233162933384882,49.71297626524975,33.55904711359007,28.831587542854308,59.63492263065743,57.55926855996081,27.233162933384882
