,carcinoma_FA_HN14_3_tumorales.csv,filtrado_filtrado_carcinoma_FA_HN11A_5_tumorales.csv,filtrado_stroma_ad_carcinoma_FA_HN15_2_tumorales.csv,filtrado_stroma_ad_dysplasia_FA_HN15_1_tumorales.csv,filtrado_filtrado_carcinoma_FA_HN14_4_tumorales.csv,filtrado_filtrado_carcinoma_FA_HN11A_2_tumorales.csv,carcinoma_FA_HN15_1_tumorales.csv,filtrado_filtrado_carcinoma_FA_HN15_2_tumorales.csv,carcinoma_FA_HN11A_5_tumorales.csv,filtrado_filtrado_stroma_ad_carcinoma_FA_HN14_1_tumorales.csv,filtrado_carcinoma_FA_HN15_2_tumorales.csv,filtrado_filtrado_stroma_ad_carcinoma_FA_HN11A_2_tumorales.csv,stroma_ad_dysplasia_FA_HN14_3_tumorales.csv,filtrado_stroma_ad_carcinoma_FA_HN15_4_tumorales.csv,filtrado_stroma_ad_carcinoma_FA_HN11A_1_tumorales.csv,filtrado_carcinoma_FA_HN14_3_tumorales.csv,filtrado_carcinoma_FA_HN14_4_tumorales.csv,filtrado_filtrado_stroma_ad_dysplasia_FA_HN11A_1_tumorales.csv,stroma_ad_dysplasia_FA_HN14_4_tumorales.csv,filtrado_filtrado_dysplasia_FA_HN14_1_tumorales.csv,filtrado_filtrado_filtrado_stroma_ad_dysplasia_FA_HN14_2_tumorales.csv,filtrado_stroma_ad_dysplasia_FA_HN11A_5_tumorales.csv,stroma_ad_dysplasia_FA_HN15_1_tumorales.csv,carcinoma_FA_HN11A_2_tumorales.csv,dysplasia_FA_HN15_1_tumorales.csv,filtrado_filtrado_stroma_ad_carcinoma_FA_HN14_4_tumorales.csv,filtrado_dysplasia_FA_HN15_2_tumorales.csv,carcinoma_FA_HN14_2_tumorales.csv,filtrado_filtrado_dysplasia_FA_HN15_2_tumorales.csv,filtrado_stroma_ad_dysplasia_FA_HN14_3_tumorales.csv,carcinoma_FA_HN11A_4_tumorales.csv,filtrado_dysplasia_FA_HN15_1_tumorales.csv,filtrado_filtrado_dysplasia_FA_HN11A_3_tumorales.csv,dysplasia_FA_HN15_3_tumorales.csv,filtrado_filtrado_dysplasia_FA_HN11A_5_tumorales.csv,filtrado_carcinoma_FA_HN11A_1_tumorales.csv,filtrado_filtrado_stroma_ad_dysplasia_FA_HN11A_3_tumorales.csv,filtrado_filtrado_dysplasia_FA_HN11A_2_tumorales.csv,filtrado_filtrado_stroma_ad_dysplasia_FA_HN15_2_tumorales.csv,filtrado_filtrado_stroma_ad_dysplasia_FA_HN15_1_tumorales.csv,filtrado_filtrado_stroma_ad_carcinoma_FA_HN11A_1_tumorales.csv,stroma_ad_dysplasia_FA_HN11A_1_tumorales.csv,filtrado_filtrado_stroma_ad_dysplasia_FA_HN14_2_tumorales.csv,stroma_ad_carcinoma_FA_HN15_3_tumorales.csv,filtrado_stroma_ad_carcinoma_FA_HN14_3_tumorales.csv,dysplasia_FA_HN11A_5_tumorales.csv,stroma_ad_dysplasia_FA_HN14_1_tumorales.csv,filtrado_dysplasia_FA_HN11A_4_tumorales.csv,filtrado_filtrado_stroma_ad_dysplasia_FA_HN14_3_tumorales.csv,stroma_ad_dysplasia_FA_HN11A_2_tumorales.csv,carcinoma_FA_HN14_1_tumorales.csv,filtrado_filtrado_stroma_ad_carcinoma_FA_HN14_3_tumorales.csv,stroma_ad_carcinoma_FA_HN11A_1_tumorales.csv,stroma_ad_dysplasia_FA_HN11A_5_tumorales.csv,filtrado_filtrado_dysplasia_FA_HN15_5_tumorales.csv,filtrado_stroma_ad_carcinoma_FA_HN15_1_tumorales.csv,filtrado_filtrado_stroma_ad_dysplasia_FA_HN14_4_tumorales.csv,filtrado_dysplasia_FA_HN14_2_tumorales.csv,filtrado_filtrado_carcinoma_FA_HN14_3_tumorales.csv,carcinoma_FA_HN15_2_tumorales.csv,dysplasia_FA_HN15_5_tumorales.csv,filtrado_filtrado_stroma_ad_dysplasia_FA_HN11A_4_tumorales.csv,carcinoma_FA_HN14_4_tumorales.csv,filtrado_dysplasia_FA_HN11A_5_tumorales.csv,stroma_ad_carcinoma_FA_HN14_4_tumorales.csv,stroma_ad_carcinoma_FA_HN11A_2_tumorales.csv,filtrado_carcinoma_FA_HN15_1_tumorales.csv,filtrado_carcinoma_FA_HN11A_3_tumorales.csv,filtrado_carcinoma_FA_HN11A_5_tumorales.csv,filtrado_filtrado_carcinoma_FA_HN14_2_tumorales.csv,stroma_ad_carcinoma_FA_HN15_1_tumorales.csv,filtrado_stroma_ad_carcinoma_FA_HN14_2_tumorales.csv,filtrado_stroma_ad_dysplasia_FA_HN11A_3_tumorales.csv,filtrado_filtrado_dysplasia_FA_HN15_1_tumorales.csv,stroma_ad_carcinoma_FA_HN15_4_tumorales.csv,filtrado_carcinoma_FA_HN14_1_tumorales.csv,stroma_ad_dysplasia_FA_HN15_2_tumorales.csv,filtrado_filtrado_dysplasia_FA_HN11A_4_tumorales.csv,dysplasia_FA_HN11A_1_tumorales.csv,filtrado_stroma_ad_dysplasia_FA_HN14_4_tumorales.csv,filtrado_stroma_ad_carcinoma_FA_HN14_5_tumorales.csv,stroma_ad_carcinoma_FA_HN15_2_tumorales.csv,filtrado_stroma_ad_dysplasia_FA_HN11A_1_tumorales.csv,filtrado_stroma_ad_dysplasia_FA_HN15_3_tumorales.csv,dysplasia_FA_HN14_1_tumorales.csv,filtrado_carcinoma_FA_HN14_2_tumorales.csv,filtrado_filtrado_stroma_ad_carcinoma_FA_HN15_2_tumorales.csv,filtrado_filtrado_carcinoma_FA_HN14_1_tumorales.csv,filtrado_filtrado_stroma_ad_carcinoma_FA_HN15_3_tumorales.csv,filtrado_stroma_ad_carcinoma_FA_HN14_1_tumorales.csv,filtrado_filtrado_stroma_ad_dysplasia_FA_HN11A_5_tumorales.csv,filtrado_stroma_ad_dysplasia_FA_HN11A_2_tumorales.csv,filtrado_filtrado_stroma_ad_carcinoma_FA_HN15_1_tumorales.csv,stroma_ad_carcinoma_FA_HN14_2_tumorales.csv,filtrado_filtrado_stroma_ad_carcinoma_FA_HN14_2_tumorales.csv,carcinoma_FA_HN11A_1_tumorales.csv,filtrado_dysplasia_FA_HN11A_1_tumorales.csv,filtrado_stroma_ad_carcinoma_FA_HN15_3_tumorales.csv,filtrado_dysplasia_FA_HN11A_3_tumorales.csv,filtrado_filtrado_stroma_ad_dysplasia_FA_HN15_3_tumorales.csv,filtrado_filtrado_carcinoma_FA_HN11A_4_tumorales.csv,dysplasia_FA_HN14_2_tumorales.csv,filtrado_filtrado_carcinoma_FA_HN11A_1_tumorales.csv,filtrado_stroma_ad_dysplasia_FA_HN11A_4_tumorales.csv,filtrado_dysplasia_FA_HN15_3_tumorales.csv,stroma_ad_carcinoma_FA_HN14_5_tumorales.csv,filtrado_filtrado_stroma_ad_carcinoma_FA_HN15_4_tumorales.csv,stroma_ad_dysplasia_FA_HN11A_4_tumorales.csv,filtrado_filtrado_carcinoma_FA_HN15_1_tumorales.csv,stroma_ad_carcinoma_FA_HN14_3_tumorales.csv,carcinoma_FA_HN11A_3_tumorales.csv,filtrado_stroma_ad_carcinoma_FA_HN14_4_tumorales.csv,dysplasia_FA_HN15_2_tumorales.csv,filtrado_stroma_ad_dysplasia_FA_HN14_2_tumorales.csv,filtrado_stroma_ad_carcinoma_FA_HN11A_2_tumorales.csv,filtrado_filtrado_carcinoma_FA_HN11A_3_tumorales.csv,filtrado_filtrado_stroma_ad_dysplasia_FA_HN14_1_tumorales.csv,filtrado_stroma_ad_dysplasia_FA_HN14_1_tumorales.csv,stroma_ad_carcinoma_FA_HN14_1_tumorales.csv,filtrado_filtrado_dysplasia_FA_HN11A_1_tumorales.csv,filtrado_carcinoma_FA_HN11A_2_tumorales.csv,filtrado_carcinoma_FA_HN11A_4_tumorales.csv,dysplasia_FA_HN11A_2_tumorales.csv,filtrado_dysplasia_FA_HN14_1_tumorales.csv,stroma_ad_dysplasia_FA_HN15_3_tumorales.csv,filtrado_dysplasia_FA_HN15_5_tumorales.csv,dysplasia_FA_HN11A_4_tumorales.csv,stroma_ad_dysplasia_FA_HN14_2_tumorales.csv,dysplasia_FA_HN11A_3_tumorales.csv,filtrado_filtrado_dysplasia_FA_HN14_2_tumorales.csv,filtrado_dysplasia_FA_HN11A_2_tumorales.csv,stroma_ad_dysplasia_FA_HN11A_3_tumorales.csv,filtrado_filtrado_stroma_ad_dysplasia_FA_HN11A_2_tumorales.csv,filtrado_filtrado_stroma_ad_carcinoma_FA_HN14_5_tumorales.csv,filtrado_stroma_ad_dysplasia_FA_HN15_2_tumorales.csv,filtrado_filtrado_dysplasia_FA_HN15_3_tumorales.csv
carcinoma_FA_HN14_3_tumorales.csv,0.0,8431.56396375323,7318.980388740145,7831.035662340197,1192.9414949501859,6591.348718775327,6807.528787956141,5196.967464653646,8431.56396375323,8435.28347041683,5196.967464653646,8350.364511992635,6468.393101189138,7870.875612758582,8158.228355136814,0.0,1192.9414949501859,8463.220448267475,5582.924886247294,4840.3067339098425,6040.105490965262,7767.364543477269,7831.035662340197,6591.348718775327,6758.462527299426,5152.782178708147,3922.8699155487116,7161.8864606351035,3922.8699155487116,6468.393101189138,6337.020054943453,6758.462527299426,7796.333097220773,7437.441800638227,7785.536508411767,5736.5742043887,8121.195430720925,8437.077348856707,8325.30351197292,7831.035662340197,8158.228355136814,8463.220448267475,6040.105490965262,6298.280038636249,6122.045452760148,7785.536508411767,6514.400939095898,5478.8626263255555,6468.393101189138,8205.217328113875,3425.684463914834,6122.045452760148,8158.228355136814,7767.364543477269,6989.612396644749,8772.443635154692,5582.924886247294,3630.5732447810174,0.0,5196.967464653646,6989.612396644749,7844.111556110768,1192.9414949501859,7785.536508411767,5152.782178708147,8350.364511992635,6807.528787956141,5478.144258707902,8431.56396375323,7161.8864606351035,8772.443635154692,8220.474442552944,8121.195430720925,6758.462527299426,7870.875612758582,3425.684463914834,8325.30351197292,5478.8626263255555,8144.912021818046,5582.924886247294,3420.110928452883,7318.980388740145,8463.220448267475,7100.172626297778,4840.3067339098425,7161.8864606351035,7318.980388740145,3425.684463914834,6298.280038636249,8435.28347041683,7767.364543477269,8205.217328113875,8772.443635154692,8220.474442552944,8220.474442552944,5736.5742043887,8144.912021818046,6298.280038636249,7796.333097220773,7100.172626297778,6337.020054943453,3630.5732447810174,5736.5742043887,7844.111556110768,7437.441800638227,3420.110928452883,7870.875612758582,7844.111556110768,6807.528787956141,6122.045452760148,5478.144258707902,5152.782178708147,3922.8699155487116,6040.105490965262,8350.364511992635,5478.144258707902,6514.400939095898,6514.400939095898,8435.28347041683,8144.912021818046,6591.348718775327,6337.020054943453,8437.077348856707,4840.3067339098425,7100.172626297778,6989.612396644749,5478.8626263255555,6040.105490965262,7796.333097220773,3630.5732447810174,8437.077348856707,8121.195430720925,8205.217328113875,3420.110928452883,8325.30351197292,7437.441800638227
filtrado_filtrado_carcinoma_FA_HN11A_5_tumorales.csv,8431.56396375323,0.0,3986.6819005328994,2300.6034337018405,7782.800898923628,2107.2794486490907,5764.113687567467,6235.445848671899,0.0,738.5647871433596,6235.445848671899,1677.6549729048056,8186.230812974918,924.574738321348,2275.099827519599,8431.563963753239,7782.800898923628,2473.5889135698917,3685.5772483157557,10831.15334704794,3291.1026819209137,2218.5000168011197,2300.6034337018405,2107.2794486490907,3940.8801731911776,3717.624581776096,7033.466514725242,4254.6897734724835,7033.466514725242,8186.230812974918,2184.418684740225,3940.8801731911776,2300.1021911289654,8795.293240165081,941.6500816034327,2878.3341164622084,2557.6712088439726,2008.1691723538634,486.01048321178007,2300.6034337018405,2275.099827519599,2473.5889135698917,3291.1026819209137,4454.818214711963,2722.848501213205,941.6500816034327,3057.1015161901773,4252.19982766446,8186.230812974918,1796.820825862629,5881.882848463297,2722.848501213205,2275.099827519599,2218.5000168011197,3198.335209523546,657.8372630532847,3685.5772483157557,9653.864312356744,8431.563963753239,6235.445848671899,3198.335209523546,2079.0401791983136,7782.800898923628,941.6500816034327,3717.624581776096,1677.6549729048056,5764.113687567467,3706.0860415235043,0.0,4254.6897734724835,657.8372630532847,1306.536953804285,2557.6712088439726,3940.8801731911776,924.574738321348,5881.882848463297,486.01048321178007,4252.19982766446,2213.9931736728377,3685.5772483157557,5224.063111646447,3986.6819005328994,2473.5889135698917,6030.4798323417635,10831.15334704794,4254.6897734724835,3986.6819005328994,5881.882848463297,4454.818214711963,738.5647871433596,2218.5000168011197,1796.820825862629,657.8372630532847,1306.536953804285,1306.536953804285,2878.3341164622084,2213.9931736728377,4454.818214711963,2300.1021911289654,6030.4798323417635,2184.418684740225,9653.864312356744,2878.3341164622084,2079.0401791983136,8795.293240165081,5224.063111646447,924.574738321348,2079.0401791983136,5764.113687567467,2722.848501213205,3706.0860415235043,3717.624581776096,7033.466514725242,3291.1026819209137,1677.6549729048056,3706.0860415235043,3057.1015161901773,3057.1015161901773,738.5647871433596,2213.9931736728377,2107.2794486490907,2184.418684740225,2008.1691723538634,10831.15334704794,6030.4798323417635,3198.335209523546,4252.19982766446,3291.1026819209137,2300.1021911289654,9653.864312356744,2008.1691723538634,2557.6712088439726,1796.820825862629,5224.063111646447,486.01048321178007,8795.293240165081
filtrado_stroma_ad_carcinoma_FA_HN15_2_tumorales.csv,7318.980388740145,3986.6819005328994,0.0,5568.504016796469,6237.87671493176,2283.7784852876775,2060.876168013685,3076.0433645756993,3986.6819005329003,4034.418473788015,3076.0433645756993,5352.3261857473735,4363.570254592112,4353.18671626609,5603.913094525373,7318.980388740135,6237.87671493176,5970.94550287757,2079.8942230099333,7912.076609978571,1918.6967048393656,5485.9149646547885,5568.504016796469,2283.7784852876775,846.0299850199872,2421.504224694398,4498.314457373198,782.296594081366,4498.314457373198,4363.570254592112,2397.4020667102905,846.0299850199872,2027.483928736386,5125.18457098992,3204.986038098412,2244.415393152738,5871.967889848038,5532.234314999145,3793.3995558335528,5568.504016796469,5603.913094525373,5970.94550287757,1918.6967048393656,1163.5913289680925,2342.4444955761946,3204.986038098412,1639.019475564972,1941.3497375582992,4363.570254592112,5306.0730380492005,3949.1302302949825,2342.4444955761946,5603.913094525373,5485.9149646547885,1137.3160871379594,4424.450850029978,2079.8942230099333,6646.345023079619,7318.980388740135,3076.0433645756993,1137.3160871379594,5455.720706552279,6237.87671493176,3204.986038098412,2421.504224694398,5352.3261857473735,2060.876168013685,2000.183363028542,3986.6819005329003,782.296594081366,4424.450850029978,4888.484441339139,5871.967889848038,846.0299850199872,4353.18671626609,3949.1302302949825,3793.3995558335528,1941.3497375582992,5592.4934785498035,2079.8942230099333,3980.3134385079534,0.0,5970.94550287757,2326.0671557774926,7912.076609978571,782.296594081366,0.0,3949.1302302949825,1163.5913289680925,4034.418473788015,5485.9149646547885,5306.0730380492005,4424.450850029978,4888.484441339139,4888.484441339139,2244.415393152738,5592.4934785498035,1163.5913289680925,2027.483928736386,2326.0671557774926,2397.4020667102905,6646.345023079619,2244.415393152738,5455.720706552279,5125.18457098992,3980.3134385079534,4353.18671626609,5455.720706552279,2060.876168013685,2342.4444955761946,2000.183363028542,2421.504224694398,4498.314457373198,1918.6967048393656,5352.3261857473735,2000.183363028542,1639.019475564972,1639.019475564972,4034.418473788015,5592.4934785498035,2283.7784852876775,2397.4020667102905,5532.234314999145,7912.076609978571,2326.0671557774926,1137.3160871379594,1941.3497375582992,1918.6967048393656,2027.483928736386,6646.345023079619,5532.234314999145,5871.967889848038,5306.0730380492005,3980.3134385079534,3793.3995558335528,5125.18457098992
filtrado_stroma_ad_dysplasia_FA_HN15_1_tumorales.csv,7831.035662340197,2300.6034337018405,5568.504016796469,0.0,7575.899513248432,3363.7285930792486,6775.429250617205,7315.597531735159,2300.6034337018405,1729.2566392006865,7315.597531735159,768.5996802647667,9153.434746406108,1521.824220149766,608.9541632760001,7831.035662340197,7575.899513248432,826.0464759397064,4317.804053174427,10973.02393735702,4005.5127547133125,87.7110517609785,0.0,3363.7285930792486,5201.679699886509,3969.802109057096,7381.299704850746,5265.472150645863,7381.299704850746,9153.434746406108,3400.927085164974,5201.679699886509,3683.923304876107,9929.469576895233,2604.6378824312937,4068.335534574268,320.1369571161672,1042.3653959987585,2367.6878736260373,0.0,608.9541632760001,826.0464759397064,4005.5127547133125,5658.477287661912,3340.905568563582,2604.6378824312937,4003.1317130726757,4919.557994051044,9153.434746406108,873.0540502371663,6059.9156374094155,3340.905568563582,608.9541632760001,87.7110517609785,4530.944741421131,2327.0464934695933,4317.804053174427,10364.205511391185,7831.035662340197,7315.597531735159,4530.944741421131,266.300946736724,7575.899513248432,2604.6378824312937,3969.802109057096,768.5996802647667,6775.429250617205,4859.813124480753,2300.6034337018405,5265.472150645863,2327.0464934695933,1077.5947027281727,320.1369571161672,5201.679699886509,1521.824220149766,6059.9156374094155,2367.6878736260373,4919.557994051044,476.6876675453751,4317.804053174427,5262.595330980871,5568.504016796469,826.0464759397064,7116.187686662313,10973.02393735702,5265.472150645863,5568.504016796469,6059.9156374094155,5658.477287661912,1729.2566392006865,87.7110517609785,873.0540502371663,2327.0464934695933,1077.5947027281727,1077.5947027281727,4068.335534574268,476.6876675453751,5658.477287661912,3683.923304876107,7116.187686662313,3400.927085164974,10364.205511391185,4068.335534574268,266.300946736724,9929.469576895233,5262.595330980871,1521.824220149766,266.300946736724,6775.429250617205,3340.905568563582,4859.813124480753,3969.802109057096,7381.299704850746,4005.5127547133125,768.5996802647667,4859.813124480753,4003.1317130726757,4003.1317130726757,1729.2566392006865,476.6876675453751,3363.7285930792486,3400.927085164974,1042.3653959987585,10973.02393735702,7116.187686662313,4530.944741421131,4919.557994051044,4005.5127547133125,3683.923304876107,10364.205511391185,1042.3653959987585,320.1369571161672,873.0540502371663,5262.595330980871,2367.6878736260373,9929.469576895233
filtrado_filtrado_carcinoma_FA_HN14_4_tumorales.csv,1192.9414949501859,7782.800898923628,6237.87671493176,7575.899513248432,0.0,5806.801639101399,5656.866722514771,4022.024723990113,7782.8008989236305,7829.490799030233,4022.024723990113,8025.578837840529,5289.596459583866,7302.818175084946,7876.01534098325,1192.9414949501856,0.0,8168.359069386162,4625.387889584167,4189.431565834199,5080.787979122469,7490.349239936432,7575.899513248432,5806.801639101399,5636.505008462059,4278.649737677554,2755.185139003509,6045.141213213386,2755.185139003509,5289.596459583866,5625.889383952671,5636.505008462059,6808.740043003968,6314.022150388865,7009.83923433505,4972.280324397973,7876.661567082597,8063.038591650998,7639.108465288834,7575.899513248432,7876.01534098325,8168.359069386162,5080.787979122469,5181.565540391336,5287.82125097949,7009.83923433505,5545.075434263392,4366.361701533214,5289.596459583866,7842.106722123779,2303.1960154972758,5287.82125097949,7876.01534098325,7490.349239936432,5952.024284061489,8122.411979411888,4625.387889584167,3079.3148337168027,1192.9414949501856,4022.024723990113,5952.024284061489,7559.2097024245395,0.0,7009.83923433505,4278.649737677554,8025.578837840529,5656.866722514771,4523.205041515487,7782.8008989236305,6045.141213213386,8122.411979411888,7805.442142439977,7876.661567082597,5636.505008462059,7302.818175084946,2303.1960154972758,7639.108465288834,4366.361701533214,7850.154746313473,4625.387889584167,2587.9495830741107,6237.8767149317555,8168.359069386162,5952.281231424967,4189.431565834199,6045.141213213386,6237.8767149317555,2303.1960154972758,5181.565540391336,7829.490799030233,7490.349239936432,7842.106722123779,8122.411979411888,7805.442142439977,7805.442142439977,4972.280324397973,7850.154746313473,5181.565540391336,6808.740043003968,5952.281231424967,5625.889383952671,3079.3148337168027,4972.280324397973,7559.2097024245395,6314.022150388865,2587.9495830741107,7302.818175084946,7559.2097024245395,5656.866722514771,5287.82125097949,4523.205041515487,4278.649737677554,2755.185139003509,5080.787979122469,8025.578837840529,4523.205041515487,5545.075434263392,5545.075434263392,7829.490799030233,7850.154746313473,5806.801639101399,5625.889383952671,8063.038591650998,4189.431565834199,5952.281231424967,5952.024284061489,4366.361701533214,5080.787979122469,6808.740043003968,3079.3148337168027,8063.038591650998,7876.661567082597,7842.106722123779,2587.9495830741107,7639.108465288834,6314.022150388865
filtrado_filtrado_carcinoma_FA_HN11A_2_tumorales.csv,6591.348718775327,2107.2794486490907,2283.7784852876775,3363.7285930792486,5806.801639101399,0.0,3737.7894457526545,4177.906023918459,2107.279448649091,2165.0187625666904,4177.906023918459,3187.378363518767,6162.14404412109,2190.1139028322987,3434.8659555423283,6591.348718775323,5806.801639101395,3794.079604803695,1596.6061253387086,8740.417021902933,1233.8706737819202,3280.683514043826,3363.728593079248,0.0,1993.6951091073115,1648.856619135095,4946.538293652371,2323.397014956056,4946.538293652371,6162.14404412109,509.92442834570693,1993.6951091073115,1612.8019821923199,6780.55121662977,1247.827657594801,936.6838420767203,3666.3083179172863,3381.163271666417,1944.1444289178514,3363.728593079248,3434.8659555423283,3794.079604803695,1233.8706737819202,2501.170226445058,727.905017578395,1247.827657594801,1028.3715614351074,2178.324025381887,6162.14404412109,3145.615039027874,3827.909570481634,727.905017578395,3434.8659555423283,3280.683514043826,1369.1653300936282,2479.717768340459,1596.6061253387086,7717.126191162805,6591.348718775323,4177.906023918459,1369.1653300936282,3281.319748914044,5806.801639101395,1247.827657594801,1648.856619135095,3187.378363518767,3737.7894457526545,1676.7672807456913,2107.279448649091,2323.397014956056,2479.717768340459,2746.948578156859,3666.3083179172863,1993.6951091073115,2190.1139028322987,3827.909570481634,1944.1444289178514,2178.324025381887,3417.7957522989695,1596.6061253387086,3243.4424036586333,2283.7784852876794,3794.079604803695,4053.31041409926,8740.417021902933,2323.397014956056,2283.7784852876794,3827.909570481634,2501.170226445058,2165.0187625666904,3280.683514043826,3145.615039027874,2479.717768340459,2746.948578156859,2746.948578156859,936.6838420767203,3417.7957522989695,2501.170226445058,1612.8019821923199,4053.31041409926,509.92442834570693,7717.126191162805,936.6838420767203,3281.319748914044,6780.55121662977,3243.4424036586333,2190.1139028322987,3281.319748914044,3737.7894457526545,727.905017578395,1676.7672807456913,1648.856619135095,4946.538293652371,1233.8706737819202,3187.378363518767,1676.7672807456913,1028.3715614351074,1028.3715614351074,2165.0187625666904,3417.7957522989695,0.0,509.92442834570693,3381.163271666417,8740.417021902933,4053.31041409926,1369.1653300936282,2178.324025381887,1233.8706737819202,1612.8019821923199,7717.126191162805,3381.163271666417,3666.3083179172863,3145.615039027874,3243.4424036586333,1944.1444289178514,6780.55121662977
carcinoma_FA_HN15_1_tumorales.csv,6807.528787956141,5764.113687567467,2060.876168013685,6775.429250617205,5656.866722514771,3737.7894457526545,0.0,1836.6087051016484,5764.113687567472,5768.423450080099,1836.6087051016484,6848.564623318812,2508.6705843936224,5830.05491791903,6910.79577661598,6807.528787956139,5656.866722514775,7237.133217234589,3026.3542028577112,6308.632452489231,3144.150510457317,6692.7425028202915,6775.429250617205,3737.789445752651,1866.5254267649645,3094.265666383099,3244.414538821864,1638.0244565368632,3244.414538821864,2508.6705843936224,3798.206762974285,1866.5254267649645,3490.7693062068515,3318.4596001791615,4876.50616366443,3277.545460039453,7078.90755084143,6893.328739337011,5436.170820816454,6775.429250617205,6910.79577661598,7237.133217234589,3144.150510457317,1590.850010306591,3553.500653668584,4876.50616366443,2873.9035164916104,1959.6310949086,2508.6705843936224,6724.689476100461,3448.4188096372427,3553.500653668584,6910.79577661598,6692.7425028202915,2600.9741088707756,6096.2064291258675,3026.3542028577112,5185.628849793633,6807.528787956139,1836.6087051016484,2600.9741088707756,6714.191457837443,5656.866722514775,4876.50616366443,3094.265666383099,6848.564623318812,0.0,2624.51119034784,5764.113687567472,1638.0244565368632,6096.2064291258675,6435.496717654585,7078.90755084143,1866.5254267649645,5830.05491791903,3448.4188096372427,5436.170820816454,1959.6310949086,6889.376455766135,3026.3542028577112,3864.94017664222,2060.876168013686,7237.133217234589,776.9145440282554,6308.632452489231,1638.0244565368632,2060.876168013686,3448.4188096372427,1590.850010306591,5768.423450080099,6692.7425028202915,6724.689476100461,6096.2064291258675,6435.496717654585,6435.496717654585,3277.545460039453,6889.376455766135,1590.850010306591,3490.7693062068515,776.9145440282554,3798.206762974285,5185.628849793633,3277.545460039453,6714.191457837443,3318.4596001791615,3864.94017664222,5830.05491791903,6714.191457837443,0.0,3553.500653668584,2624.51119034784,3094.265666383099,3244.414538821864,3144.150510457317,6848.564623318812,2624.51119034784,2873.9035164916104,2873.9035164916104,5768.423450080099,6889.376455766135,3737.789445752651,3798.206762974285,6893.328739337011,6308.632452489231,776.9145440282554,2600.9741088707756,1959.6310949086,3144.150510457317,3490.7693062068515,5185.628849793633,6893.328739337011,7078.90755084143,6724.689476100461,3864.94017664222,5436.170820816454,3318.4596001791615
filtrado_filtrado_carcinoma_FA_HN15_2_tumorales.csv,5196.967464653646,6235.445848671899,3076.0433645756993,7315.597531735159,4022.024723990113,4177.906023918459,1836.6087051016484,0.0,6235.445848671896,6286.590878224963,0.0,7298.006347641156,2298.8731913833076,6283.365558755676,7398.878891418068,5196.967464653639,4022.024723990116,7749.642057736972,3264.862561689438,4868.767651121714,3499.3184900028255,7232.465319254512,7315.597531735159,4177.906023918459,2707.6323057985405,3373.292019527382,1589.510831751222,2951.4966638914793,1589.510831751222,2298.8731913833076,4221.16044653916,2707.6323057985405,4224.942589085541,3098.509820266598,5342.522076495061,3494.404171120727,7618.920855290433,7373.125195799755,5988.508558389124,7315.597531735159,7398.878891418068,7749.642057736972,3499.3184900028255,2200.31348196259,4008.147381413906,5342.522076495061,3401.536520355536,2450.0544700037212,2298.8731913833076,7184.376621478937,2101.502623843908,4008.147381413906,7398.878891418068,7232.465319254512,3329.4265777127084,6582.969958733893,3264.862561689438,3656.1267069262854,5196.967464653639,0.0,3329.4265777127084,7237.228647634272,4022.024723990116,5342.522076495061,3373.292019527382,7298.006347641156,1836.6087051016448,2646.2560160092607,6235.445848671896,2951.4966638914793,6582.969958733893,6870.627665238264,7618.920855290433,2707.6323057985405,6283.365558755676,2101.502623843908,5988.508558389124,2450.0544700037212,7380.170965488588,3264.862561689438,2802.408633598847,3076.043364575698,7749.642057736972,2157.719124927758,4868.767651121714,2951.4966638914793,3076.043364575698,2101.502623843908,2200.31348196259,6286.590878224963,7232.465319254512,7184.376621478937,6582.969958733893,6870.627665238264,6870.627665238264,3494.404171120727,7380.170965488588,2200.31348196259,4224.942589085541,2157.719124927758,4221.16044653916,3656.1267069262854,3494.404171120727,7237.228647634272,3098.509820266598,2802.408633598847,6283.365558755676,7237.228647634272,1836.6087051016448,4008.147381413906,2646.2560160092607,3373.292019527382,1589.510831751222,3499.3184900028255,7298.006347641156,2646.2560160092607,3401.536520355536,3401.536520355536,6286.590878224963,7380.170965488588,4177.906023918459,4221.16044653916,7373.125195799755,4868.767651121714,2157.719124927758,3329.4265777127084,2450.0544700037212,3499.3184900028255,4224.942589085541,3656.1267069262854,7373.125195799755,7618.920855290433,7184.376621478937,2802.408633598847,5988.508558389124,3098.509820266598
carcinoma_FA_HN11A_5_tumorales.csv,8431.56396375323,0.0,3986.6819005329003,2300.6034337018405,7782.8008989236305,2107.279448649091,5764.113687567472,6235.445848671896,0.0,738.5647871433596,6235.445848671899,1677.6549729048056,8186.230812974918,924.574738321348,2275.099827519599,8431.563963753239,7782.800898923628,2473.5889135698917,3685.5772483157557,10831.15334704794,3291.1026819209137,2218.5000168011197,2300.6034337018405,2107.2794486490907,3940.8801731911776,3717.624581776096,7033.466514725242,4254.6897734724835,7033.466514725242,8186.230812974918,2184.418684740225,3940.8801731911776,2300.1021911289654,8795.293240165081,941.6500816034327,2878.3341164622084,2557.6712088439726,2008.1691723538634,486.01048321178007,2300.6034337018405,2275.099827519599,2473.5889135698917,3291.1026819209137,4454.818214711963,2722.848501213205,941.6500816034327,3057.1015161901773,4252.19982766446,8186.230812974918,1796.820825862629,5881.882848463297,2722.848501213205,2275.099827519599,2218.5000168011197,3198.335209523546,657.8372630532847,3685.5772483157557,9653.864312356744,8431.563963753239,6235.445848671899,3198.335209523546,2079.0401791983136,7782.800898923628,941.6500816034327,3717.624581776096,1677.6549729048056,5764.113687567467,3706.0860415235043,0.0,4254.6897734724835,657.8372630532847,1306.536953804285,2557.6712088439726,3940.8801731911776,924.574738321348,5881.882848463297,486.01048321178007,4252.19982766446,2213.9931736728377,3685.5772483157557,5224.063111646447,3986.6819005328994,2473.5889135698917,6030.4798323417635,10831.15334704794,4254.6897734724835,3986.6819005328994,5881.882848463297,4454.818214711963,738.5647871433596,2218.5000168011197,1796.820825862629,657.8372630532847,1306.536953804285,1306.536953804285,2878.3341164622084,2213.9931736728377,4454.818214711963,2300.1021911289654,6030.4798323417635,2184.418684740225,9653.864312356744,2878.3341164622084,2079.0401791983136,8795.293240165081,5224.063111646447,924.574738321348,2079.0401791983136,5764.113687567467,2722.848501213205,3706.0860415235043,3717.624581776096,7033.466514725242,3291.1026819209137,1677.6549729048056,3706.0860415235043,3057.1015161901773,3057.1015161901773,738.5647871433596,2213.9931736728377,2107.2794486490907,2184.418684740225,2008.1691723538634,10831.15334704794,6030.4798323417635,3198.335209523546,4252.19982766446,3291.1026819209137,2300.1021911289654,9653.864312356744,2008.1691723538634,2557.6712088439726,1796.820825862629,5224.063111646447,486.01048321178007,8795.293240165081
filtrado_filtrado_stroma_ad_carcinoma_FA_HN14_1_tumorales.csv,8435.28347041683,738.5647871433596,4034.418473788015,1729.2566392006865,7829.490799030233,2165.0187625666904,5768.423450080099,6286.590878224963,738.5647871433596,0.0,6286.59087822496,1376.6650491841513,8186.9609582533285,792.292189556086,1762.6471324702156,8435.283470416834,7829.490799030231,2107.3381950548915,3741.870680917918,10895.550919003526,3346.5639922960922,1648.7778513274209,1729.2566392006863,2165.01876256669,3941.9254978826293,3775.5120195547406,7097.2954269826305,4253.787054479849,7097.2954269826305,8186.9609582533285,2229.2873153049372,3941.9254978826293,2440.041761767929,8824.870199079993,1094.5036465993353,2938.819368197197,2030.986939950563,1658.2049909858129,898.9834102595951,1729.2566392006863,1762.6471324702156,2107.3381950548915,3346.5639922960922,4498.116910511977,2779.8006820540236,1094.5036465993353,3107.044472747762,4315.010247053325,8186.9609582533285,1448.2931967318734,5936.559875971337,2779.8006820540236,1762.6471324702156,1648.7778513274209,3223.186032185984,948.7855792467792,3741.870680917918,9818.511600699996,8435.283470416834,6286.59087822496,3223.186032185984,1618.5939104970987,7829.490799030231,1094.5036465993353,3775.5120195547406,1376.6650491841513,5768.423450080099,3765.6553909688164,738.5647871433591,4253.787054479849,948.7855792467792,911.4349052922566,2030.986939950563,3941.9254978826293,792.292189556086,5936.559875971337,898.9834102595951,4315.010247053325,1753.540680178096,3741.870680917918,5273.379061284091,4034.4184737880164,2107.3381950548915,6070.576591342407,10895.550919003526,4253.787054479849,4034.4184737880164,5936.559875971337,4498.116910511977,0.0,1648.7778513274209,1448.2931967318734,948.7855792467792,911.4349052922566,911.4349052922566,2938.819368197197,1753.540680178096,4498.116910511977,2440.041761767929,6070.576591342407,2229.2873153049372,9818.511600699996,2938.819368197197,1618.5939104970987,8824.870199079993,5273.379061284091,792.292189556086,1618.5939104970987,5768.423450080099,2779.8006820540236,3765.6553909688164,3775.5120195547406,7097.2954269826305,3346.5639922960922,1376.6650491841513,3765.6553909688164,3107.044472747762,3107.044472747762,0.0,1753.540680178096,2165.01876256669,2229.2873153049372,1658.2049909858129,10895.550919003526,6070.576591342407,3223.186032185984,4315.010247053325,3346.5639922960922,2440.041761767929,9818.511600699996,1658.2049909858129,2030.986939950563,1448.2931967318734,5273.379061284091,898.9834102595951,8824.870199079993
filtrado_carcinoma_FA_HN15_2_tumorales.csv,5196.967464653646,6235.445848671899,3076.0433645756993,7315.597531735159,4022.024723990113,4177.906023918459,1836.6087051016484,0.0,6235.445848671899,6286.59087822496,0.0,7298.006347641156,2298.8731913833076,6283.365558755676,7398.878891418068,5196.967464653639,4022.024723990116,7749.642057736972,3264.862561689438,4868.767651121714,3499.3184900028255,7232.465319254512,7315.597531735159,4177.906023918459,2707.6323057985405,3373.292019527382,1589.510831751222,2951.4966638914793,1589.510831751222,2298.8731913833076,4221.16044653916,2707.6323057985405,4224.942589085541,3098.509820266598,5342.522076495061,3494.404171120727,7618.920855290433,7373.125195799755,5988.508558389124,7315.597531735159,7398.878891418068,7749.642057736972,3499.3184900028255,2200.31348196259,4008.147381413906,5342.522076495061,3401.536520355536,2450.0544700037212,2298.8731913833076,7184.376621478937,2101.502623843908,4008.147381413906,7398.878891418068,7232.465319254512,3329.4265777127084,6582.969958733893,3264.862561689438,3656.1267069262854,5196.967464653639,0.0,3329.4265777127084,7237.228647634272,4022.024723990116,5342.522076495061,3373.292019527382,7298.006347641156,1836.6087051016448,2646.2560160092607,6235.445848671896,2951.4966638914793,6582.969958733893,6870.627665238264,7618.920855290433,2707.6323057985405,6283.365558755676,2101.502623843908,5988.508558389124,2450.0544700037212,7380.170965488588,3264.862561689438,2802.408633598847,3076.043364575698,7749.642057736972,2157.719124927758,4868.767651121714,2951.4966638914793,3076.043364575698,2101.502623843908,2200.31348196259,6286.590878224963,7232.465319254512,7184.376621478937,6582.969958733893,6870.627665238264,6870.627665238264,3494.404171120727,7380.170965488588,2200.31348196259,4224.942589085541,2157.719124927758,4221.16044653916,3656.1267069262854,3494.404171120727,7237.228647634272,3098.509820266598,2802.408633598847,6283.365558755676,7237.228647634272,1836.6087051016448,4008.147381413906,2646.2560160092607,3373.292019527382,1589.510831751222,3499.3184900028255,7298.006347641156,2646.2560160092607,3401.536520355536,3401.536520355536,6286.590878224963,7380.170965488588,4177.906023918459,4221.16044653916,7373.125195799755,4868.767651121714,2157.719124927758,3329.4265777127084,2450.0544700037212,3499.3184900028255,4224.942589085541,3656.1267069262854,7373.125195799755,7618.920855290433,7184.376621478937,2802.408633598847,5988.508558389124,3098.509820266598
filtrado_filtrado_stroma_ad_carcinoma_FA_HN11A_2_tumorales.csv,8350.364511992635,1677.6549729048056,5352.3261857473735,768.5996802647667,8025.578837840529,3187.378363518767,6848.564623318812,7298.006347641156,1677.6549729048056,1376.6650491841513,7298.006347641156,0.0,9299.331731628394,1025.9727286198213,783.5023501311634,8350.364511992635,8025.578837840527,1010.6618315047762,4502.776557019564,11323.446233721234,4094.9557727098063,697.4781147542974,768.5996802647667,3187.3783635187674,5100.016155999027,4257.144379487781,7631.091252035323,5377.78279695688,7631.091252035323,9299.331731628394,3137.368696199781,5100.016155999027,3463.7072744490015,9930.065145776083,2174.0279613951266,3855.044150132529,1028.7660079079226,796.7711151328722,1720.0423346637403,768.5996802647667,783.5023501311634,1010.6618315047762,4094.9557727098063,5445.688828082052,3504.4095924193807,2174.0279613951266,4059.4306528642455,5081.658847097159,9299.331731628394,574.2436519745244,6376.740487046366,3504.4095924193807,783.5023501311634,697.4781147542974,4320.861848580385,1617.5313830630978,4502.776557019564,10366.32274239002,8350.364511992635,7298.006347641157,4320.861848580385,589.7036613569758,8025.578837840527,2174.0279613951266,4257.144379487781,0.0,6848.564623318814,4787.018977931949,1677.6549729048054,5377.78279695688,1617.5313830630978,552.6500683219014,1028.7660079079226,5100.016155999027,1025.9727286198213,6376.740487046366,1720.0423346637403,5081.658847097159,701.8651650374666,4502.776557019564,5571.992514371531,5352.3261857473735,1010.6618315047762,7070.064854923524,11323.446233721234,5377.78279695688,5352.3261857473735,6376.740487046366,5445.688828082052,1376.665049184151,697.4781147542974,574.2436519745244,1617.5313830630978,552.6500683219014,552.6500683219014,3855.044150132529,701.8651650374666,5445.688828082052,3463.7072744490015,7070.064854923524,3137.368696199781,10366.32274239002,3855.044150132529,589.7036613569758,9930.065145776083,5571.992514371531,1025.9727286198213,589.7036613569758,6848.564623318814,3504.4095924193807,4787.018977931949,4257.144379487781,7631.091252035323,4094.9557727098063,0.0,4787.018977931949,4059.4306528642455,4059.4306528642455,1376.665049184151,701.8651650374666,3187.3783635187674,3137.368696199781,796.7711151328722,11323.446233721234,7070.064854923524,4320.861848580385,5081.658847097159,4094.9557727098063,3463.7072744490015,10366.32274239002,796.7711151328722,1028.7660079079226,574.2436519745244,5571.992514371531,1720.0423346637403,9930.065145776083
stroma_ad_dysplasia_FA_HN14_3_tumorales.csv,6468.393101189138,8186.230812974918,4363.570254592112,9153.434746406108,5289.596459583866,6162.14404412109,2508.6705843936224,2298.8731913833076,8186.230812974918,8186.9609582533285,2298.8731913833076,9299.331731628394,0.0,8280.700917188089,9310.690181940585,6468.393101189132,5289.596459583869,9635.073675912949,4895.731048188161,4758.823941405049,5253.816173213323,9070.937246910533,9153.434746406108,6162.1440441210925,4274.184424974135,5204.90812439869,2850.303569041589,3982.9611582066605,2850.303569041589,0.0,6220.806762178849,4274.184424974135,5910.303370704343,1854.3819280653422,7299.302828997056,5480.585652122809,9457.490316199994,9331.39902879571,7848.5723229537725,9153.434746406108,9310.690181940585,9635.073675912949,5253.816173213323,3879.6584941896303,5841.753621894574,7299.302828997056,5256.886513103791,4268.416192950014,0.0,9157.499089364546,3676.819280122689,5841.753621894574,9310.690181940585,9070.937246910533,5040.0320959609535,8535.374413672193,4895.731048188161,4019.805875178099,6468.393101189132,2298.873191383306,5040.0320959609535,9111.528654009215,5289.596459583869,7299.302828997056,5204.90812439869,9299.331731628392,2508.6705843936256,4610.379071943582,8186.23081297492,3982.9611582066605,8535.374413672193,8885.550893918788,9457.490316199994,4274.184424974135,8280.700917188089,3676.819280122689,7848.5723229537725,4268.416192950014,9290.398214843366,4895.731048188161,4393.890382493724,4363.570254592114,9635.073675912949,2341.499678334922,4758.823941405049,3982.9611582066605,4363.570254592114,3676.819280122689,3879.6584941896303,8186.960958253327,9070.937246910533,9157.499089364546,8535.374413672193,8885.550893918788,8885.550893918788,5480.585652122809,9290.398214843366,3879.6584941896303,5910.303370704343,2341.499678334922,6220.806762178849,4019.805875178099,5480.585652122809,9111.528654009215,1854.3819280653422,4393.890382493724,8280.700917188089,9111.528654009215,2508.6705843936256,5841.753621894574,4610.379071943582,5204.90812439869,2850.303569041589,5253.816173213323,9299.331731628392,4610.379071943582,5256.886513103791,5256.886513103791,8186.960958253327,9290.398214843366,6162.1440441210925,6220.806762178849,9331.39902879571,4758.823941405049,2341.499678334922,5040.0320959609535,4268.416192950014,5253.816173213323,5910.303370704343,4019.805875178099,9331.39902879571,9457.490316199994,9157.499089364546,4393.890382493724,7848.5723229537725,1854.3819280653422
