,topology_carcinoma_9_clean_t.csv,topology_carcinoma_20_clean_t.csv,topology_dysplasia_14_clean_t.csv,topology_dysplasia_15_clean_t.csv,topology_ad_carcinoma_13_clean_t.csv,topology_dysplasia_1_clean_t.csv,topology_ad_dysplasia_4_clean_t.csv,topology_carcinoma_14_clean_t.csv,topology_dysplasia_2_clean_t.csv,topology_ad_dysplasia_1_clean_t.csv,topology_ad_carcinoma_14_clean_t.csv,topology_dysplasia_12_clean_t.csv,topology_carcinoma_2_clean_t.csv,topology_ad_carcinoma_3_clean_t.csv,topology_ad_carcinoma_11_clean_t.csv,topology_dysplasia_5_clean_t.csv,topology_ad_dysplasia_10_clean_t.csv,topology_ad_dysplasia_8_clean_t.csv,topology_ad_carcinoma_4_clean_t.csv,topology_carcinoma_12_clean_t.csv,topology_ad_carcinoma_15_clean_t.csv,topology_ad_dysplasia_2_clean_t.csv,topology_carcinoma_13_clean_t.csv,topology_dysplasia_7_clean_t.csv,topology_carcinoma_18_clean_t.csv,topology_carcinoma_19_clean_t.csv,topology_ad_carcinoma_7_clean_t.csv,topology_carcinoma_7_clean_t.csv,topology_carcinoma_5_clean_t.csv,topology_carcinoma_6_clean_t.csv,topology_carcinoma_10_clean_t.csv,topology_dysplasia_4_clean_t.csv,topology_carcinoma_11_clean_t.csv,topology_ad_dysplasia_7_clean_t.csv,topology_ad_dysplasia_3_clean_t.csv,topology_ad_carcinoma_8_clean_t.csv,topology_carcinoma_16_clean_t.csv,topology_carcinoma_8_clean_t.csv,topology_dysplasia_10_clean_t.csv,topology_dysplasia_19_clean_t.csv,topology_ad_dysplasia_6_clean_t.csv,topology_ad_carcinoma_5_clean_t.csv,topology_ad_carcinoma_10_clean_t.csv,topology_ad_dysplasia_9_clean_t.csv,topology_ad_dysplasia_5_clean_t.csv,topology_carcinoma_1_clean_t.csv,topology_ad_carcinoma_2_clean_t.csv,topology_carcinoma_3_clean_t.csv,topology_dysplasia_17_clean_t.csv,topology_ad_carcinoma_9_clean_t.csv,topology_ad_carcinoma_12_clean_t.csv,topology_ad_carcinoma_1_clean_t.csv,topology_dysplasia_9_clean_t.csv,topology_dysplasia_8_clean_t.csv,topology_dysplasia_18_clean_t.csv,topology_dysplasia_13_clean_t.csv,topology_carcinoma_4_clean_t.csv,topology_dysplasia_3_clean_t.csv,topology_dysplasia_16_clean_t.csv,topology_dysplasia_11_clean_t.csv,topology_dysplasia_6_clean_t.csv,topology_carcinoma_17_clean_t.csv,topology_ad_carcinoma_6_clean_t.csv,topology_carcinoma_15_clean_t.csv
topology_carcinoma_9_clean_t.csv,0.0,inf,inf,inf,inf,inf,inf,inf,inf,inf,inf,inf,inf,inf,inf,inf,inf,inf,inf,inf,inf,inf,inf,inf,inf,inf,inf,inf,inf,inf,inf,inf,inf,inf,inf,inf,inf,inf,inf,inf,inf,inf,inf,inf,inf,inf,inf,inf,inf,inf,inf,inf,inf,inf,inf,inf,inf,inf,inf,inf,inf,inf,inf,inf
topology_carcinoma_20_clean_t.csv,inf,0.0,2323.9031365299543,2063.4029225445006,2224.4726384803434,2656.88779630254,2121.679610820857,2230.6267110986323,2503.239219203442,2297.091018727804,1988.8020649881335,2107.65381040847,2388.896615923909,2386.2060092528645,2306.7432249965486,2019.040049559493,2369.26287915627,2196.391925605917,2043.484463101803,1928.0530497134494,2284.9211983033047,2132.494769980171,2246.2153888263883,2083.505737929447,2285.9958473298034,2831.8967923050727,1949.8499602785637,2530.9282596652865,3144.838671617354,2506.4438094586344,2871.960553228879,2538.3950790731,2314.846692789938,2030.5570913899805,2207.26647304976,1640.1943327884364,1923.4438491900762,2572.577791960069,1858.3130696202625,2264.9399089046933,2148.5840141124036,1798.9333902394872,1639.3857218548355,2226.894025755921,2048.733436017807,2620.372078563143,2162.8347548641627,2486.343437119177,2077.6528856900018,1984.3365527779197,2148.1055123937663,2038.0271518022616,2199.177285348551,2092.5109003882617,2454.616245720013,2203.9114492181793,2668.4255084972474,2173.9871696798355,2189.123117999209,2488.6230887236375,2207.1986354647483,1588.5272166987936,2336.5320001225077,2663.2421823851228
topology_dysplasia_14_clean_t.csv,inf,2323.9031365299543,0.0,466.359397385014,956.366656866771,760.6955000748484,446.91773806679714,363.1285644095254,1019.0796947509255,489.85139777906045,1387.6575568798253,780.4683235550772,1182.5565742391263,613.1350185115912,353.1132612430955,667.8922833454969,365.24032507050845,366.0311727847252,662.9153791935199,924.7239489900703,316.46999516618536,296.37053139808927,578.4464993299113,801.6187840625342,594.4067634532885,867.8801165035569,877.8211018238978,448.44821083943305,1195.6809027170063,464.2786403338124,785.3327246696897,810.0899630048827,590.6947559123108,1045.398207258564,328.00289372085376,1153.0588973364977,1543.0252576830014,547.911801308564,866.8620285419133,400.25193080749045,363.6082697008627,925.5211973295791,962.8033235626856,374.543756807822,545.4554598712946,807.7592752999758,357.941640885094,528.7506109687106,587.8123680093436,534.662225635396,433.50264226751074,486.36070352030714,1895.1972043500987,525.2500146296788,389.6111725029227,542.5984484507908,824.3901592921186,1020.5669590498921,348.36453211872856,396.8708629176412,983.1247613170134,1150.0054045923318,899.1111514457872,1152.7651310896904
topology_dysplasia_15_clean_t.csv,inf,2063.4029225445006,466.359397385014,0.0,814.1425068084741,959.8956091789831,433.90754731703333,459.7535776212336,1093.004580682804,636.6895718642481,1268.1590700769477,840.012580101599,1300.1768836967763,630.3618504503431,408.40916446293204,619.8456683029428,498.5387918664484,374.1999970668184,462.44690443734396,986.4775317952776,411.2196020976884,367.82910587186655,683.0846752378525,814.542259261447,673.7630381870133,957.4386851107593,713.867855697159,616.7259576106145,1447.4719452983315,620.4211059115453,978.8349449401712,979.4075068662773,748.112583870797,863.1688408719535,447.5732285278547,981.9092112942615,1576.2153085202367,710.0377814526161,849.1949343960516,519.934298108484,412.12841991941923,683.1882287044715,750.3272561577687,420.9749097213294,450.39535600263395,999.2826649411866,346.1685097244276,592.2056076793538,537.5631231067146,526.1355073404166,376.70357481501736,399.6919948083524,1890.2284933515398,574.0595582737897,549.734409946581,620.3070515841232,956.5608607050672,1014.2425608251001,388.9072921986548,617.5800403267797,1009.9451643493223,1052.8076808737405,794.7115037817455,1281.1085763997528
topology_ad_carcinoma_13_clean_t.csv,inf,2224.4726384803434,956.366656866771,814.1425068084741,0.0,1532.6767502794721,667.0809468156477,905.0695977532496,1511.4393533235407,1186.3443683177404,1109.2213025922474,1337.6955110922063,1915.061200661145,1081.6597230950606,786.396164098328,1150.6355962357736,1056.6258774301023,681.5145699558732,543.1754540398796,1357.7884291561247,807.4791742047883,866.4372482220817,1169.0225629960282,1291.1035732432197,1185.5637516698278,1346.0901099923879,688.1403386818073,1139.3449452892423,2065.281859119215,1170.2726924449769,1451.6026826753978,1531.1501095484948,1310.3246711983682,770.6761548969363,825.3187583789306,1051.1796282619396,2044.5435511896567,1140.9179327984791,1357.7411916000462,1003.9731014564838,783.8021744098126,724.9047149109936,966.492003253123,694.773205871852,625.6926236954031,1536.7166196436249,784.1102895554593,998.2720917686422,1061.494835839065,927.1596346993852,661.8201020876476,776.8459116627243,2035.8719238397516,1157.1227536716306,986.0751326366064,1185.9026017872984,1529.332363000125,1519.4152122216328,714.3316881170038,1116.8985974362965,1051.1430315572204,1101.9887466554562,395.2381773842179,1867.8711228313382
topology_dysplasia_1_clean_t.csv,inf,2656.88779630254,760.6955000748484,959.8956091789831,1532.6767502794721,0.0,979.3846605883776,818.9172556512358,842.0575474687523,755.7500945702814,1869.5874345571149,963.3811408293038,901.018933933494,838.2022100134582,900.7833535904635,966.3022657981287,689.455114270338,984.1737264722724,1193.7909477105604,1122.8727047088983,898.4065368668756,798.0109500477295,843.7755302893729,975.8614039802967,754.2651497088744,1056.4156572190384,1407.6386904364454,793.2045437328362,944.7206775868913,647.6087399724611,784.8718267541643,722.0951225498324,712.1028371413984,1421.6567278271227,860.8760466844786,1580.2767151386931,1643.6673432377904,724.7831713082056,1149.07556905996,749.5381309782517,881.5564410320504,1404.785851820916,1399.7188705993706,947.3881278346986,1112.5050611670783,647.1209856152063,915.7787757953836,871.193853114408,888.4455147753815,1023.2168546710024,1041.3216135813407,1009.8173742126405,1771.694837023053,811.140328443315,806.5026932868307,739.7412028457402,530.7828629833849,878.2674522306414,935.4084506919344,597.9806289288408,1194.515330107095,1515.1372379134216,1500.0444929112282,780.6258604611852
topology_ad_dysplasia_4_clean_t.csv,inf,2121.679610820857,446.91773806679714,433.90754731703333,667.0809468156477,979.3846605883776,0.0,393.16209222757743,1155.6807936848156,637.3272546004913,1279.2422575583425,950.6804538525512,1396.5912053485542,677.4686553553216,265.40887281179795,724.6405370651079,535.6838993664278,172.47522913422262,371.55962117126643,1052.1991806338206,282.8630876346723,327.34541884175553,786.4777122366455,940.13150900101,667.0862311990713,817.2121084426698,749.8365476025148,604.0475442432148,1549.5387406847976,629.2249174278754,926.3327473440442,997.5472785186391,788.8988674461696,826.0280564433702,262.9902336100158,1026.7101851352481,1713.409295020064,606.9653720119479,967.3595187226886,449.73611128976626,215.73675499683463,654.7594204455326,804.8226658683187,144.01975961210653,211.37043121716965,1016.1216859433699,313.7762094219335,487.37601954582055,659.3192261352981,554.613800665355,214.7531301136802,345.48529895466123,2092.9579974957387,678.9812970301285,436.6857816815357,715.725114281187,964.5964684598408,1151.5957294014056,170.18685101509138,545.7139459082091,1154.4731492499984,1128.4122385949067,592.1747481017808,1387.3460661162355
topology_carcinoma_14_clean_t.csv,inf,2230.6267110986323,363.1285644095254,459.7535776212336,905.0695977532496,818.9172556512358,393.16209222757743,0.0,1004.4702693764087,548.414731568049,1403.7994163775634,865.3028379326737,1182.4543921026418,519.876973241569,384.177003119237,708.3109185484707,429.00219275921484,408.73256880245754,633.3188436309075,930.6938957868508,320.5177340349711,359.5996171074321,651.8632361821199,843.71258263396,599.461716439395,764.2078209545512,900.5102554611244,559.9928733271922,1376.4171468334162,539.2085236512387,822.725875616505,825.3742637764146,651.784584358277,913.6150106892653,298.87803062542923,1087.9913079053367,1557.2139716883812,574.8173847730957,876.2409852572566,444.47702975913353,398.2289240273162,856.7101198415507,938.4383211312871,394.39323271129086,485.9453514155546,841.9514184380284,392.70737567826194,546.7424606479898,528.4386643824503,517.2785467362564,407.96491553014533,456.944825021845,1925.046954449321,617.2002219578512,422.214833333682,633.5273805101458,819.0777004086134,992.3254883500474,386.69393311782005,426.71900557643534,1058.4186214826111,1092.6666465827398,895.0573397946166,1183.6655835509307
topology_dysplasia_2_clean_t.csv,inf,2503.239219203442,1019.0796947509255,1093.004580682804,1511.4393533235407,842.0575474687523,1155.6807936848156,1004.4702693764087,0.0,961.8852110232827,1763.4074281869325,1132.687494763748,1156.988258084586,888.5702670780831,1150.5884267356328,1038.1110725771427,937.7088331514552,1223.6976650441943,1231.6988987814211,1136.4248006175017,1149.9258157326158,1068.247362438357,988.5057857703829,1035.0952000211832,955.5062161164982,1207.8935931903632,1405.7892669793614,1017.0935819161343,1244.3044935931894,922.6670050680077,1076.5264429947542,970.3381997497413,953.3976876476718,1364.815141481434,1038.0707234043518,1453.0936636913937,1646.542687445135,909.8856310560084,1101.3756296927816,1007.0776515044512,1083.3753273736793,1327.408162435514,1313.939105580755,1207.1792218974906,1180.73313293493,1000.1343238682218,1125.0816946440746,1104.7187412268331,959.5506310045353,1039.0130685059155,1168.2589896563686,1172.501603794758,1745.8160077432815,956.2685113006969,1048.7306616454841,978.6651355409207,837.5106637059546,1014.2733656505429,1197.8964430481997,930.2042472594632,1191.122983734185,1390.5039410380546,1546.3328310254174,1037.7975195860809
topology_ad_dysplasia_1_clean_t.csv,inf,2297.091018727804,489.85139777906045,636.6895718642481,1186.3443683177404,755.7500945702814,637.3272546004913,548.414731568049,961.8852110232827,0.0,1600.0582466576213,803.6629391740216,1065.8594969396968,793.7610851393662,569.0400595764818,689.5361963983106,456.00825337457206,626.8764711556514,862.675428011739,853.2795260748418,559.3376855547898,514.3213445976287,577.2983526779574,685.646142932053,586.906027687581,1056.473674493839,1095.82419942389,637.5138195511665,1213.6312268661009,562.5381128691513,771.2172483939181,725.5252018261755,637.2535849446309,1157.3104807336542,573.842118365968,1230.6319134987916,1546.313526036959,590.5281187851126,892.3782048837229,460.3719452589972,549.3285280942553,1083.9324165840078,1042.530753223816,604.9993962380945,756.8419489191512,711.4711284801098,583.436338020696,704.3384404617007,778.189467046923,752.8239807384175,670.7089774870003,592.3772367872996,1756.7116533537187,575.2603263207782,590.46601523205,545.960486124201,724.0282050186224,885.1315977965123,599.9216588897855,573.4277157222177,1034.8611355078633,1180.4866255770012,1155.3576814828953,1061.3347532220835
topology_ad_carcinoma_14_clean_t.csv,inf,1988.8020649881335,1387.6575568798253,1268.1590700769477,1109.2213025922474,1869.5874345571149,1279.2422575583425,1403.7994163775634,1763.4074281869325,1600.0582466576213,0.0,1499.0660934730663,2122.2736856659876,1529.8880599071663,1361.3399583112373,1319.45130351271,1499.5656410384088,1330.9871652967247,1104.0998804234227,1561.9193640675426,1369.5826922539802,1325.198630245109,1435.2213004420287,1472.635152661572,1528.1521212523262,1962.1424439249438,861.6620753035509,1610.118637788201,2424.42523806562,1591.8132940145817,1960.1871912600004,1811.0560005965824,1613.3625742098213,1034.3832256145379,1351.7722272748765,1005.1915546638066,2014.6975579979628,1666.033836192172,1456.6388183944,1364.2696855618121,1287.8639339308936,964.3521411253764,959.1788015120549,1364.9024511006837,1215.0683773598319,1878.8514352663722,1349.244799900025,1586.9282715080508,1281.5717744440976,1100.7758602093008,1257.6449531532498,1234.0148030567334,1985.5355503675107,1399.028753372332,1506.7325501129264,1475.6573098634688,1897.5371162460738,1678.7080865873468,1346.800907889975,1568.812152932291,1234.740561502604,1019.706524235426,1206.5550398383075,2084.7106642952604
topology_dysplasia_12_clean_t.csv,inf,2107.65381040847,780.4683235550772,840.012580101599,1337.6955110922063,963.3811408293038,950.6804538525512,865.3028379326737,1132.687494763748,803.6629391740216,1499.0660934730663,0.0,1086.5553289060651,1015.254127661281,961.5570011256532,747.1816585590109,756.9055900118534,963.1084698932175,1016.9954370459793,922.1095109544331,939.5079591673323,796.7989362476089,727.1641083570432,741.0772652047822,824.4905943225973,1454.5112446881158,1199.611421322533,1004.9722116779069,1345.456464812151,927.7514895964152,1313.017443690214,899.6391828498297,748.3969601750322,1335.060451715564,909.4673728798407,1275.9857802937279,1170.3676557969634,1101.367564391913,853.2879588379415,807.628644453726,858.3287549699355,1119.1797434714447,1088.7119953002716,979.1123606025914,976.439237643653,919.5143294683623,881.9032584651596,1153.3175096874993,867.969578420747,849.2054486549816,949.6550899122614,846.2288245991456,1464.3821838657504,622.6969562805409,1022.0415695758315,611.2533552103642,1015.4848031949793,796.2745922229217,928.487750051363,954.331123514736,838.2797844294942,1087.1335947738107,1353.2487421399287,1000.1592043613337
topology_carcinoma_2_clean_t.csv,inf,2388.896615923909,1182.5565742391263,1300.1768836967763,1915.061200661145,901.018933933494,1396.5912053485542,1182.4543921026418,1156.988258084586,1065.8594969396968,2122.2736856659876,1086.5553289060651,0.0,1240.3660660440048,1334.81284436077,1189.2629922259543,1091.146400282431,1406.3347838948362,1531.6212318205767,1096.912198404454,1311.8740882881657,1198.607192490433,1078.9644466430746,1069.2106696293813,1049.8465783731617,1435.064319054724,1724.767584002465,1205.5086392521366,1290.7260478777887,1052.0693742132662,1244.1263199819273,1009.2183565666285,953.8534661040871,1697.6326970936334,1251.0057144962616,1651.9016640938453,1372.0234026152984,1148.470879076653,991.9077936496946,1134.9114144884177,1310.210181638781,1640.2508351586282,1573.7195020181687,1405.5435139637727,1477.742246735465,963.7516567451876,1316.4445180865832,1278.2236323173536,1184.8626372413144,1289.401926139406,1429.9659165706107,1315.8779923271447,1571.7859624991147,1113.8131055398642,1274.4505201706666,1077.8698070669502,950.5357166509008,925.6453033832286,1372.4510033924078,1129.6216415454728,1382.3990222031466,1562.6878028756828,1934.2819588241252,1095.4944279435417
topology_ad_carcinoma_3_clean_t.csv,inf,2386.2060092528645,613.1350185115912,630.3618504503431,1081.6597230950606,838.2022100134582,677.4686553553216,519.876973241569,888.5702670780831,793.7610851393662,1529.8880599071663,1015.254127661281,1240.3660660440048,0.0,559.9363151490569,808.512734720087,638.7733556738242,624.9679142229841,769.4318200233856,1014.7913963502992,559.9742487141949,587.3643609303663,806.3962418137558,1002.0862395416366,731.4128348534675,817.798232912901,1030.3580890528024,647.6284373108612,1192.7627137776976,561.472170871579,871.918021548623,943.1800976521135,814.6144227399062,1053.095927397293,582.6055667463663,1279.7557596042639,1662.7348262270098,744.9357940899295,1019.7690764590473,700.6119598973412,639.9380780004255,1030.5110370592338,1078.2508965805578,640.4754287476641,701.1023605017788,957.9186995924442,538.9223039000843,561.3526981946604,603.9854322848853,707.4543224561241,624.847562105107,690.7942077695407,1900.6882836143536,743.1682603911315,526.3745611431361,745.5846225357361,908.6231469427311,1019.8288188142335,629.518749528455,564.3549549823599,1114.9793737578968,1261.386993274007,1045.9365309669486,1196.6171280815754
topology_ad_carcinoma_11_clean_t.csv,inf,2306.7432249965486,353.1132612430955,408.40916446293204,786.396164098328,900.7833535904635,265.40887281179795,384.177003119237,1150.5884267356328,569.0400595764818,1361.3399583112373,961.5570011256532,1334.81284436077,559.9363151490569,0.0,713.1934098348975,439.533959301782,147.57397036438073,496.09786665455505,1102.538217781028,190.03012536105285,302.4736265421138,798.5128474289129,909.6974898301203,620.5668670966159,768.4803833802068,787.9381055429126,467.25169669590474,1372.9892236568367,508.82414831207734,778.2887503224142,931.8641076366118,743.7310132492039,939.2183045779059,301.08646638653045,1166.2887560811348,1775.8999959064868,492.3828421146298,970.4948528327357,467.73083710613514,249.03151255117905,829.0112337848531,920.4151644223127,182.21186077715825,352.19575062780086,951.4214184505554,257.33646323024163,313.96351262668463,652.0853331906408,594.5327685741182,261.79635940603487,348.1044362978157,2119.1415591292166,630.1909294668577,374.0633974622087,705.1177641170918,891.3619946545659,1164.1451952663522,193.73911087243602,439.0271269698173,1190.9585734345715,1184.2185040336708,695.0097010624711,1360.4521249815741
topology_dysplasia_5_clean_t.csv,inf,2019.040049559493,667.8922833454969,619.8456683029428,1150.6355962357736,966.3022657981287,724.6405370651079,708.3109185484707,1038.1110725771427,689.5361963983106,1319.45130351271,747.1816585590109,1189.2629922259543,808.512734720087,713.1934098348975,0.0,684.3588851469626,744.5652255823326,808.8117092614024,946.4965991728507,722.6925775104395,624.7798263033596,765.0661247089313,759.4760418386936,670.7631290470881,1161.1484742056882,955.1886659530755,772.1474979846996,1382.550405376556,786.7524894139995,1085.4693057153006,870.8745407313238,749.7474775585474,1063.7246235775926,669.8439364348335,1016.2366817852117,1371.9431211282877,857.5673936697111,705.385623288848,674.8281912032744,674.482249041818,883.357311254658,844.9656420611741,780.850005157586,721.0158029363698,887.5214150697818,633.0944449716504,804.361992059381,626.0797683798916,628.6539236990561,720.4768602957653,707.6272990132641,1623.1090012623233,575.3515877538108,848.1957603059348,679.8165918170902,943.8943934834176,879.3546058084555,737.9124771691941,781.8235848263722,918.8087237810812,952.7046580822093,1194.7461572700327,1238.7619272518216
topology_ad_dysplasia_10_clean_t.csv,inf,2369.26287915627,365.24032507050845,498.5387918664484,1056.6258774301023,689.455114270338,535.6838993664278,429.00219275921484,937.7088331514552,456.00825337457206,1499.5656410384088,756.9055900118534,1091.146400282431,638.7733556738242,439.533959301782,684.3588851469626,0.0,474.6763193508477,736.4258899937934,942.2013020911004,392.77836474337994,392.16376237108364,600.5080947241483,748.1030664427333,530.6519875771198,937.5502924861643,982.9638768963362,481.6674642124645,1135.1288700468317,421.4458869355626,784.1406695393894,718.3191600673974,550.6944706218904,1074.0860135274006,466.5324537414824,1280.213620097447,1566.3652659242614,491.87621510219736,851.6623113536159,421.964052649118,435.9671951860938,1008.8927321350637,1064.4791922671143,461.4352659202643,638.7593866766123,696.3909233945409,473.25054898758896,554.4633198908243,630.8680701161238,689.3184470755741,538.9979251887439,523.7774274469849,1831.4688609118161,527.7512338087695,485.27105072865913,530.1050459834983,684.8375062135876,907.8392470422395,436.45811827604933,406.1928774725476,987.121585444132,1233.0592290852514,1001.8110303489325,1052.861202360916
topology_ad_dysplasia_8_clean_t.csv,inf,2196.391925605917,366.0311727847252,374.1999970668184,681.5145699558732,984.1737264722724,172.47522913422262,408.73256880245754,1223.6976650441943,626.8764711556514,1330.9871652967247,963.1084698932175,1406.3347838948362,624.9679142229841,147.57397036438073,744.5652255823326,474.6763193508477,0.0,381.9984142821747,1120.1570388469115,185.33813127814187,282.02119358384243,801.4952156046201,949.3102927534305,688.9035123978572,787.7324465492468,743.2022857424915,508.2315573127486,1481.842542652675,562.7090131687362,889.081172229629,998.3127654779935,788.587320575323,884.5150946647453,255.97498770310722,1091.1657247751245,1766.2885946883218,579.0335305123807,1005.6520074702919,460.59893245508874,224.2523679594473,697.9988447137218,862.2088080238037,88.5945655051464,250.77677572026772,1019.5893434202358,254.08680793951794,393.26064138051004,646.199462284246,584.4416404376035,199.53292560501941,294.40050968423225,2137.416424276941,643.9920954484242,368.51056861067246,708.3649189079307,974.2909572592907,1212.2784393526638,95.07870822393527,510.4170244879408,1183.1693938264314,1174.4073151545565,588.4641016868371,1408.202536620092
topology_ad_carcinoma_4_clean_t.csv,inf,2043.484463101803,662.9153791935199,462.44690443734396,543.1754540398796,1193.7909477105604,371.55962117126643,633.3188436309075,1231.6988987814211,862.675428011739,1104.0998804234227,1016.9954370459793,1531.6212318205767,769.4318200233856,496.09786665455505,808.8117092614024,736.4258899937934,381.9984142821747,0.0,1034.0304959301966,524.8764406821488,510.27524917008947,835.6972359858131,981.7443038558253,854.0681162852457,1076.7826498485483,612.4298356007563,819.6612272811179,1740.5733083932632,818.8679793622069,1194.8284270625336,1183.5295539001506,959.8953588724112,759.8149839954505,521.694481317739,889.5316321508283,1711.5791586235212,872.9024470313495,999.6815937332965,696.3337303208455,467.1898739598528,560.6048997478867,770.7749815292004,424.70147256535535,391.37768619533125,1237.1042662795767,507.02420713274205,702.6848943796996,691.524667268009,581.0912434623358,402.0929586343363,460.2190016363884,1900.1314172296863,787.0936275227031,701.742658727556,830.9620457157783,1184.1919868504137,1215.76626854993,405.43831050845296,791.4915742569523,1009.4056789451947,1014.2813711044093,548.8040990257282,1508.4426648017343
topology_carcinoma_12_clean_t.csv,inf,1928.0530497134494,924.7239489900703,986.4775317952776,1357.7884291561247,1122.8727047088983,1052.1991806338206,930.6938957868508,1136.4248006175017,853.2795260748418,1561.9193640675426,922.1095109544331,1096.912198404454,1014.7913963502992,1102.538217781028,946.4965991728507,942.2013020911004,1120.1570388469115,1034.0304959301966,0.0,1107.3394219401582,936.970102189626,796.5187659421049,919.8233073562385,928.8452081464595,1494.0117165490037,1185.0314817471913,1103.1392927985607,1634.6310875006322,1020.9401396722677,1372.7307303146283,1077.0901372569094,912.6092072928575,1263.268553697718,969.6843327900591,1064.804907477563,1175.4939190375562,1186.006434960251,795.0678617730669,880.2606840315999,1011.1624874095517,1114.449975024053,1023.5527620136253,1110.045086711587,1088.1361838996274,1147.55582340073,998.1296760204772,1215.5084903332959,877.5079682265566,913.3507730498677,1047.2305784526332,966.0034795789302,1510.4940419844843,847.4785129156178,972.5364274164742,765.0568481060402,1132.983943034348,942.7673510021127,1082.162729692326,1014.2762594931885,1118.621477115587,1028.8878519417826,1379.93662403898,1250.7007453691335
topology_ad_carcinoma_15_clean_t.csv,inf,2284.9211983033047,316.46999516618536,411.2196020976884,807.4791742047883,898.4065368668756,282.8630876346723,320.5177340349711,1149.9258157326158,559.3376855547898,1369.5826922539802,939.5079591673323,1311.8740882881657,559.9742487141949,190.03012536105285,722.6925775104395,392.77836474337994,185.33813127814187,524.8764406821488,1107.3394219401582,0.0,245.34619343526626,770.4191326716466,899.7221771424572,622.8669692544283,698.119915783087,772.6885354924536,416.842370492415,1348.059011114427,500.30970366978465,767.5882606434097,868.6674620712918,742.4966637506392,931.9166390625899,234.6990027113108,1169.8594788544294,1753.6568157501147,498.6469394554939,967.4625822043738,453.581328060347,251.15583156222533,820.3561152983489,949.124118780679,183.00267806348722,371.71452691935895,936.1947830087673,250.20536140003628,355.23752909656827,601.8281905832123,586.7308522839576,284.93076085986684,374.7801960443545,2061.3876431456742,649.675773563602,347.5298524157961,679.2462645144162,856.4977232960596,1154.0614561013763,176.9465507333269,423.597333955596,1108.4135221799795,1184.3000548603277,714.3257252628564,1336.9369264561876
topology_ad_dysplasia_2_clean_t.csv,inf,2132.494769980171,296.37053139808927,367.82910587186655,866.4372482220817,798.0109500477295,327.34541884175553,359.5996171074321,1068.247362438357,514.3213445976287,1325.198630245109,796.7989362476089,1198.607192490433,587.3643609303663,302.4736265421138,624.7798263033596,392.16376237108364,282.02119358384243,510.27524917008947,936.970102189626,245.34619343526626,0.0,670.9043943571526,804.4982827879065,595.4613365987431,825.9590199438632,799.6527333324048,483.8005157160604,1323.5655834603613,472.63649871779785,838.663641723206,815.2843878288652,596.3988415952365,937.1174116726856,259.61491208508147,1079.3465042143532,1560.0120099308035,585.4576731422655,817.9241144732246,395.24540852680855,281.2312286288384,775.4257499070414,850.5433334829218,273.8960401279226,436.8099951250959,867.3856088859666,270.2932860396537,479.0252705829715,503.8370368999724,503.8835275350432,361.2594918619794,345.9619474962207,1953.3080686090348,506.5635550496015,428.04667018109814,537.1318416831591,829.209528413171,1028.204506314618,251.7690773944045,440.3916272564538,1059.6842095883235,1065.9602355429097,826.5698903476188,1241.4501969349576
topology_carcinoma_13_clean_t.csv,inf,2246.2153888263883,578.4464993299113,683.0846752378525,1169.0225629960282,843.7755302893729,786.4777122366455,651.8632361821199,988.5057857703829,577.2983526779574,1435.2213004420287,727.1641083570432,1078.9644466430746,806.3962418137558,798.5128474289129,765.0661247089313,600.5080947241483,801.4952156046201,835.6972359858131,796.5187659421049,770.4191326716466,670.9043943571526,0.0,676.011377687059,722.7685108354733,1194.3584763738031,972.0628243361759,825.0043245276788,1302.3499677168202,693.957193853448,992.0887118780221,794.2044451072516,694.5685604341966,1092.2756673904523,723.8786513988151,1132.7283348430003,1428.4690373739438,885.7059444968322,836.1680870074857,583.9061031868248,752.32488830341,970.1688052262235,993.8270615694671,806.6475569393542,761.2759335826543,808.9318715261802,718.4238389802789,924.8742492453686,731.4747506950243,676.8828444525062,760.8096845892552,728.4159837300142,1636.9399379588708,596.0790741497002,752.6619716146736,569.7377999339063,861.0234335059463,833.6132471499723,794.7126116100651,733.1326193292884,889.7444713081782,1130.6024642125913,1179.7340416487034,1038.0935593396762
topology_dysplasia_7_clean_t.csv,inf,2083.505737929447,801.6187840625342,814.542259261447,1291.1035732432197,975.8614039802967,940.13150900101,843.71258263396,1035.0952000211832,685.646142932053,1472.635152661572,741.0772652047822,1069.2106696293813,1002.0862395416366,909.6974898301203,759.4760418386936,748.1030664427333,949.3102927534305,981.7443038558253,919.8233073562385,899.7221771424572,804.4982827879065,676.011377687059,0.0,726.108331007193,1389.4425781786124,1139.7519985582899,896.7628307237082,1404.8431575574612,829.6454229358835,1149.1585756248612,812.4680579882688,724.4251899501647,1185.8857903123271,899.8943114366213,1164.775287918406,1371.0140032569666,902.2233203481753,737.5933735240666,764.6799205393982,851.4676900528802,1049.9843514783497,1052.047809972045,954.8931980765344,950.4545097766655,893.9177015374086,861.0342388287688,1044.695272570398,798.9582942677906,855.5389012684514,945.63796069167,834.0058643700203,1533.7971334288277,710.6920851432959,1016.1603814965154,734.0262416824874,965.6478578192624,876.1488513868402,940.463253528846,890.274730505497,894.9378042619312,1070.1643744761263,1317.7809313942535,1132.926634076046
topology_carcinoma_18_clean_t.csv,inf,2285.9958473298034,594.4067634532885,673.7630381870133,1185.5637516698278,754.2651497088744,667.0862311990713,599.461716439395,955.5062161164982,586.906027687581,1528.1521212523262,824.4905943225973,1049.8465783731617,731.4128348534675,620.5668670966159,670.7631290470881,530.6519875771198,688.9035123978572,854.0681162852457,928.8452081464595,622.8669692544283,595.4613365987431,722.7685108354733,726.108331007193,0.0,1008.7538860710463,1121.454905610546,556.5403569948012,1192.0432492659847,591.9344461244566,809.914273731111,701.617492794991,580.4173424156552,1118.6584169602686,665.3346234083057,1254.6117959165397,1567.4850440747382,692.0785992343259,874.2836736992809,610.6578814817806,624.0134448523944,1051.0715766192852,1041.8531951931664,686.5339285389587,785.5504503130405,728.4867412667312,643.168702276792,619.9811122821683,737.6276034579969,795.6966401012196,710.4693682725516,662.5592598970219,1681.6158334980105,613.5086162851069,770.6386938271328,628.2932138618137,702.3632546524299,879.6220493336289,650.2587001580745,622.8691687543306,964.5612333112205,1206.3514066710966,1179.6349584554766,1076.2708152016994
topology_carcinoma_19_clean_t.csv,inf,2831.8967923050727,867.8801165035569,957.4386851107593,1346.0901099923879,1056.4156572190384,817.2121084426698,764.2078209545512,1207.8935931903632,1056.473674493839,1962.1424439249438,1454.5112446881158,1435.064319054724,817.798232912901,768.4803833802068,1161.1484742056882,937.5502924861643,787.7324465492468,1076.7826498485483,1494.0117165490037,698.119915783087,825.9590199438632,1194.3584763738031,1389.4425781786124,1008.7538860710463,0.0,1353.7680171625175,792.5997830135691,1157.7517275213345,802.7667429516064,752.8181424742991,1092.1608297418843,1146.0935043871211,1357.7926201284363,733.8257944203738,1704.5780376540044,2158.538649194903,782.5340664950921,1464.8125953227545,1002.2131054208821,842.7209053005515,1354.5314010040204,1498.4277237589981,781.7816373520311,948.6665928548921,1157.4987998721735,786.4619048585855,610.7968495177068,1037.7339623461382,1107.7517991729592,864.5784344044753,962.7626729870358,2368.9518966542146,1127.8615715589926,792.6438235627572,1137.9970144089987,1013.4990264490859,1447.2342580210648,764.7165309001575,868.5453716529314,1579.459091767626,1716.2288574695044,1299.3371508919975,1567.3122720847919
topology_ad_carcinoma_7_clean_t.csv,inf,1949.8499602785637,877.8211018238978,713.867855697159,688.1403386818073,1407.6386904364454,749.8365476025148,900.5102554611244,1405.7892669793614,1095.82419942389,861.6620753035509,1199.611421322533,1724.767584002465,1030.3580890528024,787.9381055429126,955.1886659530755,982.9638768963362,743.2022857424915,612.4298356007563,1185.0314817471913,772.6885354924536,799.6527333324048,972.0628243361759,1139.7519985582899,1121.454905610546,1353.7680171625175,0.0,1097.6050184721569,1995.364776333132,1132.4574727382194,1426.5450392146743,1410.6054254677133,1237.9235996511375,687.1396424716437,773.6861390838327,825.356162995813,1810.7732176474824,1136.376400824633,1132.6740116737724,879.5123636601734,740.6970469458463,629.4261485880976,713.5254753723532,775.0384922846196,658.2495312515271,1448.6521254195868,737.9104402899738,1025.2946136493629,828.1324373640414,705.0944209040114,724.5236190801734,748.0003396836955,1904.6875686867681,978.5699258095483,944.053735208533,1077.9276653068575,1442.4527283782525,1368.0385461867347,780.2142960815975,1062.141852711531,1030.0601496166896,821.931221162818,756.3180511344742,1692.8035612891508
topology_carcinoma_7_clean_t.csv,inf,2530.9282596652865,448.44821083943305,616.7259576106145,1139.3449452892423,793.2045437328362,604.0475442432148,559.9928733271922,1017.0935819161343,637.5138195511665,1610.118637788201,1004.9722116779069,1205.5086392521366,647.6284373108612,467.25169669590474,772.1474979846996,481.6674642124645,508.2315573127486,819.6612272811179,1103.1392927985607,416.842370492415,483.8005157160604,825.0043245276788,896.7628307237082,556.5403569948012,792.5997830135691,1097.6050184721569,0.0,1173.0249475339624,531.7034320787334,664.8483949428139,768.6089912972793,656.310451701401,1176.2158421535864,560.8785497566253,1405.2429344278703,1801.660282131404,598.1117607974234,1075.9599578383513,564.3335752215619,503.8288221452523,1093.6401192578876,1179.3956189996604,503.64878567032054,712.1799472355581,831.0534053602871,504.2809152799676,454.040473497527,718.8221591533827,835.7346968002366,612.912766472898,654.8030333547695,1953.2614214870891,687.9907488351012,541.6301291893786,686.4997277918856,741.6379101998252,1116.6226633168,495.7580225672747,473.3159079973816,1131.7289329736093,1384.9305508995346,1034.9234980938506,1246.4849982454562
topology_carcinoma_5_clean_t.csv,inf,3144.838671617354,1195.6809027170063,1447.4719452983315,2065.281859119215,944.7206775868913,1549.5387406847976,1376.4171468334162,1244.3044935931894,1213.6312268661009,2424.42523806562,1345.456464812151,1290.7260478777887,1192.7627137776976,1372.9892236568367,1382.550405376556,1135.1288700468317,1481.842542652675,1740.5733083932632,1634.6310875006322,1348.059011114427,1323.5655834603613,1302.3499677168202,1404.8431575574612,1192.0432492659847,1157.7517275213345,1995.364776333132,1173.0249475339624,0.0,1067.5178315682638,954.952657591318,1077.383887319741,1116.813062400477,2001.998520185517,1392.5924726057597,2151.620722898137,1945.9993401653203,1168.3538019532587,1595.6519160072937,1310.5935601020465,1426.5811729408742,1995.7058619161924,1979.5720021180168,1470.8530230232034,1669.4992813299511,924.206845904029,1366.4724837062934,1204.4767573181905,1440.6992349495417,1556.0109185627416,1541.619915759542,1544.3920018221181,1896.281740749734,1271.7360596546357,1306.567866722719,1179.7620147663874,1007.1450977649718,1281.0764372388119,1437.5565072289626,1195.3050268647776,1506.858920977905,2082.8270428677633,2017.1245942756361,1027.604288267434
topology_carcinoma_6_clean_t.csv,inf,2506.4438094586344,464.2786403338124,620.4211059115453,1170.2726924449769,647.6087399724611,629.2249174278754,539.2085236512387,922.6670050680077,562.5381128691513,1591.8132940145817,927.7514895964152,1052.0693742132662,561.472170871579,508.82414831207734,786.7524894139995,421.4458869355626,562.7090131687362,818.8679793622069,1020.9401396722677,500.30970366978465,472.63649871779785,693.957193853448,829.6454229358835,591.9344461244566,802.7667429516064,1132.4574727382194,531.7034320787334,1067.5178315682638,0.0,708.0992587243556,781.2284357403549,626.0726001814951,1150.182655170613,542.1492987296625,1378.251841794826,1711.5846094683493,491.7130014120743,1051.8166850143473,527.0874647836805,522.0000804557228,1114.854410128363,1168.5361176745191,544.0361475078664,753.8457392750347,702.9067309975579,539.4983633846246,468.0842505689043,731.1728691926813,796.9873232459108,629.8941568356315,622.9437863914665,1906.3423722385087,621.6287913280867,502.9900306342052,633.9525106591354,620.9225430008128,923.7896416980318,551.6124163297701,423.31233062203995,1133.9066562839698,1368.5344472105376,1097.1469567038623,1080.7209403244842
topology_carcinoma_10_clean_t.csv,inf,2871.960553228879,785.3327246696897,978.8349449401712,1451.6026826753978,784.8718267541643,926.3327473440442,822.725875616505,1076.5264429947542,771.2172483939181,1960.1871912600004,1313.017443690214,1244.1263199819273,871.918021548623,778.2887503224142,1085.4693057153006,784.1406695393894,889.081172229629,1194.8284270625336,1372.7307303146283,767.5882606434097,838.663641723206,992.0887118780221,1149.1585756248612,809.914273731111,752.8181424742991,1426.5450392146743,664.8483949428139,954.952657591318,708.0992587243556,0.0,810.7451174660624,924.9603553129186,1436.1782264541812,836.2077891999445,1703.8958814221235,2106.2021601022243,649.4850925429485,1400.4529434634962,777.9472214456656,854.0924734709308,1460.3985129563914,1500.755883544545,846.6555423964408,1050.9403432909692,869.1890847757654,847.6312447299348,621.4651358723584,1042.2168516574184,1125.9198028568935,976.223668835253,990.214252398489,2069.1023475501797,1041.4386513535294,812.5464889154382,985.5549996612971,736.4424876786661,1275.5397078474323,841.5651927807066,708.2504829619523,1385.9287669927116,1695.6735789427855,1399.8493400498794,1237.8240651430804
topology_dysplasia_4_clean_t.csv,inf,2538.3950790731,810.0899630048827,979.4075068662773,1531.1501095484948,722.0951225498324,997.5472785186391,825.3742637764146,970.3381997497413,725.5252018261755,1811.0560005965824,899.6391828498297,1009.2183565666285,943.1800976521135,931.8641076366118,870.8745407313238,718.3191600673974,998.3127654779935,1183.5295539001506,1077.0901372569094,868.6674620712918,815.2843878288652,794.2044451072516,812.4680579882688,701.617492794991,1092.1608297418843,1410.6054254677133,768.6089912972793,1077.383887319741,781.2284357403549,810.7451174660624,0.0,656.7516002058512,1464.265300339863,895.3720364315902,1509.1730655370409,1645.973415305743,881.256729870674,1030.1864779518855,764.0373818414089,880.3554654086615,1348.3519335451424,1336.921207982032,979.7773419180617,1085.9547201570012,676.9691032551962,917.348612155346,887.1108696077877,920.1620750379416,1018.4683617269382,1048.5378672208449,951.2824887761983,1695.6128635536015,842.2170995685988,916.5388567383745,779.825557190411,679.0291909352991,940.7842674536878,953.175965400713,724.9057603091726,1084.711530605464,1464.6854564510893,1515.072304280066,955.7154023740352
