,topology_carcinoma_10_clean.csv,topology_dysplasia_18_clean.csv,topology_ad_carcinoma_2_clean.csv,topology_carcinoma_2_clean.csv,topology_ad_carcinoma_10_clean.csv,topology_ad_carcinoma_9_clean.csv,topology_dysplasia_5_clean.csv,topology_ad_carcinoma_3_clean.csv,topology_dysplasia_14_clean.csv,topology_ad_carcinoma_1_clean.csv,topology_dysplasia_13_clean.csv,topology_dysplasia_17_clean.csv,topology_carcinoma_8_clean.csv,topology_dysplasia_10_clean.csv,topology_carcinoma_20_clean.csv,topology_dysplasia_11_clean.csv,topology_ad_carcinoma_8_clean.csv,topology_carcinoma_13_clean.csv,topology_ad_carcinoma_4_clean.csv,topology_carcinoma_9_clean.csv,topology_ad_carcinoma_12_clean.csv,topology_carcinoma_4_clean.csv,topology_ad_carcinoma_15_clean.csv,topology_ad_carcinoma_5_clean.csv,topology_ad_dysplasia_8_clean.csv,topology_dysplasia_7_clean.csv,topology_carcinoma_17_clean.csv,topology_dysplasia_19_clean.csv,topology_carcinoma_5_clean.csv,topology_dysplasia_8_clean.csv,topology_carcinoma_7_clean.csv,topology_carcinoma_19_clean.csv,topology_ad_carcinoma_11_clean.csv,topology_carcinoma_18_clean.csv,topology_carcinoma_11_clean.csv,topology_carcinoma_16_clean.csv,topology_dysplasia_12_clean.csv,topology_ad_dysplasia_1_clean.csv,topology_dysplasia_1_clean.csv,topology_ad_dysplasia_3_clean.csv,topology_ad_carcinoma_6_clean.csv,topology_dysplasia_16_clean.csv,topology_dysplasia_15_clean.csv,topology_dysplasia_4_clean.csv,topology_ad_dysplasia_2_clean.csv,topology_ad_carcinoma_7_clean.csv,topology_ad_carcinoma_13_clean.csv,topology_ad_dysplasia_6_clean.csv,topology_ad_dysplasia_9_clean.csv,topology_ad_carcinoma_14_clean.csv,topology_carcinoma_3_clean.csv,topology_carcinoma_6_clean.csv,topology_ad_dysplasia_4_clean.csv,topology_dysplasia_6_clean.csv,topology_ad_dysplasia_10_clean.csv,topology_ad_dysplasia_5_clean.csv,topology_carcinoma_14_clean.csv,topology_carcinoma_12_clean.csv,topology_carcinoma_15_clean.csv,topology_carcinoma_1_clean.csv
topology_carcinoma_10_clean.csv,1.489291059174709e-308,13.131532928711394,9.195188197941736,7.298911390842157,10.404451198155925,9.451884276822973,6.957567726937439,18.80273185923766,11.970571085146034,10.618418951412949,4.7082401273638155,9.690994379945678,25.665543164409648,6.004671063976635,7.349146200125482,6.727461321269253,12.980990619835367,8.026008592305606,11.443712923612221,6.651114200303992,9.013813096228866,6.511539176797969,21.931949930304395,14.006039195026096,17.986314046198906,9.155123214995285,5.900772924565153,10.092096139571632,5.882506731164075,7.601522033666774,7.626655461466413,5.471466895695418,11.501999255258708,7.442159718849239,5.779129039919619,6.885026485291547,4.894117643686795,6.671332236079145,7.722412209142152,12.555407729358532,14.204685804297736,14.927248775037622,11.410712084727749,5.634579337048702,9.990908025368068,15.049620918501196,13.726427926262545,16.797658393584463,17.02373725514552,8.75407997145896,7.802168270259856,8.260380335536851,13.534772858877597,7.648396064398198,41.005476815544725,13.884199157209096,5.957506435438749,6.177610461550596,8.366348211186782,8.076127513453557
topology_dysplasia_18_clean.csv,13.131532928711394,9.159353448503834e-309,8.93917807473574,12.64295817975258,8.526051520147046,8.727973723886478,12.672823976577451,20.491620811372346,9.9947094575197,8.647354709706658,11.772088697704788,11.955876057000548,27.354432116544338,12.339572360597,11.568746389479154,12.422522828221192,11.269226659157873,11.928682336338339,8.131005375578063,12.630854527783413,8.8043305154326,12.39505688844012,24.284708458448208,10.226809311198307,15.794308058103594,11.588643074442283,11.978657114931803,12.375473191783858,12.508878372006995,11.435313938121658,12.51112908814989,13.738991871608746,13.178970210325225,14.19975125686572,12.263843355496299,13.43142396395027,12.522578292022924,10.267099701143392,12.914707742794448,7.491616821258754,9.326022686961213,11.809540723919103,10.549457138730322,13.001890163111606,9.13229108495166,10.668025215099359,13.622572984330347,18.486547345719153,14.564099079081249,9.031341410100413,13.022692699082633,12.077045816389568,6.603518915500626,11.82700443487344,42.694365767679415,10.285952861248033,10.354064523770411,11.299269146955567,11.754949591309423,12.648385130577218
topology_ad_carcinoma_2_clean.csv,9.195188197941736,8.93917807473574,6.10946381625619e-309,7.803133030790132,6.319748614146782,5.113169118437744,8.02646357502144,23.768248498193074,8.192807594353575,9.288638905667952,6.250414041682209,6.218807206641461,30.63105980336506,10.82006339517556,5.426448011570191,7.160656889909568,8.670923798879718,6.482804607828139,8.19860886839777,7.905121444872495,5.755210595715685,10.536186704745319,25.94395499306991,9.845153112957325,13.457242428109016,6.804178539401037,6.311231849424324,12.593828696870444,7.528193771821709,5.364983352050633,7.5324693900715864,10.372216429675799,16.45559789714595,10.880218713947237,7.92817557147939,9.358718188671912,8.900754375035946,4.899169389102548,8.211106349142035,8.427039103538004,8.275208688619507,10.290333068319658,7.744276068276714,8.579880368844744,6.899294695437928,11.14696228958293,10.499099420240356,21.763175032539877,13.862418620621282,5.998442908199727,9.499692807593654,6.326028279228183,8.75600831005303,5.831802752147716,45.970993454500146,10.260498487930015,7.654919797114488,6.207164452865232,6.100944790570747,7.79610472167628
topology_carcinoma_2_clean.csv,7.298911390842157,12.64295817975258,7.803133030790132,1.0334790104388157e-308,8.356916136114277,8.02427029839659,7.23035187728557,24.659632520432872,11.679663569439958,10.18002292790775,5.689102325905408,6.639694132654483,31.52244382560486,11.711447417415355,6.149373534719723,6.969500751794131,10.266227470700423,5.689102325905408,9.53858073681308,7.6377499518503384,7.976546651386908,11.427570726985117,27.08224926809868,10.21201859799804,16.675624567631452,6.995675080525893,6.348038644476692,14.233490399969895,5.585688605738115,7.115993929506098,4.61837946699287,5.004389944192265,17.346981919385748,7.266321530367498,6.297952709255629,6.541482339323502,6.630028821087578,5.924382959719441,7.544282332870907,12.16611591167714,12.787436062581891,14.188068927814902,11.17725902799557,6.419324014720985,9.9535915146963,11.079338483181772,10.916185657785185,22.654559054779675,15.862888460774684,7.506963921480278,10.391076829833452,6.639694132654483,12.773800982725032,4.593464487221303,46.86237747673994,12.504248926725053,8.546303819354284,6.118710753438578,5.99362414860577,8.00007819567284
topology_ad_carcinoma_10_clean.csv,10.404451198155925,8.526051520147046,6.319748614146782,8.356916136114277,9.00284636515058e-309,5.21948880225026,8.818594702692522,18.127228431266268,7.999664814837864,6.481509540082647,7.595084377337091,10.253995122515619,24.990039736438256,14.28603429802836,7.662890287890504,7.8040781668183214,12.740152145752056,7.986077676172407,4.529148797467064,8.808105574687275,7.8435629453674025,8.99194002057872,25.514878839761845,10.896769104699338,12.674999454596884,9.830626642966678,7.0206067792154485,13.06684925438011,8.300242503722465,6.811546792244463,8.197028423245822,10.907650048042557,17.0398751202469,11.481244173558977,8.834642326173507,9.963360744295782,9.818561565227025,6.024575222836553,8.864341131860389,7.998829432342584,7.660747819550778,10.042201112745747,7.5740884070358225,9.083696456419437,10.46232403212418,9.443390992963932,14.292532777831376,16.12215496561307,11.634914227912564,7.295658267816299,9.089643796336981,7.206065298355258,8.303993124645224,7.931463700504806,40.32997338757333,10.955912654749064,8.194051090205768,7.216093162088676,9.041851639158175,8.465963608918967
topology_ad_carcinoma_9_clean.csv,9.451884276822973,8.727973723886478,5.113169118437744,8.02427029839659,5.21948880225026,4.496817995964176e-309,8.33194576515125,21.106754393962984,7.84663303058639,6.627144801437864,6.74996323860023,7.274469159818898,27.969565699134975,9.696180405141114,6.660870250308962,7.419284801626339,10.62350083909677,6.8599610810396,5.537114764167683,8.120700590215296,5.179480163966356,8.672909087183513,23.28246088883982,9.68055483856255,12.908793353398208,7.375396960762103,6.593594616892254,9.89267474870993,7.76730644600196,5.52849801754774,7.779235015514036,10.598899209324044,13.794103792915863,11.112047068574482,8.358324284263944,9.612336695442409,9.363998180045398,5.361637131471976,8.492838931816756,8.20943916217224,7.8829983110052915,10.165364966544544,7.462133617725615,8.86474110382457,7.48279806942746,11.009646682815713,12.976847164269245,19.101680928309786,11.887827221742075,4.294193698169855,8.60105196903573,6.718162596847716,8.594507848009595,6.615778086942676,43.30949935027005,9.640227041186932,5.510735811972409,6.645776868098249,6.497628919209561,8.307005909348195
topology_dysplasia_5_clean.csv,6.957567726937439,12.672823976577451,8.02646357502144,7.23035187728557,8.818594702692522,8.33194576515125,1.2119361737143506e-308,20.586614721707114,11.438143434891423,9.409677136092487,6.332217071609177,7.794608832074772,27.449426026879102,8.316599404226714,6.985253397102124,5.680160317084333,11.341546241584062,6.3090009985705136,10.140634392688366,7.28381776944844,7.907217436571795,7.354552928259359,22.931925735970154,10.699250468382676,17.251735329443356,7.474140574189445,6.066144649909544,10.083166867841369,6.778261545456962,5.589652712703827,6.739694516222843,6.46835856077603,13.273964120659988,8.459440199945382,5.79357780343883,7.859825260715015,5.9623151871737115,6.111316367131009,8.15770053116098,12.01671827808639,13.1303465299752,14.322639782200259,10.863419365330827,7.054822600431539,9.279040124647722,12.618241877699466,12.674874397839027,18.581541256053914,16.352447816499442,7.668195348898454,8.501146125829644,6.842696850119099,12.926282443593323,6.584371182733619,42.78935967801418,12.495415148643797,5.527313804738667,6.463956517118474,6.582465348717328,8.467944384922113
topology_ad_carcinoma_3_clean.csv,18.80273185923766,20.491620811372346,23.768248498193074,24.659632520432872,18.127228431266268,21.106754393962984,20.586614721707114,1.1449568685017953e-308,21.72318736400451,14.479609592525122,23.510971986601476,28.381223553781886,9.631791275686801,12.948185103017515,23.900934211112386,21.300099669987468,30.867380577018324,26.11330610743867,15.569639629795304,17.021882568582534,21.48195695522797,15.710481007112719,13.84428970888311,22.546503851998445,21.17428571260909,27.957855074232945,24.481033305716473,11.214079645253058,21.090675336744358,24.93877522351073,22.81231689628826,20.578766067600462,7.312650601047125,18.726129264089252,20.231961774370184,23.92794534093811,18.029603699345294,20.68230509896439,21.66446775546978,16.40349920812194,19.439522367125694,20.999999854355384,19.26287692600374,18.240308505711887,28.589552463390447,27.570619424230202,28.142389544863924,8.65702273798537,11.557955480158938,17.769805589993343,14.268555690599419,23.602132403390513,21.618938871942987,25.370208784067447,22.202744956307072,22.60564740204817,16.113328701078586,24.28019945068714,27.169080070424442,26.51596386437125
topology_dysplasia_14_clean.csv,11.970571085146034,9.9947094575197,8.192807594353575,11.679663569439958,7.999664814837864,7.84663303058639,11.438143434891423,21.72318736400451,2.011699342670922e-308,7.853327353018718,10.685017260713796,10.971980057791827,28.585998669176497,12.133727271852443,10.587856097192688,11.283988893602132,9.144193213013814,10.925695492409215,8.880096347783905,11.534332404405674,7.751522257285247,11.130790661508943,29.31393217081567,8.019054355608315,15.693835419103504,10.657805215716138,10.964257839976035,16.465173302686885,11.402101625595396,10.413945548384978,11.436266907648738,12.521953130649344,14.410536762957385,13.091622290770282,11.055216779090689,12.343931712085599,11.208300206216283,9.370338177946003,11.873829344510899,11.691876515669177,9.315594137789741,12.245410629956172,8.276010647891358,11.943034288315655,8.03568921534708,10.165826757429155,8.77555608718453,19.718113898351312,14.602686229541831,7.97404524912249,12.556531884507145,11.132269119766459,9.54285049331394,10.859174601834809,43.925932320311574,9.066610798159415,9.382259532572899,10.114002611739465,10.564411279034513,11.775430919091693
topology_ad_carcinoma_1_clean.csv,10.618418951412949,8.647354709706658,9.288638905667952,10.18002292790775,6.481509540082647,6.627144801437864,9.409677136092487,14.479609592525122,7.853327353018718,7.42761315592307e-309,9.031362394076353,13.901613961256764,21.34242089769711,8.811310988738619,9.421324618587263,8.210395979214159,16.3877709844932,11.633696514913552,5.804274682583105,9.27107860414426,7.002347362702849,9.814732132972974,23.46626179234142,9.797186263723232,12.32531893867765,13.478245481707823,10.00142371319135,10.617502924212635,8.58178106739762,10.459165630985607,8.825365253345405,11.56509805016059,11.16611559735947,12.253951597677318,9.485809573450997,10.560323655846744,10.464760359781877,6.2026955064392695,9.198767154416633,8.049993518573373,8.083941758850635,9.893499924045518,7.493479515175437,9.448349159245208,14.109942870865323,13.09100983170508,13.662779952338802,12.474536126871925,11.373550805265307,4.592024669981868,9.01836306663931,9.12252281086539,8.45187348434063,10.890599191542329,36.682354548832194,9.417404088671828,6.654769373309712,9.80058985816202,12.689470477899318,12.036354271846129
topology_dysplasia_13_clean.csv,4.7082401273638155,11.772088697704788,6.250414041682209,5.689102325905408,7.595084377337091,6.74996323860023,6.332217071609177,23.510971986601476,10.685017260713796,9.031362394076353,1.361120055487213e-308,7.270824592109078,30.373783291773464,10.56278688358396,6.334399644020927,6.081253628966229,10.560820831998768,5.605838804469008,8.745062717330967,6.651114200303992,7.115658949665576,10.27891019315372,25.68667848147831,11.585869407189497,16.497506589493522,7.0816392233371435,5.576967746382508,12.296892341348418,5.882506731164075,6.211294165407558,5.445962432718543,5.471466895695417,16.19832138555435,7.442159718849239,5.5115897552252,6.885026485291548,5.48136828725618,4.971055600387682,7.722412209142151,11.185128085722738,11.267287356529035,13.397290554057077,10.150254335746727,5.270663480889588,8.957000368175079,12.629451130664599,11.656315524495987,21.50589852094828,15.41382872083066,5.885243006082597,9.242416296002055,5.940025088288792,11.78803692259396,5.2952464471694185,45.71371694290854,11.311288439199789,7.397643285522889,6.177610461550595,5.668141045552289,8.076127513453557
topology_dysplasia_17_clean.csv,9.690994379945678,11.955876057000548,6.218807206641461,6.639694132654483,10.253995122515619,7.274469159818898,7.794608832074772,28.381223553781886,10.971980057791827,13.901613961256764,7.270824592109078,2.126931928653393e-308,35.24403485895387,15.43303845076437,6.672658233740298,7.081123883794419,8.216275459007651,5.692070380503004,12.811583923986582,11.359340985199353,7.400572746978032,15.149161760334131,30.55693004865872,8.454807798999841,15.457995316910115,7.281274259981931,5.414429142063547,17.16714390852883,7.7847261884867995,6.505731716337989,6.107304268137713,7.802457486181424,21.068572952734762,9.655094289692634,8.149261779411702,7.211697335156053,10.351619854436592,7.698918454817495,7.9986837321376925,11.977724345659944,11.544119758054219,13.300069134565284,10.575957216881484,10.14091504807,9.458996489248758,8.82888960670036,9.279778745036536,26.37615008812869,18.475393676210093,10.61141796378854,14.112667863182464,4.779091150391373,12.014818584492268,5.816206596729692,47.85658492686047,11.544119758054219,12.267894852703298,6.270404183722791,5.236560314364446,8.244245127898497
topology_carcinoma_8_clean.csv,25.665543164409648,27.354432116544338,30.63105980336506,31.52244382560486,24.990039736438256,27.969565699134975,27.449426026879102,9.631791275686801,28.585998669176497,21.34242089769711,30.373783291773464,35.24403485895387,6.78850993825074e-309,19.810996408189503,30.763745516284374,28.162910975159452,37.73019188219031,32.97611741261066,22.432450934967292,23.88469387375452,28.34476826039996,20.094873098619743,19.2963238843655,26.83207976901539,21.18764107399383,34.820666379404926,31.34384461088846,18.076890950425046,27.95348664191635,31.80158652868272,29.675128201460247,27.44157737277245,14.17546190621911,25.588940569261236,27.09477307954217,30.790756646110097,24.892415004517282,27.545116404136376,28.527279060641764,23.26631051329393,26.302333672297685,27.862811159527375,26.125688231175726,25.10311981088387,35.452363768562435,34.43343072940218,35.005200850035905,13.079188575350464,16.768641182743778,24.632616895165334,21.13136699577141,30.464943708562497,28.481750177114975,32.23302008923944,15.339933651135084,27.566706058755084,22.976140006250574,31.14301075585913,34.03189137559643,33.37877516954323
topology_dysplasia_10_clean.csv,6.004671063976635,12.339572360597,10.82006339517556,11.711447417415355,14.28603429802836,9.696180405141114,8.316599404226714,12.948185103017515,12.133727271852443,8.811310988738619,10.56278688358396,15.43303845076437,19.810996408189503,1.129801441601465e-308,11.832967941115577,10.782034897091,17.919195474000805,13.16512100442116,13.422955159329488,7.365459013841054,8.533771852210457,9.283261124445017,17.423167726758614,17.740750904439068,16.978413425396035,15.00966997121543,11.532848202698956,9.771128213261704,8.142490233726846,11.990590120493216,11.361367170879381,7.630580964582946,10.74661215626158,7.095406704206788,7.283776671352669,10.979760237920594,6.879127053718797,10.406043945492115,8.716282652452264,11.780032098775816,15.85834619637135,13.931424399031128,10.737368253310223,7.557107582493301,15.641367360372932,19.065846971055226,18.183632407050563,12.934330247167349,15.875651313299166,9.839820668922492,10.613289298228942,12.76705399931483,12.421272113968664,12.422023681049936,35.15093005932458,17.368077160667475,6.386578502514837,11.332014347669627,14.220894967406926,13.567778761353736
topology_carcinoma_20_clean.csv,7.349146200125482,11.568746389479154,5.426448011570191,6.149373534719723,7.662890287890504,6.660870250308962,6.985253397102124,23.900934211112386,10.587856097192688,9.421324618587263,6.334399644020927,6.672658233740298,30.763745516284374,11.832967941115577,5.37723361080391e-309,6.897649063192858,8.207833779688865,6.334399644020927,8.543321820836546,7.597117649724971,7.450450033192881,10.668872417664629,28.97715764386831,7.825110426081721,15.569865522140248,6.709636869579028,6.568448247338576,16.128398775739527,6.275894611625581,6.940733614182,6.182816651808315,5.818633309783602,16.58828361006526,8.45276292526998,6.5647518948154815,5.249563149885937,6.905405394079487,6.398569920126822,7.32083079979611,11.35510198872182,10.992061109267855,12.967796130222249,10.129047847080454,8.306542004403823,9.033700936318823,9.565729914743507,8.779776894655324,21.89586074545919,14.643750397889828,6.564751894815482,12.219757357559784,6.672658233740298,11.533658544381282,6.182816651808314,46.10367916741946,11.071509795408808,7.787605510033798,5.9046715503826475,6.465632033627611,7.738542802981791
topology_dysplasia_11_clean.csv,6.727461321269253,12.422522828221192,7.160656889909568,6.969500751794131,7.8040781668183214,7.419284801626339,5.680160317084333,21.300099669987468,11.283988893602132,8.210395979214159,6.081253628966229,7.081123883794419,28.162910975159452,10.782034897091,6.897649063192858,8.13198543734134e-309,9.998041607501559,6.120551215447226,8.992041967921285,7.096483816682425,7.282701764634471,8.068037876539712,27.34937237943092,9.665618463978486,16.56367890537934,7.431181040919102,5.772655781864724,14.50061351130214,6.52497754067223,5.38542825671278,6.490540730677822,6.309682025981966,13.987449068940343,8.261196294495235,5.319800781126915,7.664105839197851,5.597377148782165,5.989217171732584,7.9750366927006695,11.859698643550113,12.418812492953863,13.847845698399043,10.81404490117666,6.813347252596649,9.407760171098015,11.201350852415695,10.400669711609527,19.29502620433427,15.676526063730874,6.866101130999702,10.5919720931224,6.1759404767302115,12.539226533576445,6.201902366966825,43.50284462629453,12.167195514604106,6.407786479761519,6.410752963408532,5.868980400436975,8.42113290637611
topology_ad_carcinoma_8_clean.csv,12.980990619835367,11.269226659157873,8.670923798879718,10.266227470700423,12.740152145752056,10.62350083909677,11.341546241584062,30.867380577018324,9.144193213013814,16.3877709844932,10.560820831998768,8.216275459007651,37.73019188219031,17.919195474000805,8.207833779688865,9.998041607501559,5.623564692567957e-309,10.147761448392774,15.29774094722302,13.84549800843579,9.484541236739979,17.63531878357057,33.2534538086367,10.898112113174916,16.54255080819648,7.741642176747813,8.775627613741722,20.404694940507923,11.365472949167943,7.548433601538735,10.55870104966808,13.43233996669967,23.5547299759712,14.13746303710575,11.298636686057588,12.53573738449004,12.83777687767303,10.185075478053932,11.681922489504572,15.631398153490215,11.427858209892625,9.867380722662936,11.60450365101458,12.627072071306435,6.574275238916389,5.438515387329379,6.350872387420566,28.862307111365126,20.96155069944653,13.097574987024975,16.598824886418903,8.211770385675683,11.184449352340733,7.892577921096844,47.85658492686047,10.163485823435224,14.754051875939737,9.890450019775855,9.305661128568246,10.116351609149213
topology_carcinoma_13_clean.csv,8.026008592305606,11.928682336338339,6.482804607828139,5.689102325905408,7.986077676172407,6.8599610810396,6.3090009985705136,26.11330610743867,10.925695492409215,11.633696514913552,5.605838804469008,5.692070380503004,32.97611741261066,13.16512100442116,6.334399644020927,6.120551215447226,10.147761448392774,1.2902774970842554e-308,10.54366647764337,9.09142353885614,6.779140219065244,12.88124431399092,29.160789859695782,9.408227565387577,16.585666954347978,7.0816392233371435,5.439989863680514,16.312030991567,6.272743739256526,6.228357783510124,5.938187569717819,5.5345400398382125,18.80065550639155,8.636395141097452,6.467758551910541,6.885026485291548,8.08370240809338,5.431001008474283,7.722412209142151,11.538734204549291,11.571651432968633,13.522960137569392,10.359594015587431,8.490174220231296,8.874228570351715,11.530139903476789,10.072742241531431,24.108232641785477,16.20747622986688,8.343500517445328,12.403389573387258,5.692070380503005,11.953886593082004,5.25143768163227,47.85658492686047,11.577074887668719,9.999977406360088,6.177610461550595,5.228678809984912,8.076127513453557
topology_ad_carcinoma_4_clean.csv,11.443712923612221,8.131005375578063,8.19860886839777,9.53858073681308,4.529148797467064,5.537114764167683,10.140634392688366,15.569639629795304,8.880096347783905,5.804274682583105,8.745062717330967,12.811583923986582,22.432450934967292,13.422955159329488,8.543321820836546,8.992041967921285,15.29774094722302,10.54366647764337,8.409402072282636e-309,10.197284332804124,7.236284214984636,10.315754090304887,25.31529526915332,11.777200637645377,11.978636482328284,12.38821544443764,8.911393675921168,12.867265683771585,10.1350002938696,9.369135593715427,9.477841511420927,12.202191677183034,16.176795981548032,12.864786176797189,10.230088653193391,11.244301524668506,11.115623532114506,6.848314920541348,9.953946772095712,7.6340136974024,7.40458957169416,9.480531066696116,7.005544337276861,10.284774720021153,13.019912833595141,12.000979794434897,15.172964310777417,13.564566164142107,10.960276818922809,8.711170106768037,9.9105669999724,8.032492773595207,7.984232325248929,9.800569154272146,37.772384586102376,11.836344187695104,8.79495250506693,8.710559820891836,11.599440440629136,10.946324234575947
topology_carcinoma_9_clean.csv,6.651114200303992,12.630854527783413,7.905121444872495,7.6377499518503384,8.808105574687275,8.120700590215296,7.28381776944844,17.021882568582534,11.534332404405674,9.27107860414426,6.651114200303992,11.359340985199353,23.88469387375452,7.365459013841054,7.597117649724971,7.096483816682425,13.84549800843579,9.09142353885614,10.197284332804124,1.887960240991908e-308,7.846259892454919,7.059491359972253,21.38003999414334,10.868071759805588,17.23997826764932,10.93597250565041,7.459150737133939,10.016065434433731,6.382386179160284,7.916892654928198,6.539442284172142,6.117980749562986,11.0941688420425,5.763227561683592,6.79730021702512,6.906062772355575,6.259105843991226,6.7086096503756245,7.0530227451159195,11.99881082587505,12.881437741237466,14.252534936471694,11.064733385016407,6.761639111211318,11.567669894807914,13.184456802533287,14.226760139665842,15.016809102929336,16.210998510332406,7.5389266348325705,6.253806469592714,6.914291750023459,12.745210798420345,8.348326215484917,39.2246275248896,12.973458596447102,6.7973002170251196,7.258316882104609,10.147197501841907,9.494081295788718
topology_ad_carcinoma_12_clean.csv,9.013813096228866,8.8043305154326,5.755210595715685,7.976546651386908,7.8435629453674025,5.179480163966356,7.907217436571795,21.48195695522797,7.751522257285247,7.002347362702849,7.115658949665576,7.400572746978032,28.34476826039996,8.533771852210457,7.450450033192881,7.282701764634471,9.484541236739979,6.779140219065244,7.236284214984636,7.846259892454919,1.1310639419725093e-308,8.249895161780216,24.80882478239979,10.658770550817584,13.791337429639684,7.751541950482579,6.892197875262854,11.960065914271006,7.547246038779215,6.6274291448414555,7.482294338384783,10.134237364740805,14.169306354180847,10.766238106649162,7.446491425086697,9.300580916191576,8.110479516812362,6.504718456007627,8.711135945021478,8.09965688548394,9.415874843710391,10.43799450216112,7.29432861239851,8.5445732354296,7.1075955081624755,11.901474771128349,11.238781758962459,19.476883489574774,12.49009988774267,5.230706874562564,9.19267413239616,7.586981011053272,8.571834289076305,7.225852636597276,43.684701911535036,10.950319782013954,6.1368873046281855,6.864965273981234,6.850080543394213,8.980020288345322
topology_carcinoma_4_clean.csv,6.511539176797969,12.39505688844012,10.536186704745319,11.427570726985117,8.99194002057872,8.672909087183513,7.354552928259359,15.710481007112719,11.130790661508943,9.814732132972974,10.27891019315372,15.149161760334131,20.094873098619743,9.283261124445017,10.668872417664629,8.068037876539712,17.63531878357057,12.88124431399092,10.315754090304887,7.059491359972253,8.249895161780216,7.91493690607814e-309,25.375013615791413,11.081445704173396,17.4615886225182,14.72579328078519,11.248971512268717,12.526254747662634,7.858613543296606,11.706713430062976,9.580255102840503,7.346704274152707,10.645511014866733,8.20868657067026,6.999899980922429,10.695883547490354,5.544262618538985,7.450243305516636,8.432405962022022,11.724775830367486,12.910518193603387,14.227341093287931,10.593769130379577,6.553253253890037,15.357490669942692,14.338557630782445,14.910327751416167,13.126150464815579,16.495242906511457,7.531640272739445,8.617613329482893,10.370070609942758,12.515410216916695,12.138146990619695,35.43480674975482,12.244522493520268,5.188109520109958,11.048137657239385,13.937018276976685,13.283902070923496
topology_ad_carcinoma_15_clean.csv,21.931949930304395,24.284708458448208,25.94395499306991,27.08224926809868,25.514878839761845,23.28246088883982,22.931925735970154,13.84428970888311,29.31393217081567,23.46626179234142,25.68667848147831,30.55693004865872,19.2963238843655,17.423167726758614,28.97715764386831,27.34937237943092,33.2534538086367,29.160789859695782,25.31529526915332,21.38003999414334,24.80882478239979,25.375013615791413,1.188736559021984e-308,32.21103646067714,30.83881832128779,30.13356156910978,26.656739800593307,13.389786140129893,23.266381831621196,27.308491375745852,24.988023391165093,24.572177893738058,15.960206192922648,20.901835758966087,22.69303130778524,26.103651835814944,22.07175224978882,25.18600537709554,23.840174250346614,18.725488968765973,24.87534512259088,23.51967668810307,22.75274225956089,20.891054377591367,30.76525895826728,33.136733672913365,35.60680013380917,17.255508491909666,17.848294849876506,24.581008791218487,24.684176000087078,27.090753903697248,23.79464536681982,29.24573105648261,20.027038461430237,32.27018001072686,22.015400620311325,26.455905945563977,29.344786565301277,28.691670359248086
topology_ad_carcinoma_5_clean.csv,14.006039195026096,10.226809311198307,9.845153112957325,10.21201859799804,10.896769104699338,9.68055483856255,10.699250468382676,22.546503851998445,8.019054355608315,9.797186263723232,11.585869407189497,8.454807798999841,26.83207976901539,17.740750904439068,7.825110426081721,9.665618463978486,10.898112113174916,9.408227565387577,11.777200637645377,10.868071759805588,10.658770550817584,11.081445704173396,32.21103646067714,7.336661310341734e-309,11.708573075323935,7.9885866103895395,8.573042825239,19.36227759254836,12.53970226324555,7.498838522587448,10.118953069237591,12.87847671784083,19.526582579201516,13.504714476371866,12.081900297925804,11.897807895544119,11.770135322091646,8.236055022598265,12.31372854721811,14.588980805530653,7.335691338086264,9.056204603297944,10.701633541998994,11.540420821212654,8.62028399954704,7.601350960386796,8.173121081020517,17.964194998190205,15.402229846742292,9.294808917980026,15.453636174368619,8.601071182075216,10.142032004381171,8.086663424128002,42.17201342015048,7.207322749622474,11.703635980579733,9.518417678059777,8.893082624075976,9.948457204901446
topology_ad_dysplasia_8_clean.csv,17.986314046198906,15.794308058103594,13.457242428109016,16.675624567631452,12.674999454596884,12.908793353398208,17.251735329443356,21.17428571260909,15.693835419103504,12.32531893867765,16.497506589493522,15.457995316910115,21.18764107399383,16.978413425396035,15.569865522140248,16.56367890537934,16.54255080819648,16.585666954347978,11.978636482328284,17.23997826764932,13.791337429639684,17.4615886225182,30.83881832128779,11.708573075323935,8.494208060703033e-309,15.259790882941404,15.885748030517203,17.990059453159006,16.673487872747053,15.232759383892384,16.80795923328062,18.487398859135816,18.503959182079875,18.901792780957763,17.22351026850924,17.95736835586494,17.806925053804605,14.57535128389793,16.975171904657607,13.761897415811163,11.033784920237483,13.598728702420406,15.4913415354671,17.147920579846623,14.264722694568604,13.245789655408359,13.817559776042081,16.29997498853251,14.293768288705557,13.965898569064242,16.792244739549307,15.47359992236065,12.686730388182617,15.377862999594962,36.527574725128915,11.03122880127114,15.74175484909483,16.494610019097706,16.16267297180979,16.62347013156282
topology_dysplasia_7_clean.csv,9.155123214995285,11.588643074442283,6.804178539401037,6.995675080525893,9.830626642966678,7.375396960762103,7.474140574189445,27.957855074232945,10.657805215716138,13.478245481707823,7.0816392233371435,7.281274259981931,34.820666379404926,15.00966997121543,6.709636869579028,7.431181040919102,7.741642176747813,7.0816392233371435,12.38821544443764,10.93597250565041,7.751541950482579,14.72579328078519,30.13356156910978,7.9885866103895395,15.259790882941404,2.0081272417279815e-308,7.238616992456398,17.156591062173252,7.125957411270761,7.455739672049962,6.9994533988246594,7.3790890066324835,20.64520447318582,9.480955211703707,7.725893299862761,6.548172032215208,9.92825137488765,7.275549975268554,7.56613180391286,12.38329427515555,11.015756957198743,12.905620610657273,10.207699112759549,9.717546568521058,9.309359840904015,9.325342392438397,9.08830704271442,25.95278160857975,18.052025196661152,10.188049484239597,13.689299383633525,7.281274259981931,11.522269903847391,6.9994533988246594,47.85658492686047,11.09281397053675,11.844526373154359,5.0122322607560506,7.134573784945385,7.009250473934049
topology_carcinoma_17_clean.csv,5.900772924565153,11.978657114931803,6.311231849424324,6.348038644476692,7.0206067792154485,6.593594616892254,6.066144649909544,24.481033305716473,10.964257839976035,10.00142371319135,5.576967746382508,5.414429142063547,31.34384461088846,11.532848202698956,6.568448247338576,5.772655781864724,8.775627613741722,5.439989863680514,8.911393675921168,7.459150737133939,6.892197875262854,11.248971512268717,26.656739800593307,8.573042825239,15.885748030517203,7.238616992456398,1.8702201518211573e-308,13.719829661948927,6.129252222617318,6.033420678546414,5.94499851936015,5.833647722417817,17.168382704669344,7.730388488756561,4.741372442661557,7.106430909184192,6.451429606371178,5.170443977444246,7.795579673870835,11.449328322667718,11.721186035726113,13.353266265462112,10.460772370470485,6.240724800004585,9.160596805144902,9.604800069107228,9.277283908700603,22.475959840063275,14.990509444165896,6.711227715723126,10.212477615117052,5.414429142063547,12.008856296556566,5.57695494931936,46.68377826202354,11.704489329762149,8.367704604637884,6.228659646289199,5.102442321657824,8.118932775642087
topology_dysplasia_19_clean.csv,10.092096139571632,12.375473191783858,12.593828696870444,14.233490399969895,13.06684925438011,9.89267474870993,10.083166867841369,11.214079645253058,16.465173302686885,10.617502924212635,12.296892341348418,17.16714390852883,18.076890950425046,9.771128213261704,16.128398775739527,14.50061351130214,20.404694940507923,16.312030991567,12.867265683771585,10.016065434433731,11.960065914271006,12.526254747662634,13.389786140129893,19.36227759254836,17.990059453159006,17.156591062173252,13.719829661948927,1.3160407402086246e-308,10.039287252310473,14.459732507617069,11.5982372510352,11.723419025609273,9.70866436088072,11.143970744745358,9.844272439656457,12.713865695685051,9.22299338166004,12.337246508966757,10.450388110216721,11.475543751170505,14.103476772209923,14.267758739484059,9.903983391432106,10.256711321430164,17.375472818137386,20.688704087531626,22.758041265680397,13.095808511791354,16.480018190327,11.732249923089704,12.236146414705338,14.389911115791229,12.52735572371919,16.396972188353825,33.41682460156012,19.421421142598085,9.166641752182542,13.066119805434084,15.955000425171383,15.567116711634739
topology_carcinoma_5_clean.csv,5.882506731164075,12.508878372006995,7.528193771821709,5.585688605738115,8.300242503722465,7.76730644600196,6.778261545456962,21.090675336744358,11.402101625595396,8.58178106739762,5.882506731164075,7.7847261884867995,27.95348664191635,8.142490233726846,6.275894611625581,6.52497754067223,11.365472949167943,6.272743739256526,10.1350002938696,6.382386179160284,7.547246038779215,7.858613543296606,23.266381831621196,12.53970226324555,16.673487872747053,7.125957411270761,6.129252222617318,10.039287252310473,8.993314579602985e-309,6.660609375618462,5.628766066994565,4.76196388473146,13.778024735697235,6.980802238874938,6.117746393182873,6.162089357786224,4.1635680935254875,5.983571697919479,7.455623790854216,11.876621700023058,12.618381884471534,14.069656353077963,10.837771922508193,6.107893420022725,9.49457885009452,13.782406483556315,12.83883264109231,19.085601871091164,15.813067792186203,7.179162432088756,7.379207308829691,6.625878893021309,12.62040000212675,6.357684936043355,43.293420293051426,12.420652628643985,6.117746393182873,6.056240898531444,6.107893420022725,7.902221886945009
topology_dysplasia_8_clean.csv,7.601522033666774,11.435313938121658,5.364983352050633,7.115993929506098,6.811546792244463,5.52849801754774,5.589652712703827,24.93877522351073,10.413945548384978,10.459165630985607,6.211294165407558,6.505731716337989,31.80158652868272,11.990590120493216,6.940733614182,5.38542825671278,7.548433601538735,6.228357783510124,9.369135593715427,7.916892654928198,6.6274291448414555,11.706713430062976,27.308491375745852,7.498838522587448,15.232759383892384,7.455739672049962,6.033420678546414,14.459732507617069,6.660609375618462,9.369658996989536e-309,6.682133385336655,6.435970859597887,17.626124622463603,8.35189724052224,5.959148665711616,7.824737612216909,6.909171524165436,6.024418834583226,8.094671005468118,10.827156733464653,10.793933275919649,12.796097738125326,9.893561688496064,6.984490772614345,8.688015861446381,8.9141929336107,8.350152550414837,22.933701757857534,15.032945345938941,7.168969633517384,10.670219532911311,6.6414052901616,11.401326918550101,6.29282871536482,47.141520179817796,10.918914370413244,8.825446522432145,6.446258597084007,5.894864316033072,8.448282157600467
topology_carcinoma_7_clean.csv,7.626655461466413,12.51112908814989,7.5324693900715864,4.61837946699287,8.197028423245822,7.779235015514036,6.739694516222843,22.81231689628826,11.436266907648738,8.825365253345405,5.445962432718543,6.107304268137713,29.675128201460247,11.361367170879381,6.182816651808315,6.490540730677822,10.55870104966808,5.938187569717819,9.477841511420927,6.539442284172142,7.482294338384783,9.580255102840503,24.988023391165093,10.118953069237591,16.80795923328062,6.9994533988246594,5.94499851936015,11.5982372510352,5.628766066994565,6.682133385336655,1.1185350704039337e-308,5.236266951431757,15.499666295241134,7.273293552334293,5.932265500821771,6.555442735545864,5.486295475074719,5.655752956426431,7.560233391457926,11.933635009244469,12.618113901416084,14.058706731959163,10.936308122590066,5.719066934152515,9.679363838124392,12.347535405954815,12.384197843831217,20.80724343063506,15.982555306052616,7.138235952365154,8.543761205688838,6.107304268137713,12.620338338463416,6.023128766504647,45.01506185259533,12.257030816688681,6.698988195209672,6.124026944303502,5.719066934152515,8.054729898760371
topology_carcinoma_19_clean.csv,5.471466895695418,13.738991871608746,10.372216429675799,5.004389944192265,10.907650048042557,10.598899209324044,6.46835856077603,20.578766067600462,12.521953130649344,11.56509805016059,5.471466895695417,7.802457486181424,27.44157737277245,7.630580964582946,5.818633309783602,6.309682025981966,13.43233996669967,5.5345400398382125,12.202191677183034,6.117980749562986,10.134237364740805,7.346704274152707,24.572177893738058,12.87847671784083,18.487398859135816,7.3790890066324835,5.833647722417817,11.723419025609273,4.76196388473146,6.435970859597887,5.236266951431757,7.682388138111025e-309,13.266115466553336,6.56156546021434,5.764989756125588,6.029285089183146,4.666706116809083,7.571450020842302,7.41974996644778,13.259117512551544,15.299987423828483,15.564299511830718,11.919260438666354,5.575608165238599,10.283179126642139,14.735011746684785,13.673022600803208,18.573692601947265,17.656892286916992,9.941525236252396,7.814777607429534,7.026635606335773,14.399755646902339,5.936245172841829,42.78151102390753,14.47520380905572,7.071808787023009,6.024627940554268,6.59031400282398,7.83675818161249
topology_ad_carcinoma_11_clean.csv,11.501999255258708,13.178970210325225,16.45559789714595,17.346981919385748,17.0398751202469,13.794103792915863,13.273964120659988,7.312650601047125,14.410536762957385,11.16611559735947,16.19832138555435,21.068572952734762,14.17546190621911,10.74661215626158,16.58828361006526,13.987449068940343,23.5547299759712,18.80065550639155,16.176795981548032,11.0941688420425,14.169306354180847,10.645511014866733,15.960206192922648,19.526582579201516,18.503959182079875,20.64520447318582,17.168382704669344,9.70866436088072,13.778024735697235,17.626124622463603,15.499666295241134,13.266115466553336,8.586556823955205e-309,12.78009125109968,12.919311173323058,16.615294739890984,10.71695309829817,13.369654497917265,14.351817154422655,11.635932189842988,18.612187018589893,15.513957889661723,11.950226324956617,11.490507085221537,21.276901862343323,21.08023747369503,20.8297389438168,8.651652777562767,12.711121180444408,11.202070559344207,11.975539188650655,16.28948180234339,14.306288270895863,18.057558183020323,29.515395557354193,20.321737119991823,8.886359034639401,16.967548849640018,19.856429469377318,19.203313263324127
