,topology_carcinoma_10_clean.csv,topology_dysplasia_18_clean.csv,topology_ad_carcinoma_2_clean.csv,topology_carcinoma_2_clean.csv,topology_ad_carcinoma_10_clean.csv,topology_ad_carcinoma_9_clean.csv,topology_dysplasia_5_clean.csv,topology_ad_carcinoma_3_clean.csv,topology_dysplasia_14_clean.csv,topology_ad_carcinoma_1_clean.csv,topology_dysplasia_13_clean.csv,topology_dysplasia_17_clean.csv,topology_carcinoma_8_clean.csv,topology_dysplasia_10_clean.csv,topology_carcinoma_20_clean.csv,topology_dysplasia_11_clean.csv,topology_ad_carcinoma_8_clean.csv,topology_carcinoma_13_clean.csv,topology_ad_carcinoma_4_clean.csv,topology_carcinoma_9_clean.csv,topology_ad_carcinoma_12_clean.csv,topology_carcinoma_4_clean.csv,topology_ad_carcinoma_15_clean.csv,topology_ad_carcinoma_5_clean.csv,topology_ad_dysplasia_8_clean.csv,topology_dysplasia_7_clean.csv,topology_carcinoma_17_clean.csv,topology_dysplasia_19_clean.csv,topology_carcinoma_5_clean.csv,topology_dysplasia_8_clean.csv,topology_carcinoma_7_clean.csv,topology_carcinoma_19_clean.csv,topology_ad_carcinoma_11_clean.csv,topology_carcinoma_18_clean.csv,topology_carcinoma_11_clean.csv,topology_carcinoma_16_clean.csv,topology_dysplasia_12_clean.csv,topology_ad_dysplasia_1_clean.csv,topology_dysplasia_1_clean.csv,topology_ad_dysplasia_3_clean.csv,topology_ad_carcinoma_6_clean.csv,topology_dysplasia_16_clean.csv,topology_dysplasia_15_clean.csv,topology_dysplasia_4_clean.csv,topology_ad_dysplasia_2_clean.csv,topology_ad_carcinoma_7_clean.csv,topology_ad_carcinoma_13_clean.csv,topology_ad_dysplasia_6_clean.csv,topology_ad_dysplasia_9_clean.csv,topology_ad_carcinoma_14_clean.csv,topology_carcinoma_3_clean.csv,topology_carcinoma_6_clean.csv,topology_ad_dysplasia_4_clean.csv,topology_dysplasia_6_clean.csv,topology_ad_dysplasia_10_clean.csv,topology_ad_dysplasia_5_clean.csv,topology_carcinoma_14_clean.csv,topology_carcinoma_12_clean.csv,topology_carcinoma_15_clean.csv,topology_carcinoma_1_clean.csv
topology_carcinoma_10_clean.csv,8.86430787669188e-309,27.076652053900276,14.354738669467054,36.15540872295049,36.15540872295049,27.076652053900276,27.076652053900276,62.772538234259194,24.881685649846986,31.12433703144852,35.54597801569321,26.940351683853592,60.74573866662348,24.930062382449627,27.076652053900276,24.473009214026135,27.076652053900276,56.9135475182255,33.75283713372936,24.62939624820372,32.73547579574348,36.15540872295049,27.076652053900276,30.273120202685245,36.1554087229505,67.53156663087572,37.27318973973487,36.15540872295049,30.246220974239755,55.10455578689678,27.076652053900276,27.076652053900276,20.69463487173887,31.33196756778564,25.667929723700908,20.50794577631953,18.17654989293817,23.094239341835717,28.383436160565594,27.076652053900276,36.15540872295049,36.15540872295049,26.46601001413086,31.609030789599146,24.515789809364534,36.15540872295049,30.386929741144243,17.18395955929564,30.976116233415723,21.02164902898177,35.00574336388273,36.15540872295049,36.15540872295049,33.66690099147472,20.21098875674893,36.15540872295049,21.67145278673969,36.15540872295049,34.727705830026665,27.076652053900276
topology_dysplasia_18_clean.csv,27.076652053900276,7.19451295819724e-309,21.424537010870793,29.99181707343388,29.466987868451398,16.867609402584105,14.386669768512476,73.91348446706051,31.669558585620862,16.97003404654535,35.54597801569321,8.175291191191278,62.760461912404686,38.32373654388719,22.880789745715987,17.87838981846731,12.662114386539784,56.9135475182255,21.300946917482605,27.705823052276926,18.581172810840314,23.9365254659255,22.51929394711803,16.118817217782077,28.18397531701096,81.48609908711252,51.42749272463804,24.11300452283973,21.089751905216076,69.25885877179994,16.6621893365598,17.02405954377072,25.37918365327242,17.17766458288247,21.535071675694848,22.52197381298207,32.33085287784134,28.03853421931079,42.537739145468755,16.518949718954943,37.79902256578707,30.593055611113968,21.741704337812905,17.454727804695978,22.574478922470803,37.79902256578707,16.232626756241075,30.926726487857493,16.821813248512555,20.445378668547715,20.85144037897956,37.301878197422866,24.857190671638165,26.556334301914347,33.74605804055608,32.7061822241194,21.63056083021879,28.782142726995716,21.65514520818212,13.218968872310311
topology_ad_carcinoma_2_clean.csv,14.354738669467054,21.424537010870793,7.2823937215836e-309,27.80732388711149,27.807323887111494,19.002002949011498,19.002002949011494,73.91348446706051,31.669558585620862,18.70118694774383,35.54597801569321,22.32879022334232,62.760461912404686,33.940130664982846,19.002002949011494,17.50903114623116,23.25055336344465,56.9135475182255,26.596804586833464,27.025437647049998,19.261558216067243,24.616910871152427,15.873181712249732,26.234001486580567,27.807323887111494,81.00548421055194,50.747107319411114,24.79338992806666,21.770137310443005,68.57847336657301,22.46703014093542,15.444798704120934,13.998380790301027,19.002002949011498,19.002002949011498,16.022768438806587,31.650467472614405,27.35814881408386,41.857353740241834,19.002002949011498,27.84266867069485,27.807323887111494,15.223364518174307,20.19938846771322,17.815934650915466,27.807323887111494,27.807323887111494,12.191761667513404,19.405410563054915,14.127894395939386,21.53182578420649,27.807323887111494,25.537576076865093,20.19298341179848,17.333881263963065,27.807323887111494,13.637226320457982,27.807323887111494,22.33553061340905,19.002002949011494
topology_carcinoma_2_clean.csv,36.15540872295049,29.99181707343388,27.80732388711149,7.733179991579005e-309,9.291822013288389,32.08772778850498,27.919193523013515,73.91348446706051,43.84318873338588,13.425141871256315,35.54597801569321,23.247585608344718,62.760461912404686,53.10556343155928,38.8470927473638,23.075055511352886,38.24610771261244,56.9135475182255,12.625879597597034,40.92560494333103,12.315751930476637,7.1480054472837224,12.748566341141753,13.872999855651798,16.302907052832374,81.48609908711252,66.72508846756872,12.799149498877313,15.610338542014304,74.15479414395914,29.80880392202624,28.841775079539843,27.765403069938284,13.317722472960583,20.42115999964602,23.638174282017516,40.11432840686623,47.158899519579826,56.633768163613226,26.25902510272284,18.328482356026992,11.94715136545649,23.17164360641293,12.537089268737901,23.24125008326557,15.232735986428324,14.162549161560591,34.60990030841792,15.122806653697964,23.392172943331516,9.140376694454316,8.61854949883464,11.156508889950771,12.397746649883729,41.59692390902699,13.829161094381753,24.299375030609582,9.346992968173438,18.351239628830967,20.001100832395466
topology_ad_carcinoma_10_clean.csv,36.15540872295049,29.466987868451398,27.807323887111494,9.291822013288389,9.65887389514067e-309,32.08772778850498,27.394364318031037,73.91348446706051,43.84318873338588,13.551690104052751,35.54597801569321,22.722756403362236,62.760461912404686,53.10556343155928,38.322263542381314,22.550226306370405,37.72127850762996,56.9135475182255,13.237205236287828,40.92560494333103,12.195176730460261,11.497507757723952,12.748566341141753,13.38441073312947,15.149190263366236,81.48609908711252,66.72508846756872,12.799149498877313,15.610338542014304,74.15479414395914,29.28397471704376,28.316945874557362,27.240573864955806,13.94283537319132,18.767057095234275,23.11334507703503,40.11432840686623,47.158899519579826,56.633768163613226,25.734195897740364,20.201554962746027,11.865983199435874,22.91924646522727,12.01226006375542,22.71642087828309,19.547927028140364,13.234361112210323,34.60990030841792,13.736136063981746,22.867343738349035,11.21578950494304,12.977277042365008,11.180114175170045,11.149690729302556,41.59692390902699,11.44527761515927,24.299375030609582,9.346992968173438,18.351239628830964,19.476271627412984
topology_ad_carcinoma_9_clean.csv,27.076652053900276,16.867609402584105,19.002002949011498,32.08772778850498,32.08772778850498,1.731196885289785e-308,9.042762292916777,72.93861711455504,31.669558585620862,20.958258151152677,35.54597801569321,24.68568738886762,62.760461912404686,30.68161072132436,12.132171795308949,12.25606204282456,19.733003172800874,56.9135475182255,24.032838957311597,23.7175989476696,22.569396915447637,27.924749570532825,19.497302483096345,20.228990208910744,31.461967327269974,77.69764551117156,47.43926862003072,28.101228627447057,25.077976009823402,65.27063466719261,17.910102532648736,12.96423682475374,15.49311792327198,21.165888687489797,14.688154877824443,10.682286602730478,31.048907977095823,24.050310114703464,38.549515040861436,9.841779554585123,32.08772778850498,32.0780982502732,10.572205590291603,21.442951909303304,15.136974272952102,32.08772778850498,24.54408616748412,18.088331886619926,20.81003735311988,15.22864254145145,24.839664483586883,32.08772778850498,28.84541477624549,23.500822111178877,22.520425489116505,32.08772778850498,8.760719409104667,32.08772778850498,25.643369312789442,13.978940345645738
topology_dysplasia_5_clean.csv,27.076652053900276,14.386669768512476,19.002002949011494,27.919193523013515,27.394364318031037,9.042762292916777,1.956294023907073e-308,73.91348446706051,31.669558585620862,14.89741049612499,35.54597801569321,19.021946504028772,62.760461912404686,36.693139620630134,11.676921227970722,8.096583546717412,19.333653122147936,56.9135475182255,23.500982792332795,29.778446602697286,16.508549260419954,21.86390191550514,20.446670396697666,18.017597324249138,26.1113517665906,81.48609908711252,53.500116275058396,22.040380972419367,19.017128354795712,71.33148232222031,17.22376992858002,9.02651889559189,19.76577820974814,15.105041032462111,11.143616775271994,18.607789221607963,34.4034764282617,30.11115776973115,44.61036269588912,8.631117331779095,33.49055341562036,28.520432060693604,16.126461683150985,15.382104254275616,12.246090804275347,33.49055341562036,16.77730644958082,20.742488554708032,17.478503950043226,15.22864254145145,18.7788168285592,33.49055341562036,22.784567121217805,24.483710751493987,25.683013692716965,30.633558673699042,16.01531817555687,26.709519176575355,19.58252165776176,11.65364946522719
topology_ad_carcinoma_3_clean.csv,62.772538234259194,73.91348446706051,73.91348446706051,73.91348446706051,73.91348446706051,72.93861711455504,73.91348446706051,7.714241123298276e-309,45.80973583458372,73.91348446706051,64.43589447175876,72.31029431917727,40.611954894490204,42.30632514895259,68.07156554523245,73.91348446706051,68.6725505799838,37.82834873941063,73.91348446706051,49.221018166885436,73.91348446706051,73.91348446706051,73.91348446706051,73.91348446706051,73.91348446706053,42.858209784582655,40.61195489449021,73.91348446706051,73.61645762189184,40.61195489449021,73.91348446706051,73.91348446706051,73.91348446706051,73.91348446706051,73.91348446706051,73.91348446706051,44.59598834132103,48.88830699985158,40.61195489449021,73.91348446706053,73.91348446706051,73.91348446706053,73.91348446706051,73.91348446706051,73.91348446706051,73.91348446706051,73.91348446706051,65.67726462840295,73.91348446706053,73.91348446706051,73.91348446706051,68.58589104748664,73.91348446706053,73.91348446706051,61.51180461561245,73.91348446706051,73.91348446706051,73.91348446706051,63.65317059247158,73.91348446706051
topology_dysplasia_14_clean.csv,24.881685649846986,31.669558585620862,31.669558585620862,43.84318873338588,43.84318873338588,31.669558585620862,31.669558585620862,45.80973583458372,1.351620116997662e-308,41.02565401731725,26.378997497319745,30.799851435861058,36.651316360659905,40.38176373534205,31.669558585620862,31.669558585620862,31.54776015174977,43.84318873338589,43.65415411959808,31.66955858562086,42.636792781612215,43.84318873338588,34.872652863855976,40.17443718855398,43.84318873338589,56.1959366780712,31.669558585620862,43.84318873338588,35.72046400924181,45.20323880102804,31.669558585620862,31.669558585620862,31.669558585620862,41.23328455365437,34.75555074398901,31.669558585620862,31.048907977095823,31.66955858562086,31.669558585620862,31.669558585620862,43.84318873338589,43.84318873338589,30.639601456456177,41.51034777546788,31.66955858562086,43.84318873338588,40.288246727012975,31.669558585620862,40.877433219284455,31.66955858562086,43.84318873338588,43.84318873338588,43.84318873338589,43.56821797734345,33.94163430638778,43.84318873338589,31.669558585620862,43.84318873338588,40.20194886502872,34.046336211810306
topology_ad_carcinoma_1_clean.csv,31.12433703144852,16.97003404654535,18.70118694774383,13.425141871256315,13.551690104052751,20.958258151152677,14.89741049612499,73.91348446706051,41.02565401731725,1.1460020178750254e-308,35.5459780156932,13.015695420790422,62.760461912404686,51.59055011675512,25.825309720475275,19.175385133641868,25.22432468572391,56.9135475182255,17.056686733724362,40.92560494333103,11.729038637401741,12.851772828682826,11.128369803369836,15.048866375507657,13.4822568726835,81.48609908711252,66.72508846756872,12.799149498877313,15.610338542014304,72.5639685996675,16.787020895137715,15.819992052651315,21.349453725224308,13.29265843195553,13.252210382271727,16.357630896050424,40.11432840686623,45.00856826585614,56.633768163613226,16.28709098529248,26.73781433520447,15.526346493007651,12.395786719927072,13.564315539580747,15.999492333197352,23.020579720195812,17.00100773073843,28.219610637304754,12.996358062946065,15.969015091875356,11.82668281499744,20.331844150877515,12.034212924882766,10.151270369821495,32.385070650095265,19.917784765971064,14.540106060726274,17.056686733724362,16.942047714520314,11.613194281749413
topology_dysplasia_13_clean.csv,35.54597801569321,35.54597801569321,35.54597801569321,35.54597801569321,35.54597801569321,35.54597801569321,35.54597801569321,64.43589447175876,26.378997497319745,35.5459780156932,7.14531854985455e-309,35.5459780156932,44.15664893008283,35.54597801569321,35.5459780156932,35.54597801569321,35.54597801569321,30.79387406326086,35.54597801569321,35.54597801569321,35.54597801569321,35.54597801569321,35.54597801569321,35.54597801569321,35.54597801569321,74.82209531524626,46.89804594052604,28.642451306951727,35.54597801569321,64.72941198768794,35.54597801569321,35.54597801569321,35.54597801569321,35.54597801569321,25.480853234924165,35.54597801569321,35.54597801569321,35.5459780156932,38.008292361356766,35.5459780156932,36.54553772629382,35.54597801569321,35.5459780156932,35.5459780156932,35.54597801569321,36.54553772629382,35.54597801569321,35.54597801569321,35.54597801569321,35.54597801569321,35.54597801569321,36.54553772629382,35.54597801569321,35.5459780156932,35.54597801569321,36.54553772629382,35.54597801569321,35.54597801569321,35.54597801569321,35.54597801569321
topology_dysplasia_17_clean.csv,26.940351683853592,8.175291191191278,22.32879022334232,23.247585608344718,22.722756403362236,24.68568738886762,19.021946504028772,72.31029431917727,30.799851435861058,13.015695420790422,35.5459780156932,1.972090352382617e-308,62.760461912404686,41.364747535298925,25.41748583738317,24.921744230136632,19.076053781863536,56.9135475182255,27.714886312806357,34.450054517366084,18.183089148946916,17.5395642441843,17.06789816442526,20.780616966582482,21.439743851921804,81.48609908711252,58.1717241897272,17.368773057750573,18.27993011059877,74.15479414395914,16.03040818221956,20.935002573900206,27.536177479383944,19.813741103064487,19.706260893816903,21.701194206035623,39.07508434293049,34.78276568439995,49.28197061055791,21.858683373261982,33.49044596001277,25.674684890587784,16.915274295147476,19.415156395756426,22.829444704520498,33.246382301652005,19.095724149013108,26.351817086823164,14.976139873573857,21.773200476660705,14.107208913890403,30.55764673233371,19.775697675023594,19.81210283682519,29.49571135299543,29.236107566752402,18.159009558716193,22.037911261906558,18.351239628830967,15.676946392584695
topology_carcinoma_8_clean.csv,60.74573866662348,62.760461912404686,62.760461912404686,62.760461912404686,62.760461912404686,62.760461912404686,62.760461912404686,40.611954894490204,36.651316360659905,62.760461912404686,44.15664893008283,62.760461912404686,5.759104745962334e-309,40.279525581316875,62.760461912404686,62.760461912404686,62.760461912404686,20.597340213758624,62.760461912404686,47.19421859924972,62.760461912404686,62.760461912404686,62.760461912404686,62.760461912404686,62.76046191240469,30.665446385163428,31.40180203721669,62.59931709322976,62.760461912404686,28.42984734283559,62.760461912404686,62.760461912404686,62.760461912404686,62.760461912404686,62.760461912404686,62.760461912404686,42.56918877368531,46.86150743221586,32.36230250605788,62.760461912404686,62.760461912404686,62.760461912404686,62.760461912404686,62.760461912404686,62.760461912404686,62.760461912404686,56.22225255891442,62.760461912404686,62.76046191240469,62.760461912404686,62.760461912404686,60.60434188503848,62.760461912404686,62.760461912404686,59.48500504797673,62.760461912404686,62.760461912404686,62.760461912404686,61.62637102483586,62.760461912404686
topology_dysplasia_10_clean.csv,24.930062382449627,38.32373654388719,33.940130664982846,53.10556343155928,53.10556343155928,30.68161072132436,36.693139620630134,42.30632514895259,40.38176373534205,51.59055011675512,35.54597801569321,41.364747535298925,40.279525581316875,1.390946117007461e-308,25.76524039627985,41.53727763229077,40.38176373534205,41.948471659780466,53.10556343155928,34.20577874335685,53.10556343155928,53.10556343155928,45.43754896329385,50.739333287991855,53.10556343155929,47.0653535455691,21.72253261308934,53.10556343155928,43.68031730615074,40.38176373534205,40.38176373534205,35.77055806410381,36.84693007370536,51.79818065309224,45.32044684342689,40.022509604298776,23.69280685701768,21.267051234154078,20.67675303350201,38.35330804092081,53.10556343155928,53.10556343155928,41.204497555894044,52.07524387490575,41.371083060378076,53.10556343155928,50.85314282645085,23.37093947945037,51.44232931872233,41.22016020031214,53.10556343155928,53.10556343155928,53.10556343155928,53.10556343155928,19.205479466659853,53.10556343155928,39.06017821509485,53.10556343155928,48.16180216193766,44.61123231124818
topology_carcinoma_20_clean.csv,27.076652053900276,22.880789745715987,19.002002949011494,38.8470927473638,38.322263542381314,12.132171795308949,11.676921227970722,68.07156554523245,31.669558585620862,25.825309720475275,35.5459780156932,25.41748583738317,62.760461912404686,25.76524039627985,2.219255245450941e-308,15.772037236010917,24.48366034427579,56.9135475182255,33.08688733135549,18.850547378347002,27.43644848477024,32.79180113985542,31.37456962104795,26.74437113345037,37.039250990940886,72.83059394184895,42.57221705070811,32.96828019676965,29.945027579146,60.40358309787002,23.923282875780615,13.576778932957026,20.980178470596925,26.032940256812395,19.55520644714704,17.569087903263803,31.04890797709582,19.183258545380866,33.68246347153883,12.728897016282586,40.58733947082075,37.315553998855435,19.39213456920147,26.3100034786259,15.605842664098233,40.58733947082075,25.5646629176957,16.93166659814905,25.67708892244248,15.647120403286477,29.706716052909485,40.58733947082075,33.71246634556809,28.36787368050147,23.299867428684816,40.58733947082075,19.28099106160736,37.63741840092564,30.510420882112044,18.970650731872496
topology_dysplasia_11_clean.csv,24.473009214026135,17.87838981846731,17.50903114623116,23.075055511352886,22.550226306370405,12.25606204282456,8.096583546717412,73.91348446706051,31.669558585620862,19.175385133641868,35.54597801569321,24.921744230136632,62.760461912404686,41.53727763229077,15.772037236010917,6.276985926763175e-309,19.228923912292004,56.9135475182255,25.642182224130234,34.62258461435791,11.664411248759322,17.019763903844506,15.602532385037037,18.707912877906367,21.26721375492997,81.48609908711252,58.34425428671903,17.196242960758735,16.207226021922647,74.15479414395914,18.92088294853194,9.344393506468627,14.12559604075662,10.260903020801479,11.143616775271994,14.74610937559875,39.24761443992233,34.95529578139178,49.45450070754975,8.446625894943834,32.7632659765731,25.663471847021285,14.480530620008025,12.395980835504345,9.239267551753214,32.7632659765731,17.878315867323007,18.166338152840396,14.438770215169015,12.754258571945357,13.934678816898566,30.38511663534187,19.674942644342252,19.639572739833355,22.331798165630914,27.9542776968649,15.708440764802674,21.865381164914723,18.351239628830967,14.240094324481971
topology_ad_carcinoma_8_clean.csv,27.076652053900276,12.662114386539784,23.25055336344465,38.24610771261244,37.72127850762996,19.733003172800874,19.333653122147936,68.6725505799838,31.54776015174977,25.22432468572391,35.54597801569321,19.076053781863536,62.760461912404686,40.38176373534205,24.48366034427579,19.228923912292004,1.6434975120999007e-308,56.9135475182255,27.852824788004753,21.946248085269882,26.835463450018874,32.190816105104055,30.77358458629659,24.373107856960644,36.438265956189525,73.43157897660032,43.17320208545948,32.367295162018294,29.34404254439464,61.00456813262138,10.784924732438462,20.17085666552398,28.430027510272552,25.43195522206103,22.885605769519543,22.521973812982065,35.09343047631944,28.875449505274247,34.2834485062902,20.642401367927263,42.1729627794168,38.52483973960261,23.164366221144924,25.70901844387454,23.196044174448247,42.1729627794168,24.486917395419635,32.27726058168218,25.07610388769112,23.624571538787507,29.105731018158124,42.1729627794168,33.11148131081672,31.783543613316034,33.94163430638778,40.960472863297966,23.05322271355081,37.03643336617428,29.909435847360683,18.245006880216973
topology_carcinoma_13_clean.csv,56.9135475182255,56.9135475182255,56.9135475182255,56.9135475182255,56.9135475182255,56.9135475182255,56.9135475182255,37.82834873941063,43.84318873338589,56.9135475182255,30.79387406326086,56.9135475182255,20.597340213758624,41.948471659780466,56.9135475182255,56.9135475182255,56.9135475182255,1.0880334280455464e-308,56.9135475182255,48.863164677713314,56.9135475182255,56.9135475182255,56.9135475182255,56.9135475182255,56.9135475182255,44.02822125198539,44.76457690403866,49.236542226407785,56.9135475182255,41.792622209657566,56.9135475182255,56.9135475182255,56.9135475182255,56.9135475182255,56.27472729818502,56.9135475182255,44.2381348521489,48.53045351067945,34.03124858452148,56.9135475182255,56.9135475182255,56.9135475182255,56.9135475182255,56.9135475182255,56.9135475182255,56.9135475182255,56.9135475182255,56.9135475182255,56.9135475182255,56.9135475182255,56.9135475182255,53.1203089551653,56.9135475182255,56.9135475182255,56.9135475182255,56.9135475182255,56.9135475182255,56.9135475182255,56.9135475182255,56.9135475182255
topology_ad_carcinoma_4_clean.csv,33.75283713372936,21.300946917482605,26.596804586833464,12.625879597597034,13.237205236287828,24.032838957311597,23.500982792332795,73.91348446706051,43.65415411959808,17.056686733724362,35.54597801569321,27.714886312806357,62.760461912404686,53.10556343155928,33.08688733135549,25.642182224130234,27.852824788004753,56.9135475182255,1.0778138091713434e-308,40.92560494333103,20.390301103995824,17.533936765941014,17.368837705372414,9.64068773026591,10.382538835111902,81.48609908711252,66.72508846756872,14.168561036866222,15.610338542014304,74.15479414395914,19.415520997418554,27.06362954884538,29.30879425252334,21.807297401525883,25.993882846380302,23.871284697492,40.11432840686623,47.158899519579826,56.633768163613226,24.183413142289993,19.950696197367648,14.45033575166996,21.681979566824637,19.434166705790584,28.496562099080872,19.950696197367645,22.7205430120358,34.60990030841792,16.144493276823198,28.762152695830135,16.844831763222903,19.01183242344233,12.926201036389557,12.397746649883727,35.01357075237611,15.010910725199174,18.16740809191677,15.202277386279924,18.351239628830964,20.384198427037802
topology_carcinoma_9_clean.csv,24.62939624820372,27.705823052276926,27.025437647049998,40.92560494333103,40.92560494333103,23.7175989476696,29.778446602697286,49.221018166885436,31.66955858562086,40.92560494333103,35.54597801569321,34.450054517366084,47.19421859924972,34.20577874335685,18.850547378347002,34.62258461435791,21.946248085269882,48.863164677713314,40.92560494333103,6.91324206557556e-309,40.92560494333103,40.92560494333103,38.522855945360995,40.92560494333103,40.92560494333104,53.98004656350196,27.877297376114274,40.92560494333103,26.23509334762709,41.553035719523024,27.88883620368456,28.855865046170962,29.932237055772518,40.92560494333103,38.405753825494045,33.10781658636593,31.048907977095823,20.57314517642756,17.27732345923818,31.43861502298796,36.74437094821589,40.92560494333103,34.289804537961196,40.92560494333103,34.45639004244523,40.92560494333103,40.92560494333103,23.974956252835494,40.92560494333104,34.30546718237929,40.92560494333103,40.92560494333103,40.92560494333103,40.92560494333103,27.73944733216159,40.92560494333103,32.145485197162,37.0983809005766,30.716578203414006,37.69653929331534
topology_ad_carcinoma_12_clean.csv,32.73547579574348,18.581172810840314,19.261558216067243,12.315751930476637,12.195176730460261,22.569396915447637,16.508549260419954,73.91348446706051,42.636792781612215,11.729038637401741,35.54597801569321,18.183089148946916,62.760461912404686,53.10556343155928,27.43644848477024,11.664411248759322,26.835463450018874,56.9135475182255,20.390301103995824,40.92560494333103,5.8198057234764e-309,9.752260548362827,12.673031412230301,17.900639793796085,18.832052028608118,81.48609908711252,66.72508846756872,12.799149498877313,15.610338542014304,74.15479414395914,18.39815965943268,17.43113081694628,16.354758807344723,9.702654292053175,11.143616775271994,15.91094763300127,40.11432840686623,46.619707030151105,56.633768163613226,14.84838084012928,25.709895545668275,19.613344784360564,13.499920313085155,11.97324369800338,11.830605820672005,23.333386616771364,16.027278828896183,29.830749401599718,15.47689584034157,15.22864254145145,11.421876207005525,19.270376800149762,15.420017983196388,14.473657015599327,33.996209414390236,19.49326070429731,14.141510665955236,14.06232072467455,18.351239628830964,10.925614919838495
topology_carcinoma_4_clean.csv,36.15540872295049,23.9365254659255,24.616910871152427,7.1480054472837224,11.497507757723952,27.924749570532825,21.86390191550514,73.91348446706051,43.84318873338588,12.851772828682826,35.54597801569321,17.5395642441843,62.760461912404686,53.10556343155928,32.79180113985542,17.019763903844506,32.190816105104055,56.9135475182255,17.533936765941014,40.92560494333103,9.752260548362827,1.918476742450678e-308,12.748566341141752,14.4393072935543,18.28448617415288,81.48609908711252,66.72508846756872,12.799149498877313,15.610338542014302,74.15479414395914,23.753512314517863,22.78648347203146,21.710111462429904,9.40310445088781,16.544742176449773,22.44662543844384,40.11432840686623,47.158899519579826,56.633768163613226,20.203733495214465,24.478020566285736,15.709628111556526,19.965297899986858,9.258844637168536,17.629097531310048,19.7163781552155,14.365229666724487,34.60990030841792,16.415636978945557,18.586830627208087,5.968760159910672,13.365352731497365,12.421292423570307,12.088642887682113,39.35156206947542,15.52196472751131,19.85415439239274,9.346992968173437,18.351239628830967,13.945809224887084
topology_ad_carcinoma_15_clean.csv,27.076652053900276,22.51929394711803,15.873181712249732,12.748566341141753,12.748566341141753,19.497302483096345,20.446670396697666,73.91348446706051,34.872652863855976,11.128369803369836,35.54597801569321,17.06789816442526,62.760461912404686,45.43754896329385,31.37456962104795,15.602532385037037,30.77358458629659,56.9135475182255,17.368837705372414,38.522855945360995,12.673031412230301,12.748566341141752,1.359140543682595e-308,13.8635629040294,17.84793347605001,81.48609908711252,62.24452561772212,12.799149498877311,14.127416490354605,74.15479414395914,22.336280795710394,21.36925195322399,20.292879943622438,12.6730314122303,12.673031412230301,16.165651155701667,40.11432840686623,38.85556711239486,53.35477203855284,18.786501976406996,22.64797418472041,17.613186227842135,12.237339709203823,12.748566341141753,15.76872695694972,19.77901692305432,14.190830850996267,22.06660948384348,13.015901342906012,15.919649817015666,12.748566341141752,14.782584250304836,12.748566341141753,12.673031412230301,30.607832910572725,15.532234570895938,12.348483216797938,12.748566341141752,18.351239628830967,12.748566341141753
topology_ad_carcinoma_5_clean.csv,30.273120202685245,16.118817217782077,26.234001486580567,13.872999855651798,13.38441073312947,20.228990208910744,18.017597324249138,73.91348446706051,40.17443718855398,15.048866375507657,35.54597801569321,20.780616966582482,62.760461912404686,50.739333287991855,26.74437113345037,18.707912877906367,24.373107856960644,56.9135475182255,9.64068773026591,40.92560494333103,17.900639793796085,14.4393072935543,13.8635629040294,9.03785541528497e-309,12.065158099228881,81.48609908711252,66.72508846756872,12.799149498877313,15.610338542014302,74.15479414395914,15.935804066374445,20.615961253853172,28.430027510272552,19.494699783017452,22.15360125406225,22.52197381298207,40.11432840686623,44.15735143709286,56.633768163613226,20.382909950206752,24.074462291267594,14.474238393331888,17.841697974506584,14.434211377160324,22.829444704520498,23.871796548959082,16.34487320501203,31.545256066224894,15.028714395477166,23.98891970632053,14.7862298398635,21.183060979640786,10.97941413333379,12.397746649883729,33.94163430638778,19.77872598195495,14.536626891816608,12.663325509213635,18.351239628830967,14.61381617546425
topology_ad_dysplasia_8_clean.csv,36.1554087229505,28.18397531701096,27.807323887111494,16.302907052832374,15.149190263366236,31.461967327269974,26.1113517665906,73.91348446706053,43.84318873338589,13.4822568726835,35.54597801569321,21.439743851921804,62.76046191240469,53.10556343155929,37.039250990940886,21.26721375492997,36.438265956189525,56.9135475182255,10.382538835111902,40.92560494333104,18.832052028608118,18.28448617415288,17.84793347605001,12.065158099228881,9.190440164027157e-309,81.48609908711254,66.72508846756872,16.113960505906626,16.119426063288245,74.15479414395915,28.000962165603326,27.033933323116926,27.204345385125947,20.525744312724584,22.77092768963712,22.071749688573647,40.114328406866235,47.15889951957983,56.633768163613226,24.451183346299928,20.153027340663684,10.790484074156964,20.88976173697837,18.906789942329794,23.72455592886972,13.137369595050622,12.338004176923903,34.60990030841792,11.366608833971881,22.601749059027874,18.239115539572758,13.137369595050622,9.534973600949918,13.28969504143393,41.596923909027,9.969698688749894,23.03408107777757,16.62602008117068,18.351239628830967,18.428538589707827
topology_dysplasia_7_clean.csv,67.53156663087572,81.48609908711252,81.00548421055194,81.48609908711252,81.48609908711252,77.69764551117156,81.48609908711252,42.858209784582655,56.1959366780712,81.48609908711252,74.82209531524626,81.48609908711252,30.665446385163428,47.0653535455691,72.83059394184895,81.48609908711252,73.43157897660032,44.02822125198539,81.48609908711252,53.98004656350196,81.48609908711252,81.48609908711252,81.48609908711252,81.48609908711252,81.48609908711254,6.92457767690582e-309,30.25837689114084,81.48609908711252,78.37548601850834,12.427010843978934,81.48609908711252,81.48609908711252,81.48609908711252,81.48609908711252,81.48609908711252,81.48609908711252,49.35501673793755,53.647335396468094,39.14813047031012,81.48609908711252,79.50632012732606,81.48609908711252,81.48609908711252,81.48609908711252,81.48609908711252,81.48609908711252,81.48609908711252,70.43629302501948,81.48609908711254,81.48609908711252,81.48609908711252,78.97209189097414,81.48609908711252,81.48609908711252,66.27083301222896,81.48609908711252,81.48609908711252,80.03888961324054,68.4121989890881,81.48609908711252
topology_carcinoma_17_clean.csv,37.27318973973487,51.42749272463804,50.747107319411114,66.72508846756872,66.72508846756872,47.43926862003072,53.500116275058396,40.61195489449021,31.669558585620862,66.72508846756872,46.89804594052604,58.1717241897272,31.40180203721669,21.72253261308934,42.57221705070811,58.34425428671903,43.17320208545948,44.76457690403866,66.72508846756872,27.877297376114274,66.72508846756872,66.72508846756872,62.24452561772212,66.72508846756872,66.72508846756872,30.25837689114084,1.142201430478177e-308,66.37033982170642,54.11239072374137,19.234416673992424,51.61050587604568,52.57753471853208,53.65390672813363,66.72508846756872,62.12742349785516,56.829486258727044,34.1248802746083,23.388958505327253,11.292887028741731,55.16028469534908,64.62166832433016,66.72508846756872,58.01147421032232,66.72508846756872,58.17805971480635,66.72508846756872,66.72508846756872,40.17791613387864,66.72508846756872,58.027136854740405,66.72508846756872,66.72508846756872,66.72508846756872,66.72508846756872,36.01245612108812,66.72508846756872,55.86715486952311,64.97567827669089,58.59387557952829,61.41820896567645
topology_dysplasia_19_clean.csv,36.15540872295049,24.11300452283973,24.79338992806666,12.799149498877313,12.799149498877313,28.101228627447057,22.040380972419367,73.91348446706051,43.84318873338588,12.799149498877313,28.642451306951727,17.368773057750573,62.59931709322976,53.10556343155928,32.96828019676965,17.196242960758735,32.367295162018294,49.236542226407785,14.168561036866222,40.92560494333103,12.799149498877313,12.799149498877313,12.799149498877311,12.799149498877313,16.113960505906626,81.48609908711252,66.37033982170642,1.8060443862438156e-308,15.610338542014304,74.15479414395914,23.929991371432095,22.962962528945695,21.88659051934414,12.799149498877313,16.00144934975475,20.42730758703318,40.11432840686623,47.158899519579826,56.633768163613226,20.380212552128693,24.294417524180965,13.873452619314989,19.245319635437905,12.799149498877311,18.43328308212392,17.903788711902905,14.168561036866222,34.60990030841792,13.440080122925366,17.51336039273737,12.799149498877313,14.16856103686622,12.799149498877313,12.799149498877311,39.528041126389645,12.799149498877313,19.67334237795465,12.799149498877313,18.351239628830964,14.122288281801318
topology_carcinoma_5_clean.csv,30.246220974239755,21.089751905216076,21.770137310443005,15.610338542014304,15.610338542014304,25.077976009823402,19.017128354795712,73.61645762189184,35.72046400924181,15.610338542014304,35.54597801569321,18.27993011059877,62.760461912404686,43.68031730615074,29.945027579146,16.207226021922647,29.34404254439464,56.9135475182255,15.610338542014304,26.23509334762709,15.610338542014304,15.610338542014302,14.127416490354605,15.610338542014302,16.119426063288245,78.37548601850834,54.11239072374137,15.610338542014304,8.77715293888915e-309,65.94847517452942,20.90673875380844,19.93970991132204,21.031322874461452,15.610338542014302,16.55892664417271,22.391780397364613,31.04890797709582,38.36897133309081,42.81950369499964,17.356959934505042,25.723914508951914,15.610338542014302,19.610312224609793,15.610338542014302,17.418703757973617,18.900861861525087,15.610338542014304,30.059930539318373,15.610338542014304,19.32719649362255,15.610338542014304,16.21212629220679,15.610338542014302,15.610338542014304,36.504788508766,15.798066907300337,19.499168717015678,10.863287552949515,9.963287029420256,15.610338542014304
topology_dysplasia_8_clean.csv,55.10455578689678,69.25885877179994,68.57847336657301,74.15479414395914,74.15479414395914,65.27063466719261,71.33148232222031,40.61195489449021,45.20323880102804,72.5639685996675,64.72941198768794,74.15479414395914,28.42984734283559,40.38176373534205,60.40358309787002,74.15479414395914,61.00456813262138,41.792622209657566,74.15479414395914,41.553035719523024,74.15479414395914,74.15479414395914,74.15479414395914,74.15479414395914,74.15479414395915,12.427010843978934,19.234416673992424,74.15479414395914,65.94847517452942,1.0401648231627773e-308,69.44187192320757,70.40890076569399,71.48527277529553,74.15479414395914,74.15479414395914,74.15479414395914,36.928005893958606,41.22032455248916,26.721119626331188,72.99165074251098,67.07930928334714,74.15479414395914,74.15479414395914,74.15479414395914,74.15479414395914,74.15479414395914,74.15479414395914,58.00928218104055,74.15479414395915,74.15479414395914,74.15479414395914,74.15479414395914,74.15479414395914,74.15479414395914,53.84382216825002,74.15479414395914,73.69852091668503,67.61187876926161,55.98518814510916,74.15479414395914
topology_carcinoma_7_clean.csv,27.076652053900276,16.6621893365598,22.46703014093542,29.80880392202624,29.28397471704376,17.910102532648736,17.22376992858002,73.91348446706051,31.669558585620862,16.787020895137715,35.54597801569321,16.03040818221956,62.760461912404686,40.38176373534205,23.923282875780615,18.92088294853194,10.784924732438462,56.9135475182255,19.415520997418554,27.88883620368456,18.39815965943268,23.753512314517863,22.336280795710394,15.935804066374445,28.000962165603326,81.48609908711252,51.61050587604568,23.929991371432095,20.90673875380844,69.44187192320757,1.127292609071036e-308,18.066552673835343,26.22472388524089,16.994651431474836,22.577564805759476,21.86669810360108,32.51386602924897,28.56740854151418,42.7207522968764,16.206676048642365,38.424918699146765,30.41004245970633,20.684710152005803,17.27171465328834,22.888003210688183,38.424918699146765,16.04961360483344,31.96921961792212,16.813172860719604,21.487871798612346,20.66842722757192,37.11886504601523,24.67417752023053,26.373321150506708,33.94163430638778,32.54383473133886,22.829029492805006,28.59912957558808,21.472132056774484,14.261462002374941
topology_carcinoma_19_clean.csv,27.076652053900276,17.02405954377072,15.444798704120934,28.841775079539843,28.316945874557362,12.96423682475374,9.02651889559189,73.91348446706051,31.669558585620862,15.819992052651315,35.54597801569321,20.935002573900206,62.760461912404686,35.77055806410381,13.576778932957026,9.344393506468627,20.17085666552398,56.9135475182255,27.06362954884538,28.855865046170962,17.43113081694628,22.78648347203146,21.36925195322399,20.615961253853172,27.033933323116926,81.48609908711252,52.57753471853208,22.962962528945695,19.93970991132204,70.40890076569399,18.066552673835343,1.827914782407027e-308,13.521257585313746,16.027622588988436,11.143616775271992,14.135778762718346,33.48089487173537,29.188576213204826,43.6877811393628,10.23890555401573,35.441697096873064,29.443013617219933,16.121148207558207,16.304685810801942,11.143378201792913,35.441697096873064,20.525176700506304,17.172779647735624,19.64232465851152,9.25034184064421,19.701398385085522,35.441697096873064,23.70714867774413,25.406292308020312,19.86282266669151,31.556140230225367,18.99502398153595,27.63210073310168,20.50510321428808,15.602766471616548
topology_ad_carcinoma_11_clean.csv,20.69463487173887,25.37918365327242,13.998380790301027,27.765403069938284,27.240573864955806,15.49311792327198,19.76577820974814,73.91348446706051,31.669558585620862,21.349453725224308,35.54597801569321,27.536177479383944,62.760461912404686,36.84693007370536,20.980178470596925,14.12559604075662,28.430027510272552,56.9135475182255,29.30879425252334,29.932237055772518,16.354758807344723,21.710111462429904,20.292879943622438,28.430027510272552,27.204345385125947,81.48609908711252,53.65390672813363,21.88659051934414,21.031322874461452,71.48527277529553,26.22472388524089,13.521257585313746,6.23891635126487e-309,14.95125057938688,18.58601099728901,14.473915410448932,34.55726688133693,30.264948222806378,44.76415314896435,14.458514913897005,30.541307373495805,28.41582445975014,18.23250691611797,20.980178470596922,17.536780465496335,30.489208097280677,27.340698334808224,13.475990594254995,22.570938439480592,10.367145872300169,20.980178470596925,30.48920809728068,25.799365080463986,23.967321743556496,17.641450607045513,30.47976822062381,19.55202036801971,26.55572872350012,20.980178470596925,23.932199964431902
