,carcinoma_FA_HN15_1_mieloides.csv,dysplasia_FA_HN11A_4_mieloides.csv,stroma_ad_carcinoma_FA_HN14_1_mieloides.csv,dysplasia_FA_HN15_1_mieloides.csv,stroma_ad_dysplasia_FA_HN11A_3_mieloides.csv,stroma_ad_carcinoma_FA_HN15_2_mieloides.csv,carcinoma_FA_HN14_4_mieloides.csv,stroma_ad_carcinoma_FA_HN11A_2_mieloides.csv,carcinoma_FA_HN11A_5_mieloides.csv,dysplasia_FA_HN11A_2_mieloides.csv,stroma_ad_dysplasia_FA_HN15_1_mieloides.csv,stroma_ad_carcinoma_FA_HN14_4_mieloides.csv,stroma_ad_dysplasia_FA_HN14_1_mieloides.csv,carcinoma_FA_HN11A_1_mieloides.csv,stroma_ad_carcinoma_FA_HN14_2_mieloides.csv,carcinoma_FA_HN14_2_mieloides.csv,carcinoma_FA_HN11A_3_mieloides.csv,dysplasia_FA_HN15_5_mieloides.csv,stroma_ad_carcinoma_FA_HN15_1_mieloides.csv,stroma_ad_dysplasia_FA_HN11A_1_mieloides.csv,stroma_ad_dysplasia_FA_HN15_3_mieloides.csv,dysplasia_FA_HN15_2_mieloides.csv,stroma_ad_dysplasia_FA_HN11A_2_mieloides.csv,stroma_ad_dysplasia_FA_HN14_3_mieloides.csv,stroma_ad_dysplasia_FA_HN15_4_mieloides.csv,stroma_ad_carcinoma_FA_HN11A_1_mieloides.csv,dysplasia_FA_HN11A_1_mieloides.csv,carcinoma_FA_HN15_2_mieloides.csv,stroma_ad_dysplasia_FA_HN14_2_mieloides.csv,stroma_ad_carcinoma_FA_HN14_5_mieloides.csv,stroma_ad_dysplasia_FA_HN14_4_mieloides.csv,dysplasia_FA_HN14_2_mieloides.csv,dysplasia_FA_HN15_3_mieloides.csv,stroma_ad_carcinoma_FA_HN15_3_mieloides.csv,stroma_ad_dysplasia_FA_HN11A_4_mieloides.csv,dysplasia_FA_HN14_1_mieloides.csv,stroma_ad_dysplasia_FA_HN11A_5_mieloides.csv,carcinoma_FA_HN11A_4_mieloides.csv,stroma_ad_dysplasia_FA_HN15_2_mieloides.csv,dysplasia_FA_HN11A_3_mieloides.csv,carcinoma_FA_HN14_3_mieloides.csv,dysplasia_FA_HN11A_5_mieloides.csv,stroma_ad_carcinoma_FA_HN15_4_mieloides.csv,stroma_ad_carcinoma_FA_HN14_3_mieloides.csv,carcinoma_FA_HN14_1_mieloides.csv,carcinoma_FA_HN11A_2_mieloides.csv,stroma_ad_dysplasia_FA_HN15_5_mieloides.csv
carcinoma_FA_HN15_1_mieloides.csv,9.272547326332705e-309,52.93960915351582,59.63492263065743,51.29261447925856,57.32192304162399,40.85888377703402,65.9729903564155,57.702722614262456,37.39540822676909,33.59455573535753,59.63492263065743,35.56612183872866,51.47626826801198,37.14915908773611,59.63492263065743,41.390677966789696,59.63492263065743,46.199900990245766,59.63492263065743,38.46801194306039,32.62884213193658,57.89639191603973,59.63492263065743,50.40139524392083,59.63492263065743,59.63492263065743,42.57979028277512,39.0387759375175,40.93484723224816,41.779694855207254,44.64627301414525,59.63492263065743,79.05511410709434,39.87676669062829,32.64545966515465,54.594257620674824,58.424929016809784,29.116238463610415,41.99708801395067,39.80792395393229,56.03805274044862,52.7084602786847,49.360080465704414,59.63492263065743,25.4860864939766,102.26773680109929,59.63492263065743
dysplasia_FA_HN11A_4_mieloides.csv,52.93960915351582,7.82298767541068e-309,40.78249625118518,40.78249625118518,40.78249625118518,42.1893202817981,59.29319271505496,40.782496251185194,40.78249625118518,45.03087095896508,40.78249625118518,40.782496251185194,40.782496251185194,40.782496251185194,40.78249625118518,50.633279792763176,23.015620523059866,40.78249625118518,40.78249625118518,40.782496251185194,27.774599768972195,40.78249625118518,40.78249625118518,50.40139524392083,40.78249625118518,40.78249625118518,41.960270577704506,65.345099230745,40.78249625118518,40.78249625118518,53.74297148083433,40.66998810622212,45.344086537775524,40.782496251185194,40.782496251185194,53.177362015552234,40.78249625118518,49.05581712206747,40.78249625118518,40.782496251185194,34.1615398725835,40.782496251185194,43.46518786370157,40.78249625118518,40.782496251185194,67.59254591731175,40.78249625118518
stroma_ad_carcinoma_FA_HN14_1_mieloides.csv,59.63492263065743,40.78249625118518,1.6277402298674686e-308,25.149286516647052,19.119977954281623,53.478673158057305,73.64236827395362,36.690715447516695,37.39540822676909,57.99211587481091,19.371032299180357,39.47287973330006,29.518966192131373,38.69847941783601,19.371032299180357,55.20922569516847,40.45894452249638,26.402728648960455,20.813216745521956,37.97388905284522,46.624831948343044,17.26490495655507,18.917654146190173,51.41872900975649,20.71249907374822,21.808113247163277,42.57979028277512,72.98875828582459,40.74332405454311,28.70185231746106,59.045139007852555,28.234044116389313,79.05511410709434,46.23305868345989,49.417941862950315,53.177362015552234,19.371032299180357,54.94487013100249,31.13046038495203,38.23870307815923,56.038052740448606,34.811699769841354,40.26986548242182,17.994247334593084,50.637401366574224,102.26773680109929,19.81916146782997
dysplasia_FA_HN15_1_mieloides.csv,51.29261447925856,40.78249625118518,25.149286516647052,2.1906124957228936e-308,18.28748126193183,47.14697923642572,73.64236827395362,20.257239187579287,37.39540822676909,57.99211587481091,40.250059015561945,26.423037641843806,20.011469633260575,25.7071116963682,27.749841079434674,55.20922569516847,40.45894452249638,40.250059015561945,12.847800267517044,22.55026366388904,35.27872575832862,23.197183277949364,23.942925950347856,51.41872900975649,40.250059015561945,36.48273466306597,42.57979028277512,72.98875828582459,26.87070313974735,26.618500820445547,59.045139007852555,38.01915480145976,79.05511410709434,46.23305868345989,49.417941862950315,53.177362015552234,33.91646729986999,52.50293689950334,27.534723726527716,38.23870307815923,56.038052740448606,20.20305426387081,24.743490690349645,24.88671554616279,35.56794608735984,102.26773680109929,37.93894287298609
stroma_ad_dysplasia_FA_HN11A_3_mieloides.csv,57.32192304162399,40.78249625118518,19.119977954281623,18.28748126193183,8.317647527820906e-309,47.14697923642572,73.64236827395362,23.239091216142356,37.39540822676909,57.99211587481091,28.373950334792553,28.497788202541642,19.142234318904556,27.58369796827327,21.720532517069245,55.20922569516847,40.45894452249638,28.373950334792553,16.889068319062012,33.23562778609046,32.62884213193658,18.982086833718157,19.607934753825987,51.41872900975649,28.373950334792553,28.373950334792553,42.57979028277512,72.98875828582459,27.024021918820893,19.256286167201523,59.045139007852555,38.20167756699334,79.05511410709434,46.23305868345989,49.417941862950315,53.177362015552234,28.373950334792553,54.94487013100249,15.980950039410132,38.23870307815923,56.038052740448606,28.373950334792553,30.417327498931655,19.108389217650327,41.59725464972527,102.26773680109929,28.373950334792553
stroma_ad_carcinoma_FA_HN15_2_mieloides.csv,40.85888377703402,42.1893202817981,53.478673158057305,47.14697923642572,47.14697923642572,1.057988931959706e-308,50.0899933678449,47.14697923642572,22.07146567584965,45.97362663000811,53.478673158057305,47.14697923642572,47.14697923642572,47.14697923642572,53.478673158057305,41.390677966789696,53.478673158057305,47.14697923642572,47.14697923642572,47.14697923642572,38.432494313795544,41.897491091903504,53.478673158057305,50.40139524392083,53.478673158057305,53.478673158057305,36.00130528742989,28.527779149850858,37.10521223686402,47.14697923642572,42.564407071729576,52.773717886005414,74.86459121140581,25.326680500722773,40.98515836199303,53.478673158057305,47.14697923642572,37.07645084997847,47.14697923642572,32.86634883737787,53.47867315805732,47.14697923642572,47.14697923642572,53.478673158057305,38.58850964076635,99.04137721987945,53.478673158057305
carcinoma_FA_HN14_4_mieloides.csv,65.9729903564155,59.29319271505496,73.64236827395362,73.64236827395362,73.64236827395362,50.0899933678449,1.823172157796312e-308,73.64236827395362,55.664700492020216,48.71653165319012,73.64236827395362,73.64236827395362,73.64236827395362,73.64236827395362,73.64236827395362,41.646033856879825,73.64236827395362,73.64236827395362,73.64236827395362,73.64236827395362,49.14326606914268,69.52986775560788,73.64236827395362,50.40139524392083,73.64236827395362,73.64236827395362,50.319043071938495,36.73517284961957,73.64236827395362,73.64236827395362,27.210225579345348,47.096539436704035,33.560560360342095,52.899951560182274,58.20015034227606,73.64236827395362,73.64236827395362,64.76266793617071,70.08324702442707,59.7753614883689,34.87553795848312,73.64236827395362,73.64236827395362,73.64236827395362,73.64236827395362,50.48495525881307,73.64236827395362
stroma_ad_carcinoma_FA_HN11A_2_mieloides.csv,57.702722614262456,40.782496251185194,36.690715447516695,20.257239187579287,23.239091216142356,47.14697923642572,73.64236827395362,1.370659233807192e-308,37.39540822676909,57.99211587481091,38.60736059408548,30.288516258125135,13.411497901526062,25.7071116963682,24.28211925263308,55.20922569516847,40.45894452249638,47.173624541849634,17.277137784569575,30.306896119117823,32.62884213193658,22.15025329332444,28.065189378597694,51.41872900975649,47.173624541849634,36.909149887894614,42.57979028277512,72.98875828582459,32.29685036468655,29.536246166574728,59.045139007852555,47.173624541849634,79.05511410709434,46.2330586834599,49.417941862950315,53.177362015552234,30.306896119117823,54.94487013100249,27.921411068579033,38.23870307815923,56.038052740448606,19.60539817042013,17.882514393444907,30.306896119117823,41.97805422236374,102.26773680109929,36.1965725924658
carcinoma_FA_HN11A_5_mieloides.csv,37.39540822676909,40.78249625118518,37.39540822676909,37.39540822676909,37.39540822676909,22.07146567584965,55.664700492020216,37.39540822676909,1.2417163697588153e-308,34.24524645725354,37.39540822676909,37.39540822676909,37.39540822676909,37.39540822676909,37.39540822676909,41.390677966789696,40.45894452249638,37.39540822676909,37.39540822676909,37.39540822676909,32.314046466793855,24.21789351909564,37.39540822676909,50.40139524392083,37.39540822676909,37.39540822676909,24.139715333569598,42.45621404498878,32.607709382196035,37.39540822676909,35.5944582808111,34.62345284442975,79.05511410709434,24.359965202772457,26.580517122618303,53.177362015552234,37.39540822676909,37.39540822676909,37.39540822676909,25.414997162822047,55.33160738349332,37.39540822676909,37.39540822676909,37.39540822676909,30.829258934685384,102.26773680109929,37.39540822676909
dysplasia_FA_HN11A_2_mieloides.csv,33.59455573535753,45.03087095896508,57.99211587481091,57.99211587481091,57.99211587481091,45.97362663000811,48.71653165319012,57.99211587481091,34.24524645725354,6.60473682196594e-309,57.99211587481091,52.82258054195404,57.99211587481091,54.405617790961486,57.99211587481091,41.390677966789696,57.99211587481091,47.33227674285132,57.99211587481091,55.724470646285766,44.19580679206595,51.82980371337929,57.99211587481091,50.40139524392083,57.99211587481091,57.99211587481091,38.06442551581364,36.73517284961957,38.4786739515188,57.99211587481091,27.210225579345348,57.99211587481091,73.49112949675103,28.463528583244482,40.97286088514491,53.17736201555226,57.99211587481091,20.356712374351787,57.99211587481091,31.37142448172699,52.291564813387836,57.99211587481091,57.99211587481091,57.99211587481091,32.981127095124094,97.66791550522467,57.99211587481091
stroma_ad_dysplasia_FA_HN15_1_mieloides.csv,59.63492263065743,40.78249625118518,19.371032299180357,40.250059015561945,28.373950334792553,53.478673158057305,73.64236827395362,38.60736059408548,37.39540822676909,57.99211587481091,7.352869741167086e-309,41.4395420981357,32.23165356091381,43.55340042411912,28.165426496698544,55.20922569516847,40.45894452249638,26.402728648960462,27.9271178101189,54.41871977711958,46.624831948343044,26.520641328986088,29.221109017714326,51.41872900975649,15.414169089001888,18.32832651759044,42.57979028277512,72.98875828582459,40.74332405454311,30.360380699924917,59.045139007852555,28.234044116389327,79.05511410709434,46.23305868345989,49.417941862950315,53.177362015552234,19.06593341454851,54.94487013100249,31.13046038495203,38.23870307815923,56.038052740448606,43.601622929663236,45.60976244212411,25.931514621200385,50.637401366574224,102.26773680109929,15.980703576805354
stroma_ad_carcinoma_FA_HN14_4_mieloides.csv,35.56612183872866,40.782496251185194,39.47287973330006,26.423037641843806,28.497788202541642,47.14697923642572,73.64236827395362,30.288516258125135,37.39540822676909,52.82258054195404,41.4395420981357,9.64457103700885e-309,33.18262906955735,14.843656291538323,39.47287973330006,55.20922569516847,40.45894452249638,41.4395420981357,27.52457478389894,32.79357019197076,32.62884213193658,32.61235225245733,39.47287973330006,51.41872900975649,41.4395420981357,39.47287973330006,42.57979028277512,72.98875828582459,21.967050756635018,22.892347586789867,59.045139007852555,41.4395420981357,79.05511410709434,46.23305868345989,43.338961852868096,53.177362015552234,32.765056151265384,36.77644425897344,32.73235750137738,38.23870307815923,56.038052740448606,28.302060590816623,29.975269904811952,39.47287973330006,25.90220768590379,102.26773680109929,39.47287973330006
stroma_ad_dysplasia_FA_HN14_1_mieloides.csv,51.47626826801198,40.782496251185194,29.518966192131373,20.011469633260575,19.142234318904556,47.14697923642572,73.64236827395362,13.411497901526062,37.39540822676909,57.99211587481091,32.23165356091381,33.18262906955735,8.955592246569407e-309,26.49719204592474,20.610105348112782,55.20922569516847,40.45894452249638,39.88191355309681,17.935765429591164,27.17784103041791,38.706504884637724,20.185646709384194,17.0730155755182,51.41872900975649,40.068482099524076,32.23165356091381,42.57979028277512,72.98875828582459,33.48528516082523,30.46086102316935,59.045139007852555,43.249143654202314,79.05511410709434,46.23305868345989,49.417941862950315,53.177362015552234,24.8008438746067,51.70666118876676,25.958744712790647,38.23870307815923,56.038052740448606,13.411497901526062,27.026765261216283,23.892654562864692,38.70020705398309,102.26773680109929,32.23165356091381
carcinoma_FA_HN11A_1_mieloides.csv,37.14915908773611,40.782496251185194,38.69847941783601,25.7071116963682,27.58369796827327,47.14697923642572,73.64236827395362,25.7071116963682,37.39540822676909,54.405617790961486,43.55340042411912,14.843656291538323,26.49719204592474,8.29387657632566e-309,39.67186189829985,55.20922569516847,40.45894452249638,43.55340042411912,25.7071116963682,20.828056988667925,32.62884213193658,28.807880430792608,35.864946769213034,51.41872900975649,43.55340042411912,42.29701101280119,42.57979028277512,72.98875828582459,21.052960522366647,22.422370471143807,59.045139007852555,38.69847941783601,79.05511410709434,46.23305868345989,44.92199910187554,53.177362015552234,41.048691460143175,38.35948150798089,29.349002994304215,38.23870307815923,56.038052740448606,26.992724247398655,19.527290138354502,38.69847941783601,23.645925268494665,102.26773680109929,43.55340042411912
stroma_ad_carcinoma_FA_HN14_2_mieloides.csv,59.63492263065743,40.78249625118518,19.371032299180357,27.749841079434674,21.720532517069245,53.478673158057305,73.64236827395362,24.28211925263308,37.39540822676909,57.99211587481091,28.165426496698544,39.47287973330006,20.610105348112782,39.67186189829985,7.861479632990636e-309,55.20922569516847,40.45894452249638,28.165426496698544,22.11748661981136,40.574443615632845,46.624831948343044,20.64598135013088,17.677401499107653,51.41872900975649,28.165426496698544,28.165426496698544,42.57979028277512,72.98875828582459,40.74332405454311,28.70185231746106,59.045139007852555,33.34282863732517,79.05511410709434,46.23305868345989,49.417941862950315,53.177362015552234,13.501887015839344,54.94487013100249,31.13046038495203,38.23870307815923,56.038052740448606,26.333995280008537,27.98297443328798,14.709646811472581,50.637401366574224,102.26773680109929,28.165426496698544
carcinoma_FA_HN14_2_mieloides.csv,41.390677966789696,50.633279792763176,55.20922569516847,55.20922569516847,55.20922569516847,41.390677966789696,41.646033856879825,55.20922569516847,41.390677966789696,41.390677966789696,55.20922569516847,55.20922569516847,55.20922569516847,55.20922569516847,55.20922569516847,9.966663042541244e-309,55.20922569516847,54.40277453916161,55.20922569516847,55.20922569516847,46.113027720316,41.390677966789696,55.20922569516847,50.40139524392083,55.20922569516847,55.20922569516847,36.17153490888788,41.390677966789696,45.54917174782909,55.20922569516847,41.390677966789696,48.49985757773412,41.30033063858241,41.390677966789696,41.390677966789696,55.20922569516847,55.20922569516847,41.390677966789696,55.20922569516847,41.390677966789696,41.31294074835293,55.20922569516847,55.20922569516847,55.20922569516847,41.390677966789696,65.47711664705605,55.20922569516847
carcinoma_FA_HN11A_3_mieloides.csv,59.63492263065743,23.015620523059866,40.45894452249638,40.45894452249638,40.45894452249638,53.478673158057305,73.64236827395362,40.45894452249638,40.45894452249638,57.99211587481091,40.45894452249638,40.45894452249638,40.45894452249638,40.45894452249638,40.45894452249638,55.20922569516847,1.4496126299373285e-308,40.45894452249638,40.45894452249638,44.168067744248916,46.624831948343044,40.45894452249638,40.45894452249638,51.41872900975649,40.45894452249638,40.45894452249638,42.57979028277512,72.98875828582459,40.74332405454311,40.45894452249638,59.045139007852555,40.45894452249638,67.11549444073765,46.23305868345989,49.417941862950315,53.177362015552234,40.45894452249638,54.94487013100249,40.45894452249638,40.45894452249638,46.18906265953396,40.45894452249638,40.45894452249638,40.45894452249638,50.637401366574224,89.36395382027388,40.45894452249638
dysplasia_FA_HN15_5_mieloides.csv,46.199900990245766,40.78249625118518,26.402728648960455,40.250059015561945,28.373950334792553,47.14697923642572,73.64236827395362,47.173624541849634,37.39540822676909,47.33227674285132,26.402728648960462,41.4395420981357,39.88191355309681,43.55340042411912,28.165426496698544,54.40277453916161,40.45894452249638,1.365519029365992e-308,30.729299904354,54.41871977711958,38.4972292637798,26.52064132898608,29.221109017714326,50.40139524392083,26.402728648960455,26.402728648960462,42.57979028277512,69.11459397714344,31.11669014207692,30.36038069992491,59.045139007852555,28.234044116389313,79.05511410709434,43.14885683585916,40.97286088514491,53.177362015552234,26.402728648960462,31.286140459870722,21.37673344630788,36.273446907672536,56.038052740448606,47.52853581465412,46.5577889179727,30.673465662208628,37.2640050974386,102.26773680109929,26.402728648960462
stroma_ad_carcinoma_FA_HN15_1_mieloides.csv,59.63492263065743,40.78249625118518,20.813216745521956,12.847800267517044,16.889068319062012,47.14697923642572,73.64236827395362,17.277137784569575,37.39540822676909,57.99211587481091,27.9271178101189,27.52457478389894,17.935765429591164,25.7071116963682,22.11748661981136,55.20922569516847,40.45894452249638,30.729299904354,1.467832320900406e-308,28.360519254434138,36.19433208881938,16.708994447392968,21.577946099011413,51.41872900975649,30.729299904354,24.72396581136387,42.57979028277512,72.98875828582459,32.79279549982451,21.31100176742035,59.045139007852555,30.729299904354,79.05511410709434,46.23305868345989,49.417941862950315,53.177362015552234,27.9271178101189,54.94487013100249,21.09360860867693,38.23870307815923,56.038052740448606,23.869009653280003,25.542218967275332,22.11748661981136,47.36602823072889,102.26773680109929,27.9271178101189
stroma_ad_dysplasia_FA_HN11A_1_mieloides.csv,38.46801194306039,40.782496251185194,37.97388905284522,22.55026366388904,33.23562778609046,47.14697923642572,73.64236827395362,30.306896119117823,37.39540822676909,55.724470646285766,54.41871977711958,32.79357019197076,27.17784103041791,20.828056988667925,40.574443615632845,55.20922569516847,44.168067744248916,54.41871977711958,28.360519254434138,1.0176441742676893e-308,32.62884213193658,36.021785814147535,36.76752848654603,51.418729009756504,54.41871977711958,49.30733719926414,42.57979028277512,72.98875828582459,35.52090226541023,25.423564896993412,59.045139007852555,53.531873788376856,79.05511410709434,46.2330586834599,49.41794186295033,54.41871977711958,46.741069836068164,39.67833436330517,43.04744271344481,38.23870307815923,56.038052740448606,22.01865147022764,27.553030658638193,33.363269661381764,32.9287956023656,102.26773680109929,50.76354540918426
stroma_ad_dysplasia_FA_HN15_3_mieloides.csv,32.62884213193658,27.774599768972195,46.624831948343044,35.27872575832862,32.62884213193658,38.432494313795544,49.14326606914268,32.62884213193658,32.314046466793855,44.19580679206595,46.624831948343044,32.62884213193658,38.706504884637724,32.62884213193658,46.624831948343044,46.113027720316,46.624831948343044,38.4972292637798,36.19433208881938,32.62884213193658,1.3709414766504784e-308,38.29233788710431,46.624831948343044,50.40139524392083,46.624831948343044,46.624831948343044,32.62884213193658,65.97812402635807,32.62884213193658,32.62884213193658,38.95925386693038,42.671188671376086,57.65838405845233,39.41461140020128,34.71218810298001,53.177362015552234,36.286133216149864,32.62884213193658,32.62884213193658,32.62884213193658,46.62483194834306,36.286133216149864,32.62884213193658,44.89193351560158,32.62884213193658,81.83517006692597,46.624831948343044
dysplasia_FA_HN15_2_mieloides.csv,57.89639191603973,40.78249625118518,17.26490495655507,23.197183277949364,18.982086833718157,41.897491091903504,69.52986775560788,22.15025329332444,24.21789351909564,51.82980371337929,26.520641328986088,32.61235225245733,20.185646709384194,28.807880430792608,20.64598135013088,41.390677966789696,40.45894452249638,26.52064132898608,16.708994447392968,36.021785814147535,38.29233788710431,1.5582370260312884e-308,18.141111244759642,50.40139524392083,26.52064132898608,26.467981968792643,38.06442551581364,60.04077130111453,29.88787513346695,18.20720781277018,55.80873349666527,27.513135704620765,79.05511410709434,32.49510923766941,44.16507437874405,53.177362015552234,23.818818442441255,54.94487013100249,22.361334685432368,23.381807955254715,56.038052740448606,21.781337478523227,25.729403328229566,23.818818442441255,42.171723524141015,102.26773680109929,26.467981968792643
stroma_ad_dysplasia_FA_HN11A_2_mieloides.csv,59.63492263065743,40.78249625118518,18.917654146190173,23.942925950347856,19.607934753825987,53.478673158057305,73.64236827395362,28.065189378597694,37.39540822676909,57.99211587481091,29.221109017714326,39.47287973330006,17.0730155755182,35.864946769213034,17.677401499107653,55.20922569516847,40.45894452249638,29.221109017714326,21.577946099011413,36.76752848654603,46.624831948343044,18.141111244759642,1.1987721595343614e-308,51.41872900975649,29.221109017714326,29.221109017714326,42.57979028277512,72.98875828582459,40.74332405454311,28.70185231746106,59.045139007852555,39.60756922928671,79.05511410709434,46.23305868345989,49.417941862950315,53.177362015552234,16.147966017489537,54.94487013100249,31.13046038495203,38.23870307815923,56.038052740448606,22.52708015092172,27.73587636645763,16.769604566186928,50.637401366574224,102.26773680109929,29.221109017714326
stroma_ad_dysplasia_FA_HN14_3_mieloides.csv,50.40139524392083,50.40139524392083,51.41872900975649,51.41872900975649,51.41872900975649,50.40139524392083,50.40139524392083,51.41872900975649,50.40139524392083,50.40139524392083,51.41872900975649,51.41872900975649,51.41872900975649,51.41872900975649,51.41872900975649,50.40139524392083,51.41872900975649,50.40139524392083,51.41872900975649,51.418729009756504,50.40139524392083,50.40139524392083,51.41872900975649,1.0664044036744967e-308,51.41872900975649,51.41872900975649,50.40139524392083,50.40139524392083,50.40139524392083,51.41872900975649,50.40139524392083,48.81499014966748,50.40139524392083,50.40139524392083,50.40139524392083,53.177362015552234,51.41872900975649,50.40139524392083,51.41872900975649,50.40139524392083,50.40139524392083,51.41872900975649,51.41872900975649,51.41872900975649,50.40139524392083,69.93295833766925,51.41872900975649
stroma_ad_dysplasia_FA_HN15_4_mieloides.csv,59.63492263065743,40.78249625118518,20.71249907374822,40.250059015561945,28.373950334792553,53.478673158057305,73.64236827395362,47.173624541849634,37.39540822676909,57.99211587481091,15.414169089001888,41.4395420981357,40.068482099524076,43.55340042411912,28.165426496698544,55.20922569516847,40.45894452249638,26.402728648960455,30.729299904354,54.41871977711958,46.624831948343044,26.52064132898608,29.221109017714326,51.41872900975649,2.2237251352868056e-308,13.677339588671657,42.57979028277512,72.98875828582459,40.74332405454311,30.36038069992491,59.045139007852555,28.234044116389313,79.05511410709434,46.23305868345989,49.417941862950315,53.177362015552234,25.00182105968237,54.94487013100249,31.13046038495203,38.23870307815923,56.038052740448606,47.52853581465412,46.5577889179727,30.673465662208628,50.637401366574224,102.26773680109929,16.482777720757724
stroma_ad_carcinoma_FA_HN11A_1_mieloides.csv,59.63492263065743,40.78249625118518,21.808113247163277,36.48273466306597,28.373950334792553,53.478673158057305,73.64236827395362,36.909149887894614,37.39540822676909,57.99211587481091,18.32832651759044,39.47287973330006,32.23165356091381,42.29701101280119,28.165426496698544,55.20922569516847,40.45894452249638,26.402728648960462,24.72396581136387,49.30733719926414,46.624831948343044,26.467981968792643,29.221109017714326,51.41872900975649,13.677339588671657,7.458200711074504e-309,42.57979028277512,72.98875828582459,40.74332405454311,28.70185231746106,59.045139007852555,28.234044116389313,79.05511410709434,46.23305868345989,49.417941862950315,53.177362015552234,28.134751065263202,54.94487013100249,31.13046038495203,38.23870307815923,56.038052740448606,41.90341222347237,43.971941217474225,25.15406581830525,50.637401366574224,102.26773680109929,18.63861010643201
dysplasia_FA_HN11A_1_mieloides.csv,42.57979028277512,41.960270577704506,42.57979028277512,42.57979028277512,42.57979028277512,36.00130528742989,50.319043071938495,42.57979028277512,24.139715333569598,38.06442551581364,42.57979028277512,42.57979028277512,42.57979028277512,42.57979028277512,42.57979028277512,36.17153490888788,42.57979028277512,42.57979028277512,42.57979028277512,42.57979028277512,32.62884213193658,38.06442551581364,42.57979028277512,50.40139524392083,42.57979028277512,42.57979028277512,1.347865683680116e-308,37.433107353058446,36.87616253277042,42.57979028277512,26.67480577395702,38.06442551581364,75.0936409154994,24.359965202772457,21.557410430687966,53.177362015552234,42.57979028277512,39.17378456068697,42.57979028277512,33.37728951946684,49.9859499634116,42.57979028277512,42.57979028277512,42.57979028277512,35.85236562661572,99.27042692397305,42.57979028277512
carcinoma_FA_HN15_2_mieloides.csv,39.0387759375175,65.345099230745,72.98875828582459,72.98875828582459,72.98875828582459,28.527779149850858,36.73517284961957,72.98875828582459,42.45621404498878,36.73517284961957,72.98875828582459,72.98875828582459,72.98875828582459,72.98875828582459,72.98875828582459,41.390677966789696,72.98875828582459,69.11459397714344,72.98875828582459,72.98875828582459,65.97812402635807,60.04077130111453,72.98875828582459,50.40139524392083,72.98875828582459,72.98875828582459,37.433107353058446,1.5278200317962393e-308,60.26099118581092,72.98875828582459,34.189910291469175,69.34710332106451,51.708812262458906,27.54566206344512,33.62513714145257,72.29603530601295,72.98875828582459,37.82845351727272,72.98875828582459,36.73517284961957,60.50253240112308,72.98875828582459,72.98875828582459,72.98875828582459,54.76344432941622,75.88559827093255,72.98875828582459
stroma_ad_dysplasia_FA_HN14_2_mieloides.csv,40.93484723224816,40.78249625118518,40.74332405454311,26.87070313974735,27.024021918820893,37.10521223686402,73.64236827395362,32.29685036468655,32.607709382196035,38.4786739515188,40.74332405454311,21.967050756635018,33.48528516082523,21.052960522366647,40.74332405454311,45.54917174782909,40.74332405454311,31.11669014207692,32.79279549982451,35.52090226541023,32.62884213193658,29.88787513346695,40.74332405454311,50.40139524392083,40.74332405454311,40.74332405454311,36.87616253277042,60.26099118581092,8.00396109475657e-309,26.87070313974735,59.045139007852555,39.312635637413564,79.05511410709434,34.295254044526644,28.995055262432857,53.177362015552234,28.127027894006687,31.508223543047876,26.87070313974735,27.419844116340016,56.038052740448606,31.029392664256093,32.55987384959012,40.74332405454311,32.93752322674983,102.26773680109929,40.74332405454311
stroma_ad_carcinoma_FA_HN14_5_mieloides.csv,41.779694855207254,40.78249625118518,28.70185231746106,26.618500820445547,19.256286167201523,47.14697923642572,73.64236827395362,29.536246166574728,37.39540822676909,57.99211587481091,30.360380699924917,22.892347586789867,30.46086102316935,22.422370471143807,28.70185231746106,55.20922569516847,40.45894452249638,30.36038069992491,21.31100176742035,25.423564896993412,32.62884213193658,18.20720781277018,28.70185231746106,51.41872900975649,30.36038069992491,28.70185231746106,42.57979028277512,72.98875828582459,26.87070313974735,1.757289383794687e-308,59.045139007852555,28.740147822464323,79.05511410709434,46.23305868345989,49.417941862950315,53.177362015552234,25.477056380974744,42.99001727545203,22.052947755524684,38.23870307815923,56.038052740448606,28.70185231746106,24.755565557798377,28.70185231746106,26.055026463308536,102.26773680109929,28.70185231746106
stroma_ad_dysplasia_FA_HN14_4_mieloides.csv,44.64627301414525,53.74297148083433,59.045139007852555,59.045139007852555,59.045139007852555,42.564407071729576,27.210225579345348,59.045139007852555,35.5944582808111,27.210225579345348,59.045139007852555,59.045139007852555,59.045139007852555,59.045139007852555,59.045139007852555,41.390677966789696,59.045139007852555,59.045139007852555,59.045139007852555,59.045139007852555,38.95925386693038,55.80873349666527,59.045139007852555,50.40139524392083,59.045139007852555,59.045139007852555,26.67480577395702,34.189910291469175,59.045139007852555,59.045139007852555,1.198337620161973e-308,38.16988764420394,48.41883514154239,29.255714262200797,34.555913044294584,59.045139007852555,59.045139007852555,41.11843063818924,59.045139007852555,36.131124190387425,29.325316724262493,58.18816509420762,59.045139007852555,59.045139007852555,58.053421450332735,72.59562115001603,59.045139007852555
dysplasia_FA_HN14_2_mieloides.csv,59.63492263065743,40.66998810622212,28.234044116389313,38.01915480145976,38.20167756699334,52.773717886005414,47.096539436704035,47.173624541849634,34.62345284442975,57.99211587481091,28.234044116389327,41.4395420981357,43.249143654202314,38.69847941783601,33.34282863732517,48.49985757773412,40.45894452249638,28.234044116389313,30.729299904354,53.531873788376856,42.671188671376086,27.513135704620765,39.60756922928671,48.81499014966748,28.234044116389313,28.234044116389313,38.06442551581364,69.34710332106451,39.312635637413564,28.740147822464323,38.16988764420394,1.9632135463536536e-308,71.87113728026495,41.8014412576194,49.417941862950315,53.177362015552234,31.103113093341307,54.94487013100249,27.613448746265988,43.34533475043618,46.76344632817714,47.52853581465412,46.5577889179727,30.673465662208628,50.637401366574224,96.04792328873859,28.234044116389327
dysplasia_FA_HN15_3_mieloides.csv,79.05511410709434,45.344086537775524,79.05511410709434,79.05511410709434,79.05511410709434,74.86459121140581,33.560560360342095,79.05511410709434,79.05511410709434,73.49112949675103,79.05511410709434,79.05511410709434,79.05511410709434,79.05511410709434,79.05511410709434,41.30033063858241,67.11549444073765,79.05511410709434,79.05511410709434,79.05511410709434,57.65838405845233,79.05511410709434,79.05511410709434,50.40139524392083,79.05511410709434,79.05511410709434,75.0936409154994,51.708812262458906,79.05511410709434,79.05511410709434,48.41883514154239,71.87113728026495,1.122594665207266e-308,77.67454940374319,79.05511410709434,79.05511410709434,79.05511410709434,79.05511410709434,79.05511410709434,79.05511410709434,28.287223239071864,79.05511410709434,79.05511410709434,79.05511410709434,79.05511410709434,36.01950940384006,79.05511410709434
stroma_ad_carcinoma_FA_HN15_3_mieloides.csv,39.87676669062829,40.782496251185194,46.23305868345989,46.23305868345989,46.23305868345989,25.326680500722773,52.899951560182274,46.2330586834599,24.359965202772457,28.463528583244482,46.23305868345989,46.23305868345989,46.23305868345989,46.23305868345989,46.23305868345989,41.390677966789696,46.23305868345989,43.14885683585916,46.23305868345989,46.2330586834599,39.41461140020128,32.49510923766941,46.23305868345989,50.40139524392083,46.23305868345989,46.23305868345989,24.359965202772457,27.54566206344512,34.295254044526644,46.23305868345989,29.255714262200797,41.8014412576194,77.67454940374319,1.8353487761746675e-308,25.204082587439245,53.177362015552234,46.23305868345989,29.286339271073643,46.23305868345989,30.07912868869139,52.56685845165538,46.2330586834599,46.2330586834599,46.23305868345989,37.60639255436061,101.85133541221683,46.23305868345989
stroma_ad_dysplasia_FA_HN11A_4_mieloides.csv,32.64545966515465,40.782496251185194,49.417941862950315,49.417941862950315,49.417941862950315,40.98515836199303,58.20015034227606,49.417941862950315,26.580517122618303,40.97286088514491,49.417941862950315,43.338961852868096,49.417941862950315,44.92199910187554,49.417941862950315,41.390677966789696,49.417941862950315,40.97286088514491,49.417941862950315,49.41794186295033,34.71218810298001,44.16507437874405,49.417941862950315,50.40139524392083,49.417941862950315,49.417941862950315,21.557410430687966,33.62513714145257,28.995055262432857,49.417941862950315,34.555913044294584,49.417941862950315,79.05511410709434,25.204082587439245,8.19471856806276e-309,53.177362015552234,49.417941862950315,39.14477556530994,49.417941862950315,27.280273509959045,56.038052740448606,49.417941862950315,49.417941862950315,49.417941862950315,31.456665078003766,102.26773680109929,49.417941862950315
dysplasia_FA_HN14_1_mieloides.csv,54.594257620674824,53.177362015552234,53.177362015552234,53.177362015552234,53.177362015552234,53.478673158057305,73.64236827395362,53.177362015552234,53.177362015552234,53.17736201555226,53.177362015552234,53.177362015552234,53.177362015552234,53.177362015552234,53.177362015552234,55.20922569516847,53.177362015552234,53.177362015552234,53.177362015552234,54.41871977711958,53.177362015552234,53.177362015552234,53.177362015552234,53.177362015552234,53.177362015552234,53.177362015552234,53.177362015552234,72.29603530601295,53.177362015552234,53.177362015552234,59.045139007852555,53.177362015552234,79.05511410709434,53.177362015552234,53.177362015552234,1.0798962768370034e-308,53.177362015552234,53.2616774701965,53.177362015552234,53.177362015552234,56.038052740448606,53.177362015552234,53.177362015552234,53.177362015552234,53.177362015552234,102.26773680109929,53.177362015552234
stroma_ad_dysplasia_FA_HN11A_5_mieloides.csv,58.424929016809784,40.78249625118518,19.371032299180357,33.91646729986999,28.373950334792553,47.14697923642572,73.64236827395362,30.306896119117823,37.39540822676909,57.99211587481091,19.06593341454851,32.765056151265384,24.8008438746067,41.048691460143175,13.501887015839344,55.20922569516847,40.45894452249638,26.402728648960462,27.9271178101189,46.741069836068164,36.286133216149864,23.818818442441255,16.147966017489537,51.41872900975649,25.00182105968237,28.134751065263202,42.57979028277512,72.98875828582459,28.127027894006687,25.477056380974744,59.045139007852555,31.103113093341307,79.05511410709434,46.23305868345989,49.417941862950315,53.177362015552234,8.94596667894073e-309,54.94487013100249,18.82930573536629,38.23870307815923,56.038052740448606,33.967856490954915,39.42602220353538,14.812568983502345,42.70026062491107,102.26773680109929,19.098319386279066
carcinoma_FA_HN11A_4_mieloides.csv,29.116238463610415,49.05581712206747,54.94487013100249,52.50293689950334,54.94487013100249,37.07645084997847,64.76266793617071,54.94487013100249,37.39540822676909,20.356712374351787,54.94487013100249,36.77644425897344,51.70666118876676,38.35948150798089,54.94487013100249,41.390677966789696,54.94487013100249,31.286140459870722,54.94487013100249,39.67833436330517,32.62884213193658,54.94487013100249,54.94487013100249,50.40139524392083,54.94487013100249,54.94487013100249,39.17378456068697,37.82845351727272,31.508223543047876,42.99001727545203,41.11843063818924,54.94487013100249,79.05511410709434,29.286339271073643,39.14477556530994,53.2616774701965,54.94487013100249,1.1687175705567353e-308,43.20741043419545,38.39964055348834,56.038052740448606,53.918782698929476,50.57040288594919,54.94487013100249,19.009649185610783,102.26773680109929,54.94487013100249
stroma_ad_dysplasia_FA_HN15_2_mieloides.csv,41.99708801395067,40.78249625118518,31.13046038495203,27.534723726527716,15.980950039410132,47.14697923642572,70.08324702442707,27.921411068579033,37.39540822676909,57.99211587481091,31.13046038495203,32.73235750137738,25.958744712790647,29.349002994304215,31.13046038495203,55.20922569516847,40.45894452249638,21.37673344630788,21.09360860867693,43.04744271344481,32.62884213193658,22.361334685432368,31.13046038495203,51.41872900975649,31.13046038495203,31.13046038495203,42.57979028277512,72.98875828582459,26.87070313974735,22.052947755524684,59.045139007852555,27.613448746265988,79.05511410709434,46.23305868345989,49.417941862950315,53.177362015552234,18.82930573536629,43.20741043419545,1.19005492922572e-308,38.23870307815923,56.038052740448606,32.91567340415679,35.5683567195304,29.83419359049148,26.272419622051956,102.26773680109929,31.13046038495203
dysplasia_FA_HN11A_3_mieloides.csv,39.80792395393229,40.782496251185194,38.23870307815923,38.23870307815923,38.23870307815923,32.86634883737787,59.7753614883689,38.23870307815923,25.414997162822047,31.37142448172699,38.23870307815923,38.23870307815923,38.23870307815923,38.23870307815923,38.23870307815923,41.390677966789696,40.45894452249638,36.273446907672536,38.23870307815923,38.23870307815923,32.62884213193658,23.381807955254715,38.23870307815923,50.40139524392083,38.23870307815923,38.23870307815923,33.37728951946684,36.73517284961957,27.419844116340016,38.23870307815923,36.131124190387425,43.34533475043618,79.05511410709434,30.07912868869139,27.280273509959045,53.177362015552234,38.23870307815923,38.39964055348834,38.23870307815923,1.799125381617842e-308,56.038052740448606,38.23870307815923,38.23870307815923,38.23870307815923,36.62650963381435,102.26773680109929,38.23870307815923
carcinoma_FA_HN14_3_mieloides.csv,56.03805274044862,34.1615398725835,56.038052740448606,56.038052740448606,56.038052740448606,53.47867315805732,34.87553795848312,56.038052740448606,55.33160738349332,52.291564813387836,56.038052740448606,56.038052740448606,56.038052740448606,56.038052740448606,56.038052740448606,41.31294074835293,46.18906265953396,56.038052740448606,56.038052740448606,56.038052740448606,46.62483194834306,56.038052740448606,56.038052740448606,50.40139524392083,56.038052740448606,56.038052740448606,49.9859499634116,60.50253240112308,56.038052740448606,56.038052740448606,29.325316724262493,46.76344632817714,28.287223239071864,52.56685845165538,56.038052740448606,56.038052740448606,56.038052740448606,56.038052740448606,56.038052740448606,56.038052740448606,1.696061101626495e-308,56.038052740448606,56.038052740448606,56.038052740448606,56.038052740448606,50.48495525881307,56.038052740448606
dysplasia_FA_HN11A_5_mieloides.csv,52.7084602786847,40.782496251185194,34.811699769841354,20.20305426387081,28.373950334792553,47.14697923642572,73.64236827395362,19.60539817042013,37.39540822676909,57.99211587481091,43.601622929663236,28.302060590816623,13.411497901526062,26.992724247398655,26.333995280008537,55.20922569516847,40.45894452249638,47.52853581465412,23.869009653280003,22.01865147022764,36.286133216149864,21.781337478523227,22.52708015092172,51.41872900975649,47.52853581465412,41.90341222347237,42.57979028277512,72.98875828582459,31.029392664256093,28.70185231746106,58.18816509420762,47.52853581465412,79.05511410709434,46.2330586834599,49.417941862950315,53.177362015552234,33.967856490954915,53.918782698929476,32.91567340415679,38.23870307815923,56.038052740448606,7.26974078998572e-309,27.98297443328798,32.98751212337589,36.98379188678598,102.26773680109929,41.61610180210381
