,carcinoma_FA_HN15_1_mieloides.csv,dysplasia_FA_HN11A_4_mieloides.csv,stroma_ad_carcinoma_FA_HN14_1_mieloides.csv,dysplasia_FA_HN15_1_mieloides.csv,stroma_ad_dysplasia_FA_HN11A_3_mieloides.csv,stroma_ad_carcinoma_FA_HN15_2_mieloides.csv,carcinoma_FA_HN14_4_mieloides.csv,stroma_ad_carcinoma_FA_HN11A_2_mieloides.csv,carcinoma_FA_HN11A_5_mieloides.csv,dysplasia_FA_HN11A_2_mieloides.csv,stroma_ad_dysplasia_FA_HN15_1_mieloides.csv,stroma_ad_carcinoma_FA_HN14_4_mieloides.csv,stroma_ad_dysplasia_FA_HN14_1_mieloides.csv,carcinoma_FA_HN11A_1_mieloides.csv,stroma_ad_carcinoma_FA_HN14_2_mieloides.csv,carcinoma_FA_HN14_2_mieloides.csv,carcinoma_FA_HN11A_3_mieloides.csv,dysplasia_FA_HN15_5_mieloides.csv,stroma_ad_carcinoma_FA_HN15_1_mieloides.csv,stroma_ad_dysplasia_FA_HN11A_1_mieloides.csv,stroma_ad_dysplasia_FA_HN15_3_mieloides.csv,dysplasia_FA_HN15_2_mieloides.csv,stroma_ad_dysplasia_FA_HN11A_2_mieloides.csv,stroma_ad_dysplasia_FA_HN14_3_mieloides.csv,stroma_ad_dysplasia_FA_HN15_4_mieloides.csv,stroma_ad_carcinoma_FA_HN11A_1_mieloides.csv,dysplasia_FA_HN11A_1_mieloides.csv,carcinoma_FA_HN15_2_mieloides.csv,stroma_ad_dysplasia_FA_HN14_2_mieloides.csv,stroma_ad_carcinoma_FA_HN14_5_mieloides.csv,stroma_ad_dysplasia_FA_HN14_4_mieloides.csv,dysplasia_FA_HN14_2_mieloides.csv,dysplasia_FA_HN15_3_mieloides.csv,stroma_ad_carcinoma_FA_HN15_3_mieloides.csv,stroma_ad_dysplasia_FA_HN11A_4_mieloides.csv,dysplasia_FA_HN14_1_mieloides.csv,stroma_ad_dysplasia_FA_HN11A_5_mieloides.csv,carcinoma_FA_HN11A_4_mieloides.csv,stroma_ad_dysplasia_FA_HN15_2_mieloides.csv,dysplasia_FA_HN11A_3_mieloides.csv,carcinoma_FA_HN14_3_mieloides.csv,dysplasia_FA_HN11A_5_mieloides.csv,stroma_ad_carcinoma_FA_HN15_4_mieloides.csv,stroma_ad_carcinoma_FA_HN14_3_mieloides.csv,carcinoma_FA_HN14_1_mieloides.csv,carcinoma_FA_HN11A_2_mieloides.csv,stroma_ad_dysplasia_FA_HN15_5_mieloides.csv
carcinoma_FA_HN15_1_mieloides.csv,6.529957411228336e-309,9.329794994048298,33.44876120359912,34.00637702903039,34.8972982575164,12.918326094417566,44.094938957983985,29.829008987473486,31.294604048934048,23.628778987528236,42.75518567365702,19.54157397009459,24.345825588458283,31.20151429837837,44.11415523593233,44.00595582559045,26.12280379465163,36.7918969696193,35.256230134030375,34.02601821249541,57.4135171040473,24.394367938813488,42.31555133039559,110.30308805361832,49.730461302319334,40.788408518163195,23.3713801835124,14.842819827817365,18.74698972590008,21.95381640815809,18.483364470702234,142.81964244622515,85.15994974770717,26.356682338820875,23.178229189980357,114.61268597216272,52.355513547935416,21.397488980386612,17.188143925039853,14.10877049746277,59.3318255183913,59.41651131178876,30.7661444971992,45.68926183019672,27.142281653221815,12.04617946214546,49.47652341919398
dysplasia_FA_HN11A_4_mieloides.csv,9.329794994048298,1.1087566959559314e-308,28.35719653017773,33.21088345705907,34.101804685545076,20.9383555240088,44.890432529955305,29.033515415502166,39.31463347852528,16.150521165471996,35.68548995082855,18.74608039812327,23.550332016486962,31.99700787034969,43.31866166396101,44.80144939756177,26.91829736662295,35.996403397647974,34.460736562059054,27.574448836053715,65.43354653363852,32.41439736840472,41.52005775842427,110.30308805361832,48.93496773034801,32.57183834550594,31.391409613103633,22.862849257408598,15.048736532244654,16.026266026812152,16.50781531607019,142.81964244622515,87.60431191200479,27.152175910792195,22.382735618009036,114.61268597216272,51.957766761949756,16.550039951570163,11.423447122490444,13.31327692549145,67.38639355583678,60.21200488376009,22.711576459753708,44.89376825822539,27.937775225193135,16.072779176609203,48.68102984722266
stroma_ad_carcinoma_FA_HN14_1_mieloides.csv,33.44876120359912,28.35719653017773,1.4693565997126293e-308,11.411476781057573,8.04124522965347,42.9420129793216,73.24762906013302,9.04016508130686,60.843489685758314,15.954508744416287,13.167248712845186,23.928331080834923,18.452174582314512,60.35420440052742,14.961465133783278,73.15864592773949,55.27549389680068,10.580457095132946,15.649004009957329,8.25508183587616,76.67712581457678,54.418054823717526,13.162861228246548,110.30308805361832,20.577771200170282,13.230444422983332,53.39506706841644,44.8665067127214,28.329140750096997,21.27492240612939,41.114020061234825,142.81964244622515,94.56493665658752,55.509372440969926,20.83116789638086,114.61268597216272,26.47906899540135,28.273090554911445,22.65723093877279,29.548842183304316,73.54115932436974,82.06376920382979,10.369301231784506,16.53657172804767,56.29497175537087,35.414173099131816,20.323833317044937
dysplasia_FA_HN15_1_mieloides.csv,34.00637702903039,33.21088345705907,11.411476781057573,1.211785132759381e-308,11.955767549459214,36.53642865708562,74.40298302692742,9.20931326662362,59.048703058504934,20.808195671297625,22.03267724615853,19.767451767668188,11.417072861476901,65.20789132740876,13.783801887625366,74.35849146073065,60.12918082368201,11.920493490796751,9.142245917300967,13.303509784996933,76.67712581457677,48.893263456276586,12.379585236188417,110.30308805361832,21.39615262935773,17.110278835496395,49.823749690429125,43.508297619449124,25.499048028624003,17.184617430246917,45.96770698811616,142.81964244622515,94.56493665658752,60.363059367851264,14.475529205382122,114.61268597216272,26.278632992851563,20.529127202462817,21.787436334568625,20.24766372589876,73.81645068442083,82.06376920382979,10.852774646351932,13.25255400171141,61.148658682252204,32.521415481643544,23.279012580382854
stroma_ad_dysplasia_FA_HN11A_3_mieloides.csv,34.8972982575164,34.101804685545076,8.04124522965347,11.955767549459214,1.900858091607395e-308,39.6154362097342,74.40298302692742,9.3412246392183,59.93962428699095,21.699116899783633,20.77274401840645,21.424776205459757,10.551472669058114,66.09881255589477,12.52386865987328,74.35849146073065,61.02010205216803,11.050213793396217,11.812294114808573,12.043576557244847,76.67712581457678,49.78418468476259,11.119652008436333,110.30308805361832,20.13621940160564,15.850345607744309,50.71467091891513,44.39921884793513,26.38996925711001,18.075538658732924,46.85862821660217,142.81964244622515,94.56493665658752,61.25398059633727,19.955023674352958,114.61268597216272,25.018699765099477,21.420048430948825,22.678357563054632,22.95034297611673,73.81645068442083,82.06376920382979,11.743695874837938,11.992620773959324,62.03957991073821,34.1787399194351,19.712747732365607
stroma_ad_carcinoma_FA_HN15_2_mieloides.csv,12.918326094417566,20.9383555240088,42.9420129793216,36.53642865708562,39.6154362097342,1.9861331792093816e-308,45.36985476275687,36.72220961316705,26.31724183424744,36.5471050819458,51.65535070850008,20.4645554310938,33.26286399123492,32.47643010315126,47.42463640954141,45.280871630363336,27.39771959942452,45.5613280127128,35.85338805951126,46.94434430691298,49.91814033805561,16.161802232019085,46.02041975810447,110.30308805361832,51.65535070850008,50.751113357412436,17.456075818166795,10.776836395191623,24.996484273612232,27.109183579061465,24.449420569931444,142.81964244622515,85.69376202207707,27.631598143593763,27.95864895245488,114.61268597216272,51.71805564554897,25.36177020714089,30.10647001945742,20.334306885051657,47.29860120378551,60.691427116561655,42.79936881180499,46.89338852362745,28.417197457994703,15.803254360386763,51.65535070850007
carcinoma_FA_HN14_4_mieloides.csv,44.094938957983985,44.890432529955305,73.24762906013302,74.40298302692742,74.40298302692742,45.36985476275687,1.3913550803031803e-308,73.92394794545746,19.052612928509433,57.29312031571675,74.40298302692742,63.636512928078574,68.44076454644227,33.64134648041592,74.40298302692742,27.053847309975907,35.372482131254685,74.40298302692742,74.40298302692742,72.46488136600902,29.86564731596806,29.20805253073779,74.40298302692742,71.80021005338185,74.4029830269274,63.29811884290022,29.445191867026864,34.59301836756525,52.60226795839037,60.91669855676746,32.13360899889821,136.83331883859546,57.268378713347744,21.37043564526796,67.27316814796433,98.00748345695939,74.40298302692742,57.57218878455156,56.31387965244575,58.203709455446756,38.726911322139685,58.07546427430519,67.24854134066243,74.40298302692742,25.94601629308751,49.86120921902615,74.40298302692742
stroma_ad_carcinoma_FA_HN11A_2_mieloides.csv,29.829008987473486,29.033515415502166,9.04016508130686,9.20931326662362,9.3412246392183,36.72220961316705,73.92394794545746,1.6359320894588787e-308,55.098487567683534,16.630827629740722,20.30764071025049,17.98996310457703,12.23237121615996,61.03052328585186,14.285146248458844,73.83496481306392,55.95181278212512,10.35734507824477,12.23173045428122,11.256976156198732,76.67712581457677,48.198251457562975,12.486542342922114,110.30308805361832,19.901452314845848,20.370836420388635,47.17526370226189,39.33092957789221,22.203603829696327,15.05511903997484,41.79033894655926,142.81964244622515,94.56493665658752,56.18569132629436,15.998529824403896,114.61268597216272,25.802750110076914,22.053287188756897,21.003075075348825,23.329038817149765,73.54115932436974,82.06376920382979,10.510574534636397,15.860252842723233,56.9712906406953,29.92025894064141,22.419921922712142
carcinoma_FA_HN11A_5_mieloides.csv,31.294604048934048,39.31463347852528,60.843489685758314,59.048703058504934,59.93962428699095,26.31724183424744,19.052612928509433,55.098487567683534,1.392713688678193e-308,54.92338303646228,61.523309552274426,44.58389999956914,49.388151617932834,31.70335601101975,64.87667656267269,34.47369653235418,28.801450462189123,61.834222999093846,60.29855616350493,60.843489685758314,38.24923826581009,19.639968952644864,64.87667656267269,90.85282298189128,64.87667656267269,60.843489685758314,17.9063433379562,17.331047304799846,33.54965502988094,41.864085628258024,22.806818162455087,142.81964244622515,68.93858886805353,22.5368185518156,48.22055521945491,99.47201881898005,64.87667656267269,38.519575856042124,48.4827479739739,39.151096526937316,43.11046463873767,60.72288996240083,54.54912848280718,64.87667656267269,23.9638506379829,30.808596290516718,64.87667656267269
dysplasia_FA_HN11A_2_mieloides.csv,23.628778987528236,16.150521165471996,15.954508744416287,20.808195671297625,21.699116899783633,36.5471050819458,57.29312031571675,16.630827629740722,54.92338303646228,5.270321786135563e-309,23.28280216506711,17.53342318345912,12.05726668493871,44.399695656111135,30.915973878199566,60.39944819081268,39.32098515238439,23.593715611886537,22.05804877629761,15.171761050292275,73.90294621331495,48.023146926341724,29.117369972662836,110.30308805361832,36.53227994458657,19.569681986285786,47.00015917104063,38.471598815345594,21.934232852721195,14.88001450875359,32.11656487400719,142.81964244622515,94.56493665658752,39.55486369655364,12.736007496374134,114.61268597216272,42.433577739817636,21.878182657535646,16.888209005846733,23.15393428592851,73.54115932436974,72.61469266952153,9.955421024945693,32.491080472463956,40.34046301095458,29.490174786408886,36.27834206146122
stroma_ad_dysplasia_FA_HN15_1_mieloides.csv,42.75518567365702,35.68548995082855,13.167248712845186,22.03267724615853,20.77274401840645,51.65535070850008,74.40298302692742,20.30764071025049,61.523309552274426,23.28280216506711,5.809490887275745e-309,36.659829869587895,31.183673371067492,67.68249782117823,9.355519605641355,74.35849146073065,62.603787317451506,10.112183755361782,19.820123708563322,9.050664554051755,76.67712581457677,57.39337163069804,11.99775574197489,110.30308805361832,13.24947777951946,17.277803637883636,56.88187775304749,52.61759757519997,41.060639538849976,34.006421194882364,49.44008060453077,142.81964244622515,94.56493665658752,62.83766586162075,28.853704556787413,114.61268597216272,19.150775574750522,41.00458934366443,28.635955733919303,42.28034097205729,73.81645068442083,82.06376920382979,19.500661239783888,9.208278307396846,63.62326517602169,47.69684267159994,12.995539896394114
stroma_ad_carcinoma_FA_HN14_4_mieloides.csv,19.54157397009459,18.74608039812327,23.928331080834923,19.767451767668188,21.424776205459757,20.4645554310938,63.636512928078574,17.98996310457703,44.58389999956914,17.53342318345912,36.659829869587895,8.255699676246646e-309,16.493887101817492,50.74308826847296,28.410954511054733,63.54752979568504,45.66437776474622,26.547646114226115,17.148952943922296,27.9306624084263,68.1847985033773,34.428460397340785,27.006737859617786,110.30308805361832,36.02330525278709,35.89065380813979,35.358946631493325,29.043494560513324,14.370540468381549,10.464165398900803,31.502903929180363,142.81964244622515,94.56493665658752,45.898256308915464,8.944967053968199,114.61268597216272,40.90578561628092,14.178680434732314,11.092788120970738,12.545910385315073,64.06757809320294,78.95808528188334,26.030391922387558,28.26969079082952,46.683855623316404,14.361130198725917,37.9397393104633
stroma_ad_dysplasia_FA_HN14_1_mieloides.csv,24.345825588458283,23.550332016486962,18.452174582314512,11.417072861476901,10.551472669058114,33.26286399123492,68.44076454644227,12.23237121615996,49.388151617932834,12.05726668493871,31.183673371067492,16.493887101817492,1.0039547901503717e-308,55.54733988683665,22.934798012534323,68.35178141404873,50.46862938310991,21.07148961570571,11.36354966250417,22.45450590990589,72.989050121741,39.23271201570448,21.530581361097376,110.30308805361832,30.547148754266686,26.26127496040535,40.16319824985702,33.84774617887702,16.750405709421507,9.673776242129257,36.30715554754405,142.81964244622515,94.56493665658752,50.70250792727916,10.915917783320651,114.61268597216272,35.42962911776051,11.112276287522745,15.180835183609766,13.905392819117004,73.06812291553072,82.06376920382979,11.683012131283604,22.403550126620367,51.4881072416801,29.247850815792845,30.12367708502665
carcinoma_FA_HN11A_1_mieloides.csv,31.20151429837837,31.99700787034969,60.35420440052742,65.20789132740876,66.09881255589477,32.47643010315126,33.64134648041592,61.03052328585186,31.70335601101975,44.399695656111135,67.68249782117823,50.74308826847296,55.54733988683665,1.020879529772904e-308,67.95627069712461,46.89885664265012,9.810185131678928,67.9562706971246,66.45774443240873,59.57145670640341,57.822269066133,24.80311990089919,67.95627069712461,84.69363471298746,67.9562706971246,50.4046941832946,23.780132145598103,25.354289516685,39.70884329878476,48.02327389716184,19.240184339292593,142.81964244622515,85.98218503018867,33.69626995651572,54.37974348835873,107.9738642838106,67.9562706971246,44.678764124945936,43.420454992840135,45.310284795841135,62.00333252092567,29.01953395138108,54.35511668105683,67.95627069712461,24.15166858336761,36.96778455942054,67.9562706971246
stroma_ad_carcinoma_FA_HN14_2_mieloides.csv,44.11415523593233,43.31866166396101,14.961465133783278,13.783801887625366,12.52386865987328,47.42463640954141,74.40298302692742,14.285146248458844,64.87667656267269,30.915973878199566,9.355519605641355,28.410954511054733,22.934798012534323,67.95627069712461,1.0226090654565697e-308,74.35849146073065,65.41691544526122,11.031105243141416,17.140487404031944,15.74421282790729,76.67712581457678,59.001041663178526,8.605359484057992,110.30308805361832,10.669854576684735,24.91097535101609,59.931527897331065,53.616075826351064,35.60682623552594,27.292395637148857,56.0754851950181,142.81964244622515,94.56493665658752,65.53385471734586,20.935926045951973,114.61268597216272,14.440845409140053,32.75571398513125,31.895214541470565,34.03146561352412,73.81645068442083,82.06376920382979,20.960552853253873,7.499272736831557,65.92665437454633,39.50762033574112,18.416439487961384
carcinoma_FA_HN14_2_mieloides.csv,44.00595582559045,44.80144939756177,73.15864592773949,74.35849146073065,74.35849146073065,45.280871630363336,27.053847309975907,73.83496481306392,34.47369653235418,60.39944819081268,74.35849146073065,63.54752979568504,68.35178141404873,46.89885664265012,74.35849146073065,8.41461814520622e-309,45.912544292047855,74.35849146073065,74.35849146073065,72.37589823361549,26.176330787271525,38.56737255099917,74.35849146073065,71.88919318577538,74.35849146073063,63.58152226293352,40.07674581764422,34.50403523517171,52.513284825996834,60.82771542437392,47.60471059233326,136.922301970989,55.651707024759645,28.012883706165994,67.18418501557079,88.78468404175419,74.35849146073065,57.48320565215802,56.22489652005221,58.11472632305322,33.99897122636156,63.58152226293352,67.15955820826889,74.35849146073065,29.439915792333295,49.772226086632614,74.35849146073063
carcinoma_FA_HN11A_3_mieloides.csv,26.12280379465163,26.91829736662295,55.27549389680068,60.12918082368201,61.02010205216803,27.39771959942452,35.372482131254685,55.95181278212512,28.801450462189123,39.32098515238439,62.603787317451506,45.66437776474622,50.46862938310991,9.810185131678928,65.41691544526122,45.912544292047855,1.129305897852526e-308,62.91470076427093,61.379033928682006,54.49274620267667,58.52428707531166,21.901214352068564,65.41691544526122,89.7723452167142,65.41691544526122,45.32598367956787,20.878226596767476,23.995088037939162,34.63013279505802,42.944563393435104,14.161473835565857,142.81964244622515,85.98218503018867,29.342997078941856,49.30103298463199,107.9738642838106,65.41691544526122,39.6000536212192,38.341744489113395,40.231574292114395,61.843885967055655,33.293707517137136,49.27640617733009,65.41691544526122,22.286922451355323,31.889074055693797,65.41691544526122
dysplasia_FA_HN15_5_mieloides.csv,36.7918969696193,35.996403397647974,10.580457095132946,11.920493490796751,11.050213793396217,45.5613280127128,74.40298302692742,10.35734507824477,61.834222999093846,23.593715611886537,10.112183755361782,26.547646114226115,21.07148961570571,67.9562706971246,11.031105243141416,74.35849146073065,62.91470076427093,2.1982667793311316e-308,10.603656303468249,9.379635302817235,76.67712581457677,57.03736985710872,9.897868841039552,110.30308805361832,14.138193518239575,17.588717084703063,56.014382101807634,47.48582174611259,30.948455783488193,23.894237439520587,48.753226928705075,142.81964244622515,94.56493665658752,63.148579308440176,19.681041554037566,114.61268597216272,18.839862127931095,30.892405588302644,24.572956275157537,32.16815721669551,73.81645068442083,82.06376920382979,13.638294586940845,10.31125924770447,63.93417862284112,38.631126179971275,19.879701306828977
stroma_ad_carcinoma_FA_HN15_1_mieloides.csv,35.256230134030375,34.460736562059054,15.649004009957329,9.142245917300967,11.812294114808573,35.85338805951126,74.40298302692742,12.23173045428122,60.29855616350493,22.05804877629761,19.820123708563322,17.148952943922296,11.36354966250417,66.45774443240873,17.140487404031944,74.35849146073065,61.379033928682006,10.603656303468249,8.191721658876717e-309,11.913781186080044,76.67712581457677,50.143116561276564,12.317833524242225,110.30308805361832,21.999338790886576,23.48179200091002,51.07360279542911,44.75815072444911,26.74890113362399,18.434470535246902,47.21756009311615,142.81964244622515,94.56493665658752,61.61291247285125,12.855212711269271,114.61268597216272,24.06607945525635,21.778980307462803,23.037289439568607,22.460217263493973,73.81645068442083,82.06376920382979,12.102627751351916,14.09255090568893,62.39851178725219,29.902916657897645,28.4872673793108
stroma_ad_dysplasia_FA_HN11A_1_mieloides.csv,34.02601821249541,27.574448836053715,8.25508183587616,13.303509784996933,12.043576557244847,46.94434430691298,72.46488136600902,11.256976156198732,60.843489685758314,15.171761050292275,9.050664554051755,27.9306624084263,22.45450590990589,59.57145670640341,15.74421282790729,72.37589823361549,54.49274620267667,9.379635302817235,11.913781186080044,1.768271724372716e-308,76.67712581457678,57.39337163069804,13.945608922370559,110.30308805361832,21.360518894294295,12.888936294595545,56.88187775304749,48.86883804031278,32.331472077688375,25.27725373372077,42.513804098974376,142.81964244622515,94.56493665658752,54.726624746845914,20.238797077518,114.61268597216272,27.26181668952536,32.27542188250282,22.191790616876286,33.551173510895694,73.54115932436974,82.06376920382979,10.771493778622286,17.319319422171677,55.512224061246854,39.530757257925245,21.10658101116895
stroma_ad_dysplasia_FA_HN15_3_mieloides.csv,57.4135171040473,65.43354653363852,76.67712581457678,76.67712581457677,76.67712581457678,49.91814033805561,29.86564731596806,76.67712581457677,38.24923826581009,73.90294621331495,76.67712581457677,68.1847985033773,72.989050121741,57.822269066133,76.67712581457678,26.176330787271525,58.52428707531166,76.67712581457677,76.67712581457677,76.67712581457678,2.219743581120804e-308,54.91030384064965,76.67712581457678,67.25192447808311,76.67712581457677,73.90294621331495,52.59699681108384,48.812005593200354,59.48650461416274,69.61486558571127,49.02492732832857,132.28503326329673,42.25784570265213,48.65573160692885,72.4538399620846,75.87112031517188,76.67712581457677,69.61486558571127,73.90294621331495,62.77168171590959,30.983810667365766,73.90294621331493,73.90294621331495,76.67712581457678,50.082763693096155,54.409494794324885,76.67712581457677
dysplasia_FA_HN15_2_mieloides.csv,24.394367938813488,32.41439736840472,54.418054823717526,48.893263456276586,49.78418468476259,16.161802232019085,29.20805253073779,48.198251457562975,19.639968952644864,48.023146926341724,57.39337163069804,34.428460397340785,39.23271201570448,24.80311990089919,59.001041663178526,38.56737255099917,21.901214352068564,57.03736985710872,50.143116561276564,57.39337163069804,54.91030384064965,7.260318602959924e-309,57.39337163069804,101.00826258411962,59.798956761558514,57.393371630698034,12.399914225229985,13.328802873125909,26.08891407362053,33.143132417588134,15.906582052334528,142.81964244622515,73.14309454602588,24.057580301089445,39.4346907968508,109.62745842120839,59.798956761558514,28.36413625381377,41.58251186385334,28.995656924708967,45.6549457363561,53.82265385228027,47.64889237268662,59.798956761558514,17.06361452786234,20.653156688288362,59.798956761558514
stroma_ad_dysplasia_FA_HN11A_2_mieloides.csv,42.31555133039559,41.52005775842427,13.162861228246548,12.379585236188417,11.119652008436333,46.02041975810447,74.40298302692742,12.486542342922114,64.87667656267269,29.117369972662836,11.99775574197489,27.006737859617786,21.530581361097376,67.95627069712461,8.605359484057992,74.35849146073065,65.41691544526122,9.897868841039552,12.317833524242225,13.945608922370559,76.67712581457678,57.39337163069804,1.1971871475494676e-308,110.30308805361832,14.075830747334436,23.11237144547936,58.13292399179433,51.81747192081433,33.808222329989206,25.493791731612127,54.276881289481366,142.81964244622515,94.56493665658752,65.53385471734586,19.137322140415243,114.61268597216272,17.369113512098046,31.35149733369431,30.096610635933835,32.62724896208718,73.81645068442083,82.06376920382979,19.161948947717143,7.864728085930118,65.92665437454633,38.10340368430418,21.001159865077554
stroma_ad_dysplasia_FA_HN14_3_mieloides.csv,110.30308805361832,110.30308805361832,110.30308805361832,110.30308805361832,110.30308805361832,110.30308805361832,71.80021005338185,110.30308805361832,90.85282298189128,110.30308805361832,110.30308805361832,110.30308805361832,110.30308805361832,84.69363471298746,110.30308805361832,71.88919318577538,89.7723452167142,110.30308805361832,110.30308805361832,110.30308805361832,67.25192447808311,101.00826258411962,110.30308805361832,7.370595215016573e-309,110.30308805361832,110.30308805361832,100.07777634996708,106.39322842094708,110.30308805361832,110.30308805361832,103.93381905228006,65.03310878521361,45.7174553462382,89.53846667254496,110.30308805361832,69.62249539421765,110.30308805361832,110.30308805361832,110.30308805361832,110.30308805361832,72.97327473839502,81.23819176758704,110.30308805361832,110.30308805361832,88.75286735814402,110.30308805361832,110.30308805361832
stroma_ad_dysplasia_FA_HN15_4_mieloides.csv,49.730461302319334,48.93496773034801,20.577771200170282,21.39615262935773,20.13621940160564,51.65535070850008,74.4029830269274,19.901452314845848,64.87667656267269,36.53227994458657,13.24947777951946,36.02330525278709,30.547148754266686,67.9562706971246,10.669854576684735,74.35849146073063,65.41691544526122,14.138193518239575,21.999338790886576,21.360518894294295,76.67712581457677,59.798956761558514,14.075830747334436,110.30308805361832,1.1579870603844863e-308,30.527281417403096,60.264199878634784,57.106473843144784,41.22313230191295,33.369896578081566,58.3361785274783,142.81964244622512,94.5649366565875,65.53385471734585,29.709982412788356,114.61268597216271,7.327754973470956,40.368064726863615,37.51152060785756,41.64381635525649,73.81645068442083,82.06376920382979,26.576858919640877,9.704327208557963,65.92665437454632,47.11997107747349,9.11330660814808
stroma_ad_carcinoma_FA_HN11A_1_mieloides.csv,40.788408518163195,32.57183834550594,13.230444422983332,17.110278835496395,15.850345607744309,50.751113357412436,63.29811884290022,20.370836420388635,60.843489685758314,19.569681986285786,17.277803637883636,35.89065380813979,26.26127496040535,50.4046941832946,24.91097535101609,63.58152226293352,45.32598367956787,17.588717084703063,23.48179200091002,12.888936294595545,73.90294621331495,57.393371630698034,23.11237144547936,110.30308805361832,30.527281417403096,1.99597026060676e-308,56.88187775304749,52.61759757519998,36.13824112818783,29.084022784220227,46.32057314947383,142.81964244622515,94.5649366565875,49.369277783949116,28.91690026692556,114.61268597216272,36.428579212634155,36.08219093300229,32.10329003742035,37.35794256139515,73.54115932436974,78.61969119670499,16.0293845043113,26.486081945280482,47.7127130671729,47.411315725916936,30.273343534277746
dysplasia_FA_HN11A_1_mieloides.csv,23.3713801835124,31.391409613103633,53.39506706841644,49.823749690429125,50.71467091891513,17.456075818166795,29.445191867026864,47.17526370226189,17.9063433379562,47.00015917104063,56.88187775304749,35.358946631493325,40.16319824985702,23.780132145598103,59.931527897331065,40.07674581764422,20.878226596767476,56.014382101807634,51.07360279542911,56.88187775304749,52.59699681108384,12.399914225229985,58.13292399179433,100.07777634996708,60.264199878634784,56.88187775304749,1.7278512811501054e-308,19.310248526633814,25.06592631831944,32.63913226018221,14.88359429703344,142.81964244622515,82.07237304857196,24.47342710634024,38.99560185137909,108.69697218705585,60.264199878634784,29.294622487966308,40.55952410855225,29.926143158861507,53.78860655245877,52.79966609697918,46.62590461738553,60.264199878634784,16.041758414456353,21.5836429224409,60.264199878634784
carcinoma_FA_HN15_2_mieloides.csv,14.842819827817365,22.862849257408598,44.8665067127214,43.508297619449124,44.39921884793513,10.776836395191623,34.59301836756525,39.33092957789221,17.331047304799846,38.471598815345594,52.61759757519997,29.043494560513324,33.84774617887702,25.354289516685,53.616075826351064,34.50403523517171,23.995088037939162,47.48582174611259,44.75815072444911,48.86883804031278,48.812005593200354,13.328802873125909,51.81747192081433,106.39322842094708,57.106473843144784,52.61759757519998,19.310248526633814,2.115168703810464e-308,25.228350789461118,26.323680189202207,27.261222222267627,142.81964244622515,78.28738183068847,16.85476174840214,32.68014978039909,114.61268597216272,57.106473843144784,25.671792003980272,32.03096375285722,23.610691087881506,50.92134366064103,49.914590721370026,39.17662635494946,55.19118242061545,17.64036106280308,17.20738785425352,57.106473843144784
stroma_ad_dysplasia_FA_HN14_2_mieloides.csv,18.74698972590008,15.048736532244654,28.329140750096997,25.499048028624003,26.38996925711001,24.996484273612232,52.60226795839037,22.203603829696327,33.54965502988094,21.934232852721195,41.060639538849976,14.370540468381549,16.750405709421507,39.70884329878476,35.60682623552594,52.513284825996834,34.63013279505802,30.948455783488193,26.74890113362399,32.331472077688375,59.48650461416274,26.08891407362053,33.808222329989206,110.30308805361832,41.22313230191295,36.13824112818783,25.06592631831944,25.228350789461118,1.7011831134110017e-308,13.289103235748499,20.468658959492156,142.81964244622515,92.92617521771058,34.86401133922726,14.67090018957397,114.61268597216272,47.124430097144014,10.788707321203502,15.884295717961074,14.731021767411463,64.3477309870903,67.92384031219515,25.75023902850018,37.18193282979033,35.6496106536282,15.004912990267506,40.9691944187876
stroma_ad_carcinoma_FA_HN14_5_mieloides.csv,21.95381640815809,16.026266026812152,21.27492240612939,17.184617430246917,18.075538658732924,27.109183579061465,60.91669855676746,15.05511903997484,41.864085628258024,14.88001450875359,34.006421194882364,10.464165398900803,9.673776242129257,48.02327389716184,27.292395637148857,60.82771542437392,42.944563393435104,23.894237439520587,18.434470535246902,25.27725373372077,69.61486558571127,33.143132417588134,25.493791731612127,110.30308805361832,33.369896578081566,29.084022784220227,32.63913226018221,26.323680189202207,13.289103235748499,8.078392743117104e-309,28.783089557869246,142.81964244622515,94.56493665658752,43.17844193760435,9.309699392896427,114.61268597216272,38.80999949876693,10.863856232427061,13.312596770798692,12.563263112337506,71.5940689361276,76.23827091057223,18.50390107946288,28.867502231413248,43.96404125200529,21.005758346693582,32.94642490884152
stroma_ad_dysplasia_FA_HN14_4_mieloides.csv,18.483364470702234,16.50781531607019,41.114020061234825,45.96770698811616,46.85862821660217,24.449420569931444,32.13360899889821,41.79033894655926,22.806818162455087,32.11656487400719,49.44008060453077,31.502903929180363,36.30715554754405,19.240184339292593,56.0754851950181,47.60471059233326,14.161473835565857,48.753226928705075,47.21756009311615,42.513804098974376,49.02492732832857,15.906582052334528,54.276881289481366,103.93381905228006,58.3361785274783,46.32057314947383,14.88359429703344,27.261222222267627,20.468658959492156,28.783089557869246,6.292002818943644e-309,142.81964244622515,79.71427793057202,31.913121251196998,35.13955914906613,112.55301488936882,58.3361785274783,25.438579785653346,25.67592981151881,26.070100456548545,53.88615370125615,47.45518135270299,36.21181631433434,57.65059178928249,24.275819173733737,17.72760022012794,58.3361785274783
dysplasia_FA_HN14_2_mieloides.csv,142.81964244622515,142.81964244622515,142.81964244622515,142.81964244622515,142.81964244622515,142.81964244622515,136.83331883859546,142.81964244622515,142.81964244622515,142.81964244622515,142.81964244622515,142.81964244622515,142.81964244622515,142.81964244622515,142.81964244622515,136.922301970989,142.81964244622515,142.81964244622515,142.81964244622515,142.81964244622515,132.28503326329673,142.81964244622515,142.81964244622515,65.03310878521361,142.81964244622512,142.81964244622515,142.81964244622515,142.81964244622515,142.81964244622515,142.81964244622515,142.81964244622515,9.887030190518737e-309,96.50941157927525,142.81964244622515,142.81964244622515,59.616021578452845,142.81964244622515,142.81964244622515,142.81964244622515,142.81964244622515,138.00638352360863,121.51174648479068,142.81964244622515,142.81964244622515,142.81964244622515,142.81964244622515,142.81964244622515
dysplasia_FA_HN15_3_mieloides.csv,85.15994974770717,87.60431191200479,94.56493665658752,94.56493665658752,94.56493665658752,85.69376202207707,57.268378713347744,94.56493665658752,68.93858886805353,94.56493665658752,94.56493665658752,94.56493665658752,94.56493665658752,85.98218503018867,94.56493665658752,55.651707024759645,85.98218503018867,94.56493665658752,94.56493665658752,94.56493665658752,42.25784570265213,73.14309454602588,94.56493665658752,45.7174553462382,94.5649366565875,94.5649366565875,82.07237304857196,78.28738183068847,92.92617521771058,94.56493665658752,79.71427793057202,96.50941157927525,1.2414647399401414e-308,76.05846300430852,94.56493665658752,44.00308963275373,94.56493665658752,94.56493665658752,94.56493665658752,94.56493665658752,48.58738614067575,87.60431191200479,94.56493665658752,94.56493665658752,78.5731974746326,90.18511647834634,94.5649366565875
stroma_ad_carcinoma_FA_HN15_3_mieloides.csv,26.356682338820875,27.152175910792195,55.509372440969926,60.363059367851264,61.25398059633727,27.631598143593763,21.37043564526796,56.18569132629436,22.5368185518156,39.55486369655364,62.83766586162075,45.898256308915464,50.70250792727916,33.69626995651572,65.53385471734586,28.012883706165994,29.342997078941856,63.148579308440176,61.61291247285125,54.726624746845914,48.65573160692885,24.057580301089445,65.53385471734586,89.53846667254496,65.53385471734585,49.369277783949116,24.47342710634024,16.85476174840214,34.86401133922726,43.17844193760435,31.913121251196998,142.81964244622515,76.05846300430852,1.88617498977751e-308,49.53491152880123,107.9738642838106,65.53385471734586,39.83393216538845,38.57562303328264,40.465452836283646,47.93215782903847,41.18767260026755,49.51028472149933,65.53385471734586,13.464257069384011,32.12295259986304,65.53385471734585
stroma_ad_dysplasia_FA_HN11A_4_mieloides.csv,23.178229189980357,22.382735618009036,20.83116789638086,14.475529205382122,19.955023674352958,27.95864895245488,67.27316814796433,15.998529824403896,48.22055521945491,12.736007496374134,28.853704556787413,8.944967053968199,10.915917783320651,54.37974348835873,20.935926045951973,67.18418501557079,49.30103298463199,19.681041554037566,12.855212711269271,20.238797077518,72.4538399620846,39.4346907968508,19.137322140415243,110.30308805361832,29.709982412788356,28.91690026692556,38.99560185137909,32.68014978039909,14.67090018957397,9.309699392896427,35.13955914906613,142.81964244622515,94.56493665658752,49.53491152880123,1.3907104308940663e-308,114.61268597216272,33.85581973668566,13.289726528044724,10.959288495518592,14.565478156437592,71.73026618419422,82.06376920382979,19.056638381173318,23.21951886404851,50.32051084320217,20.041632878654596,35.377905742004884
dysplasia_FA_HN14_1_mieloides.csv,114.61268597216272,114.61268597216272,114.61268597216272,114.61268597216272,114.61268597216272,114.61268597216272,98.00748345695939,114.61268597216272,99.47201881898005,114.61268597216272,114.61268597216272,114.61268597216272,114.61268597216272,107.9738642838106,114.61268597216272,88.78468404175419,107.9738642838106,114.61268597216272,114.61268597216272,114.61268597216272,75.87112031517188,109.62745842120839,114.61268597216272,69.62249539421765,114.61268597216271,114.61268597216272,108.69697218705585,114.61268597216272,114.61268597216272,114.61268597216272,112.55301488936882,59.616021578452845,44.00308963275373,107.9738642838106,114.61268597216272,9.64277687441609e-309,114.61268597216272,114.61268597216272,114.61268597216272,114.61268597216272,81.59247057548379,107.9738642838106,114.61268597216272,114.61268597216272,107.9738642838106,114.61268597216272,114.61268597216272
stroma_ad_dysplasia_FA_HN11A_5_mieloides.csv,52.355513547935416,51.957766761949756,26.47906899540135,26.278632992851563,25.018699765099477,51.71805564554897,74.40298302692742,25.802750110076914,64.87667656267269,42.433577739817636,19.150775574750522,40.90578561628092,35.42962911776051,67.9562706971246,14.440845409140053,74.35849146073065,65.41691544526122,18.839862127931095,24.06607945525635,27.26181668952536,76.67712581457677,59.798956761558514,17.369113512098046,110.30308805361832,7.327754973470956,36.428579212634155,60.264199878634784,57.106473843144784,47.124430097144014,38.80999949876693,58.3361785274783,142.81964244622515,94.56493665658752,65.53385471734586,33.85581973668566,114.61268597216272,5.788566380584855e-309,44.320889496295,43.412818403088636,44.95876531049144,73.81645068442083,82.06376920382979,32.47815671487194,13.493102391955553,65.92665437454633,49.47237841741433,7.102928611675301
carcinoma_FA_HN11A_4_mieloides.csv,21.397488980386612,16.550039951570163,28.273090554911445,20.529127202462817,21.420048430948825,25.36177020714089,57.57218878455156,22.053287188756897,38.519575856042124,21.878182657535646,41.00458934366443,14.178680434732314,11.112276287522745,44.678764124945936,32.75571398513125,57.48320565215802,39.6000536212192,30.892405588302644,21.778980307462803,32.27542188250282,69.61486558571127,28.36413625381377,31.35149733369431,110.30308805361832,40.368064726863615,36.08219093300229,29.294622487966308,25.671792003980272,10.788707321203502,10.863856232427061,25.438579785653346,142.81964244622515,94.56493665658752,39.83393216538845,13.289726528044724,114.61268597216272,44.320889496295,1.3328557060189725e-308,17.38559913728658,14.908969516413208,69.44918890749767,72.89376113835633,21.503928103880536,32.2244660992173,40.61953147978939,18.505362432148587,39.94459305762358
stroma_ad_dysplasia_FA_HN15_2_mieloides.csv,17.188143925039853,11.423447122490444,22.65723093877279,21.787436334568625,22.678357563054632,30.10647001945742,56.31387965244575,21.003075075348825,48.4827479739739,16.888209005846733,28.635955733919303,11.092788120970738,15.180835183609766,43.420454992840135,31.895214541470565,56.22489652005221,38.341744489113395,24.572956275157537,23.037289439568607,22.191790616876286,73.90294621331495,41.58251186385334,30.096610635933835,110.30308805361832,37.51152060785756,32.10329003742035,40.55952410855225,32.03096375285722,15.884295717961074,13.312596770798692,25.67592981151881,142.81964244622515,94.56493665658752,38.57562303328264,10.959288495518592,114.61268597216272,43.412818403088636,17.38559913728658,5.97004358447114e-309,16.713299223440128,73.54115932436974,71.63545200625052,16.817056322481374,33.47032113573495,39.36122234768358,22.189453945657135,37.25758272473222
dysplasia_FA_HN11A_3_mieloides.csv,14.10877049746277,13.31327692549145,29.548842183304316,20.24766372589876,22.95034297611673,20.334306885051657,58.203709455446756,23.329038817149765,39.151096526937316,23.15393428592851,42.28034097205729,12.545910385315073,13.905392819117004,45.310284795841135,34.03146561352412,58.11472632305322,40.231574292114395,32.16815721669551,22.460217263493973,33.551173510895694,62.77168171590959,28.995656924708967,32.62724896208718,110.30308805361832,41.64381635525649,37.35794256139515,29.926143158861507,23.610691087881506,14.731021767411463,12.563263112337506,26.070100456548545,142.81964244622515,94.56493665658752,40.465452836283646,14.565478156437592,114.61268597216272,44.95876531049144,14.908969516413208,16.713299223440128,1.850494315884644e-308,67.63290808883715,73.52528180925152,22.779679732273408,33.50021772761017,41.251052150684586,16.319293709609582,41.220344686016446
carcinoma_FA_HN14_3_mieloides.csv,59.3318255183913,67.38639355583678,73.54115932436974,73.81645068442083,73.81645068442083,47.29860120378551,38.726911322139685,73.54115932436974,43.11046463873767,73.54115932436974,73.81645068442083,64.06757809320294,73.06812291553072,62.00333252092567,73.81645068442083,33.99897122636156,61.843885967055655,73.81645068442083,73.81645068442083,73.54115932436974,30.983810667365766,45.6549457363561,73.81645068442083,72.97327473839502,73.81645068442083,73.54115932436974,53.78860655245877,50.92134366064103,64.3477309870903,71.5940689361276,53.88615370125615,138.00638352360863,48.58738614067575,47.93215782903847,71.73026618419422,81.59247057548379,73.81645068442083,69.44918890749767,73.54115932436974,67.63290808883715,1.2359249328422423e-308,73.54115932436974,73.54115932436974,73.81645068442083,50.710819696715674,51.68863330553964,73.81645068442083
