,topology_carcinoma_10_clean.csv,topology_dysplasia_18_clean.csv,topology_ad_carcinoma_2_clean.csv,topology_carcinoma_2_clean.csv,topology_ad_carcinoma_10_clean.csv,topology_ad_carcinoma_9_clean.csv,topology_dysplasia_5_clean.csv,topology_ad_carcinoma_3_clean.csv,topology_dysplasia_14_clean.csv,topology_ad_carcinoma_1_clean.csv,topology_dysplasia_13_clean.csv,topology_ad_dysplasia_7_clean.csv,topology_dysplasia_17_clean.csv,topology_carcinoma_8_clean.csv,topology_dysplasia_10_clean.csv,topology_carcinoma_20_clean.csv,topology_dysplasia_11_clean.csv,topology_ad_carcinoma_8_clean.csv,topology_carcinoma_13_clean.csv,topology_ad_carcinoma_4_clean.csv,topology_carcinoma_9_clean.csv,topology_ad_carcinoma_12_clean.csv,topology_carcinoma_4_clean.csv,topology_ad_carcinoma_15_clean.csv,topology_ad_carcinoma_5_clean.csv,topology_ad_dysplasia_8_clean.csv,topology_dysplasia_7_clean.csv,topology_carcinoma_17_clean.csv,topology_dysplasia_19_clean.csv,topology_carcinoma_5_clean.csv,topology_dysplasia_8_clean.csv,topology_carcinoma_7_clean.csv,topology_carcinoma_19_clean.csv,topology_ad_carcinoma_11_clean.csv,topology_dysplasia_2_clean.csv,topology_carcinoma_18_clean.csv,topology_dysplasia_9_clean.csv,topology_carcinoma_11_clean.csv,topology_carcinoma_16_clean.csv,topology_dysplasia_12_clean.csv,topology_ad_dysplasia_1_clean.csv,topology_dysplasia_1_clean.csv,topology_ad_dysplasia_3_clean.csv,topology_ad_carcinoma_6_clean.csv,topology_dysplasia_16_clean.csv,topology_dysplasia_15_clean.csv,topology_dysplasia_4_clean.csv,topology_ad_dysplasia_2_clean.csv,topology_ad_carcinoma_7_clean.csv,topology_ad_carcinoma_13_clean.csv,topology_ad_dysplasia_6_clean.csv,topology_dysplasia_3_clean.csv,topology_ad_dysplasia_9_clean.csv,topology_ad_carcinoma_14_clean.csv,topology_carcinoma_3_clean.csv,topology_carcinoma_6_clean.csv,topology_ad_dysplasia_4_clean.csv,topology_dysplasia_6_clean.csv,topology_ad_dysplasia_10_clean.csv,topology_ad_dysplasia_5_clean.csv,topology_carcinoma_14_clean.csv,topology_carcinoma_12_clean.csv,topology_carcinoma_15_clean.csv,topology_carcinoma_1_clean.csv
topology_carcinoma_10_clean.csv,0.0,12275.796793780619,15115.233628247586,2718.376046572069,16704.34478551443,15850.763176404975,2209.1109401317044,16520.456916588177,9782.770718623358,16648.786857178227,5038.421537444896,21573.94700110565,5635.279629124999,3389.1569147559144,2972.365477963172,6653.711328864628,3441.165893788794,19747.05062349339,4763.133079714539,18605.80481732465,2174.7136131418188,14422.98671681102,2507.4743474407915,11267.521156815392,19520.755229035833,24520.100038673434,7004.879429859248,5322.876273804804,4236.717238232407,3013.3157230013708,7229.231064134695,2905.367971749762,1890.8451316022363,13151.26332541823,7208.620420197799,3434.6095326784557,2722.342728972432,2962.0724178801943,997.4640419384073,2280.809202903542,10505.03236810684,2302.047006877251,14248.998476264806,20122.877964702864,17679.90263945819,8748.00553235822,1434.8830465733936,13162.871167537543,20489.943547090432,19688.35358557572,15666.599195930186,3620.1272612003404,22703.944766141518,14223.674925872114,2735.7776685831072,5263.496358081157,16830.772732198242,6134.1756826935625,10526.078171531059,19261.71562134845,8935.685017694283,6659.165388803261,5643.9089709972295,3777.0983811751025
topology_dysplasia_18_clean.csv,12275.796793780619,0.0,10103.328173998954,11065.810466926152,10597.009797382281,10116.057672755387,10778.267899664674,10211.470526898538,2676.627579177308,11002.001726124166,9707.90229390693,13902.01128829771,10051.935802941467,10846.040580435754,10947.526375236339,9564.18166925665,10255.542903013094,13394.28777766453,9850.26738263553,11900.436452907508,11563.365904141758,8529.432295915978,10747.064097017144,4826.579657520761,12203.953315072078,12266.868303669491,10173.565816414053,9678.505157089716,8148.972335205206,10863.47330029449,9149.532168750686,10849.78363733154,13144.65440781302,5318.748105386632,9646.016341336666,14253.662442471341,11907.730849486301,10645.41984458971,12876.49750079186,11210.684212232738,8774.222603147704,12175.921416535411,4672.519629482006,10510.107482723603,5439.819087214384,3943.8818468853356,11659.26134319657,7477.648330453275,13587.59283991912,11673.343597296787,4708.826743567883,10475.923152632808,10594.911820153042,8875.692795810986,12122.188542302232,10147.235638571537,6658.289678327574,9786.624122702051,8264.366988830421,9692.39760574749,7755.001588119709,9500.702684581474,9367.38932278013,12041.372657925678
topology_ad_carcinoma_2_clean.csv,15115.233628247586,10103.328173998954,0.0,12841.208813188397,1817.3050675921038,1079.0769418324933,12937.526240820167,2141.856820284988,9061.264371775764,1681.292823514207,10182.186300975363,6742.687725672636,9907.171224154754,11938.193192940453,12343.341467625778,8890.37376226073,11805.219369513212,4643.255817506679,10493.636598711144,3752.5484506825323,13151.200640852898,1690.4719135065222,12651.699164369627,6027.940533572483,4789.571220132793,16882.01073741063,8839.267206198,10009.742050515788,13144.733535510788,12252.883808313953,8157.685575389515,12440.297678986619,16614.467333948083,5418.264945750244,8071.374534640064,18510.930733046593,13573.310701877617,12170.225709365857,15869.17733604827,12921.064906301803,4782.620778341205,13927.200177664039,6188.347501264211,8168.643373787794,10332.352155527391,8564.136776589607,14128.457906834896,3025.50426302476,5546.039853538795,5506.384727661802,8637.486500270901,11825.944549919577,15099.135140705635,1474.2558561569367,14260.709524502936,10332.17915129343,7591.5429693321,9311.72212709245,4736.563608558911,7936.399591204826,6211.266281440229,8646.06037211362,9658.422602172124,12886.318778372246
topology_carcinoma_2_clean.csv,2718.376046572069,11065.810466926152,12841.208813188397,0.0,14501.527886193733,13657.848010486206,1792.093619776202,14543.473174757502,8530.241315746396,14408.49823600476,2952.172196717967,19418.169994993263,3059.723098225556,1611.859581622668,1576.8219483253113,4057.8097773422483,1242.4579631450365,17430.90316946467,2617.623773138651,16429.62025691372,1176.3512413197736,12330.390379834298,2104.598914753356,9899.4815644292,17383.166803267464,23275.51826950252,4362.9130534653095,2842.508720952495,4686.309685221233,1023.1407188192459,4746.9013872638025,803.459759402516,4501.619688926587,11848.313034397612,5105.766838748891,5960.849646298955,1021.9597050968575,2399.475697784567,3273.673448217491,3122.323349388856,8094.608435594814,1283.4468119693283,12811.941689675876,18400.254193681812,16438.391876851914,7540.2616541302905,1485.9827536451555,11137.591414004788,18281.45841266139,17660.90601116032,14550.519053294714,1244.4000903506856,21518.622707375427,12095.601986519923,1522.9400584384161,2676.5824958054445,15350.485135987125,3584.849933821029,8540.775448267363,17546.126278338837,6887.64071971638,4327.640376166538,3210.796096403019,1281.838905869962
topology_ad_carcinoma_10_clean.csv,16704.34478551443,10597.009797382281,1817.3050675921038,14501.527886193733,0.0,877.6158225344793,14545.546880697058,1265.8829380322265,9854.89238782948,1119.5110181647137,11858.308534564288,4986.407265478486,11561.038235069836,13600.794617377913,13989.905544607716,10595.336238096499,13437.836058950732,3164.2651397332916,12139.392399261631,1981.6491894305134,14802.419857607529,2379.368050245771,14266.47188041489,6898.010553531437,3026.708617392305,15543.825546314218,10552.689433201997,11693.721288275594,14472.278638674314,13931.190541602038,9813.709396971984,14084.673143183965,18182.038886776518,5882.991745633745,9774.194666565048,20065.732940351798,15270.921749469127,13786.538844222332,17494.987523715088,14498.211895247703,6512.9947172191005,15612.428009996715,6385.644000688975,6650.513624338561,10185.086277735589,9587.979852605826,15767.807042543887,3824.633247033504,3806.0263024485353,3828.5535131861498,8721.446275899436,13501.53892660249,13861.644337590858,2514.709278113495,15932.45963581087,11971.191117711167,6741.32989097323,10995.134481570076,6386.746991239535,6588.358043524952,7870.365196536548,10349.918297076083,11318.830350881877,14578.022529609736
topology_ad_carcinoma_9_clean.csv,15850.763176404975,10116.057672755387,1079.0769418324933,13657.848010486206,877.6158225344793,0.0,13685.79496985751,1395.6514994684785,9215.90156854401,1195.5952626835742,11000.185583005912,5809.217974687537,10769.20653717899,12747.579326594932,13137.051190756842,9772.51668906968,12588.66866383591,3967.495602067435,11295.289694858286,2797.0843809825406,13949.460472775781,1708.5356737849331,13411.83183700231,6217.296308003304,3820.741645610688,16119.034512444105,9746.47280125758,10851.7345849439,13658.840088990954,13073.825514394153,8996.891158388893,13235.546052393422,17331.501025018257,5420.004923914574,8924.553153046689,19221.484284173574,14424.788012934321,12926.223413366017,16633.49289306165,13648.440275348019,5683.81120985232,14756.81086108792,6053.5576692250825,7243.240618907839,10067.81764621314,8855.585888496633,14914.386340109866,3173.8257123561825,4655.861360747578,4559.44560893429,8489.270907921094,12653.829760608407,14342.245288273662,1677.787369595587,15093.705315512012,11173.171865987666,6829.387985506324,10170.958967868157,5539.209038672645,7161.391649741731,7017.697413289044,9497.288318554622,10477.176014077859,13747.466584152766
topology_dysplasia_5_clean.csv,2209.1109401317044,10778.267899664674,12937.526240820167,1792.093619776202,14545.546880697058,13685.79496985751,0.0,14461.209420762236,8275.426593328442,14476.578124562608,2926.7777353329407,19426.440267815346,3879.1403161872627,1526.122935274817,1662.8204393103365,4638.961206196308,1528.3513514320778,17565.037173596866,2580.5859651458454,16451.942169614922,1215.1958386711833,12278.184305892375,714.6381984077141,9398.421963014443,17374.307519915743,23022.996450358114,5133.291857435895,3200.0305035855417,3225.17763442141,1369.5373695977605,5050.41223781618,1351.2336584381856,3791.97644784704,11323.087303702294,5039.931163758779,5610.785846546327,2317.785586602238,986.4471256036746,2962.535845422781,1550.02797666757,8306.102178797608,1872.0757191687328,12368.608810615486,18118.23155775671,16179.749500432938,7252.109212260585,1506.3670538448384,11040.507693547026,18329.922561504038,17572.51691065875,13984.60614113986,2397.9856799972895,21236.796012501192,12079.18759128407,2557.9364962410245,3857.8280806351836,14949.02683732329,4210.828679681007,8439.939612511389,17260.30671917967,6792.337617010859,4482.21517935088,3475.3500191018475,2821.83521123152
topology_ad_carcinoma_3_clean.csv,16520.456916588177,10211.470526898538,2141.856820284988,14543.473174757502,1265.8829380322265,1395.6514994684785,14461.209420762236,0.0,9618.161496554294,1525.6101196586487,11813.870005563585,5161.887382220654,11794.944690877735,13471.17661180981,13805.455935730271,10729.952345186142,13448.897188816947,3647.2511980395902,12141.13904454762,2203.6466213876683,14685.8444902174,2271.5512068107973,14156.363015010218,6382.6384641468085,3121.6887203492947,15727.008083465184,10730.172764467256,11786.06862938634,14121.925380846953,13830.873353790079,10016.106225111884,14088.699986676238,18013.13054314638,5200.9476519462105,9749.281586533332,19885.533922750812,15111.327501157464,13656.526668964349,17357.95866212899,14339.773783019833,6611.567798383876,15567.445906940111,5810.9987624183395,6823.349076128955,9957.551876015763,9303.632060652568,15695.690725059772,4088.4082960229575,4116.353359729713,3825.489258079772,7856.030147009285,13448.821611409616,13881.498598246615,2472.8269268247186,15902.90305050633,12202.506173675909,6480.009750725042,11159.688847874526,6214.688667218832,6780.231166081123,7780.884314683126,10363.743444254846,11359.769027422426,14669.55725190333
topology_dysplasia_14_clean.csv,9782.770718623358,2676.627579177308,9061.264371775764,8530.241315746396,9854.89238782948,9215.90156854401,8275.426593328442,9618.161496554294,0.0,10176.456340449211,7200.655474379433,13900.17692949351,7423.452125747722,8339.023195860027,8448.844382091567,6942.26685941176,7744.386632601189,12899.17315644113,7322.773165713477,11435.24724326789,9057.34352012309,7598.967378995976,8237.531886591183,3647.495610552843,11955.24347771155,14779.707747123635,7547.387150483998,7093.863654431521,5902.5035030450235,8354.01151629266,6544.55960969224,8345.115582115723,10721.948174588739,4985.5042910118955,7149.910429646603,12086.767920172271,9403.616403797421,8138.686784595917,10406.660767286492,8725.255213673488,6800.013026649165,9674.05609008106,5191.45010496571,11279.58075852362,7950.818075498252,1404.9033330361929,9167.911085908285,6269.362918351818,13253.012665968565,11664.969557868164,6369.328708614572,7985.567928216624,13033.139532111185,7807.801296563302,9685.549174554182,7525.834940901024,7663.116031060268,7157.507969560243,6464.354194242396,10386.59606761431,5623.451307293063,6983.201688975992,6841.664288916782,9516.360221985697
topology_ad_carcinoma_1_clean.csv,16648.786857178227,11002.001726124166,1681.292823514207,14408.49823600476,1119.5110181647137,1195.5952626835742,14476.578124562608,1525.6101196586487,10176.456340449211,0.0,11752.789384259027,5122.3806203564745,11489.049222081989,13496.985223279373,13891.094968373247,10485.795091242446,13354.117814363444,3110.960908506148,12058.256603042553,2112.035794252067,14705.007793455512,2703.368533407682,14185.964982422469,7175.4938204587415,3177.881114068174,15726.28224255343,10449.930498211881,11582.20463402028,14577.42182373072,13821.20696382499,9727.28794866003,13996.65473052386,18143.03587487502,6254.920176165176,9653.171434761529,20034.60864481038,15146.212523338914,13712.780511839606,17421.006250885814,14448.844620170525,6385.150113560881,15501.51600601299,6705.665106146194,6981.645103586543,10487.470194709429,9828.62454354967,15680.45023678374,4127.605079705429,3935.389489873124,4124.70255908632,8885.578075230569,13385.874367951415,13942.092393321436,2674.9585822480085,15822.733370387843,11895.297248836347,6744.36711614177,10896.79378216989,6282.922768836333,6795.57552084156,7764.737843572421,10227.603340188269,11224.117300764789,14475.311697513709
topology_dysplasia_13_clean.csv,5038.421537444896,9707.90229390693,10182.186300975363,2952.172196717967,11858.308534564288,11000.185583005912,2926.7777353329407,11813.870005563585,7200.655474379433,11752.789384259027,0.0,16777.63830244732,2007.758625887666,1788.067876246928,2183.242017177164,1793.3539106782498,1830.6587852692346,14817.18591008699,650.9129562414639,13782.903831230578,2989.806388585184,9640.72981769678,2614.9296844931637,7546.37745417729,14740.229324487525,21951.328578792847,2426.0480965823344,1192.701070697044,4980.372672454066,2110.6839953951935,2214.683220461146,2356.0950435797818,6615.004228578197,9364.164589589827,2274.014750391743,8434.485596073559,3568.9467917354145,2349.8026061983755,5744.500909766419,3364.1493746976116,5499.804132951292,3794.773111557401,10711.335986057717,15968.340636822073,15106.791840158397,6161.2671170419635,3962.005684273799,8527.891814012733,15643.422262796556,15037.963466544163,12747.48934895,1922.750229369221,20159.67390721139,9387.134062148221,4172.198604687743,2298.617825962457,13238.15626088641,1809.57645244247,5731.611608009368,15145.8806089412,4060.5981332235547,1708.5012137450017,718.6024328641897,3137.979157809915
topology_ad_dysplasia_7_clean.csv,21573.94700110565,13902.01128829771,6742.687725672636,19418.169994993263,4986.407265478486,5809.217974687537,19426.440267815346,5161.887382220654,13900.17692949351,5122.3806203564745,16777.63830244732,0.0,16510.803677802363,18525.31599749134,18911.636620586665,15549.053640684328,18351.895422302157,2465.3972176968587,17046.92009785687,3045.5463021652454,19718.97268868874,7167.1559739464365,19144.435128972782,11161.69931552473,2087.376732179185,13793.837470832512,15508.48122246374,16629.690549065348,19124.524700025395,18857.415823414125,14757.054994989627,19004.816911035596,23017.538579105152,9518.49981084286,14720.433796853335,24903.13002249871,20215.987214742694,18673.842164935482,22365.931570865774,19365.231801309987,11476.37688467357,20543.52594921563,9296.372683212274,4908.871761236248,11690.964360484983,13915.147981967319,20677.277572200117,8460.16959479451,1681.3169883177547,2324.356690183924,10429.694163404438,18440.944256502327,12400.12869556435,7427.058170779346,20873.196514928073,16920.06296651121,7707.164130768635,15942.774093645998,11329.450904048039,4911.1761662011995,12801.53297697891,15282.811758550988,16239.874715506132,19521.099403374203
topology_dysplasia_17_clean.csv,5635.279629124999,10051.935802941467,9907.171224154754,3059.723098225556,11561.038235069836,10769.20653717899,3879.1403161872627,11794.944690877735,7423.452125747722,11489.049222081989,2007.758625887666,16510.803677802363,0.0,2947.719741620109,2861.7357746155367,1485.053664544328,2401.3547252647895,14417.365372790096,2121.056282660564,13510.07812604634,3659.1653052152137,9603.309978480178,3631.2221544731083,8087.198064720186,14501.257361327234,21562.737081550655,1619.0330195625565,969.2845398191322,6331.969967746173,2843.616222220563,1820.7485688839386,2864.027917452929,7364.807891197355,9953.000157547227,4075.7739653387184,8996.804675166728,3802.4528156854003,3672.3600844931198,6310.583923270022,4840.268451062278,5262.560543058251,4174.964143306689,10858.968248122286,16003.566647842881,14738.29417502521,6217.268286591896,4493.781595775825,8483.149837264209,15329.158103698626,14891.942904937649,12951.109238398878,2111.6317084137586,19837.06596349793,9371.959486063775,4484.495836552113,544.5160616045976,13285.30767088539,785.1114649257355,6152.8341829837345,15169.517334409591,4827.594409623598,3407.5726361767543,1921.1290273940247,3138.5828990779933
topology_carcinoma_8_clean.csv,3389.1569147559144,10846.040580435754,11938.193192940453,1611.859581622668,13600.794617377913,12747.579326594932,1526.122935274817,13471.17661180981,8339.023195860027,13496.985223279373,1788.067876246928,18525.31599749134,2947.719741620109,0.0,737.8185027021227,3347.383132850312,1085.6152650369852,16569.71766595048,1509.5774124646118,15523.12522567709,1300.9843646936524,11378.465887397231,1262.8887072831246,8833.991004712398,16479.898040429594,23091.46360862687,3754.9991878223686,2131.9773352997145,4117.797147090416,682.6996539020884,3955.7042200888445,911.051174630839,4998.246283432301,10741.331388844996,3938.0110217746687,6764.625810509115,2082.1802152816786,1293.8644674474754,4093.6262475268854,2178.2027352096475,7227.214515485279,2159.2439937578106,12014.184071170579,17532.80799686582,16250.982242977203,7301.692090785717,2315.478261548526,10230.634287522367,17394.7200783416,16756.50165277243,13840.355067183462,1606.9649700806908,21272.185429983892,11116.630225551493,2669.0024077782655,3024.5572994727027,14579.678214684674,2998.2977429641364,7362.713634364527,16692.048629481462,5756.265288848037,3350.6130331134354,2350.952005910022,2080.324508640072
topology_dysplasia_10_clean.csv,2972.365477963172,10947.526375236339,12343.341467625778,1576.8219483253113,13989.905544607716,13137.051190756842,1662.8204393103365,13805.455935730271,8448.844382091567,13891.094968373247,2183.242017177164,18911.636620586665,2861.7357746155367,737.8185027021227,0.0,3772.020672278254,1193.865816419703,16976.45823055672,1919.9590859930559,15904.924871565163,1134.0935225379715,11760.24016882509,1442.3268295187981,9080.069984689417,16864.179091175218,23186.19560612253,4126.319885108383,2465.7708899877293,3988.488778758843,797.7857916021758,4372.23478804722,1011.4123805167469,4678.01261979717,10943.696835851437,4359.924389421592,6339.2289851632695,2035.5588628775795,1512.2766099950695,3704.6514670701386,2351.3597470454274,7658.693303642768,2108.708306060015,12346.297597828865,17890.478205644526,16350.748358452505,7398.890893905396,2225.4771242576426,10602.074663893245,17784.50080709475,17128.19540637833,14113.82686705925,1469.7052362780844,21345.5060392182,11500.952560518579,2670.383666111587,2875.1062705654967,14926.684576999389,3301.024063321877,7701.848107044848,17045.087282133285,6144.485231464235,3800.1110369358794,2781.421749713134,2159.5348782055644
topology_carcinoma_20_clean.csv,6653.711328864628,9564.18166925665,8890.37376226073,4057.8097773422483,10595.336238096499,9772.51668906968,4638.961206196308,10729.952345186142,6942.26685941176,10485.795091242446,1793.3539106782498,15549.053640684328,1485.053664544328,3347.383132850312,3772.020672278254,0.0,3299.160338971167,13457.694100697905,2270.0140694983274,12545.387875422593,4534.3099543744565,8556.63559296932,4316.537288354634,7244.71720596488,13539.453457235632,21400.942096498227,749.2399086253009,1485.4114312031566,6728.111089092035,3663.9588913066254,970.4071043395112,3763.646496771307,8271.62959960965,9010.616948205194,3011.6544986263043,10009.509266358264,4781.15308340943,4108.169188429316,7320.251707657704,5072.70484211742,4145.826828227899,5151.227073842517,10214.364091126152,15148.628715690214,14569.105167142716,5751.515372285824,5507.182027534622,7561.8304513709845,14371.023213257467,13944.354965142395,12423.889342221646,3125.0621512709536,19648.55074645133,8271.845726785583,5467.845754784466,1747.6781458483329,12650.83789964397,831.5291809474932,4922.546193283492,14346.704187188525,3553.1053830202277,2317.9555444068187,1522.0929685823453,4006.6363361296744
topology_dysplasia_11_clean.csv,3441.165893788794,10255.542903013094,11805.219369513212,1242.4579631450365,13437.836058950732,12588.66866383591,1528.3513514320778,13448.897188816947,7744.386632601189,13354.117814363444,1830.6587852692346,18351.895422302157,2401.3547252647895,1085.6152650369852,1193.865816419703,3299.160338971167,0.0,16404.476014000364,1469.53609848131,15360.106233403496,1548.9971532755783,11243.592267175352,1533.313433050864,8813.93849697189,16307.613434998315,22488.04556977576,3715.0331206192377,1900.9065708038816,4322.385641544855,813.3391479928989,3798.7007023899914,800.3144252290988,5061.6519055835715,10740.799852352846,3991.6849771083535,6837.8583764956775,2011.1818184499082,1803.9459446307644,4155.045620454749,2790.063114861255,7104.212622604864,2219.404511852692,11795.494145548975,17340.69519203431,15650.5727981923,6741.980836004767,2363.5598358113316,10054.372627428394,17220.005113709427,16580.20060289334,13573.121872765918,1035.8603871569546,20728.20197151358,11010.847903056505,2588.356307584137,2337.371924011748,14344.44846693923,2786.220026069813,7418.253306060272,16489.500457882114,5742.073237397919,3263.9794688054153,2212.7534615260533,1935.4573185535246
topology_ad_carcinoma_8_clean.csv,19747.05062349339,13394.28777766453,4643.255817506679,17430.90316946467,3164.2651397332916,3967.495602067435,17565.037173596866,3647.2511980395902,12899.17315644113,3110.960908506148,14817.18591008699,2465.3972176968587,14417.365372790096,16569.71766595048,16976.45823055672,13457.694100697905,16404.476014000364,0.0,15089.702793722665,1617.193740245269,17788.428094898696,5505.868244705032,17278.889111593257,9999.661152276534,1690.9768223518108,15154.541159134766,13356.377653817746,14602.683327055605,17617.152885510197,16887.227481578488,12699.606048452366,17038.73341126618,21239.18364956527,8688.642436513876,12692.36895951111,23134.798975722486,18200.72486795315,16804.332582491592,20504.680259194323,17549.028382161854,9390.440107227398,18555.493347656997,8845.762812882842,6264.857481911197,11981.39437444069,12712.319950648654,18760.094138428074,6952.6572206390765,1519.8563347523184,3067.8378585170167,10566.751494555574,16450.194563214816,13677.208637033931,5586.934340290801,18871.43458051481,14858.0820299094,7970.1981220521875,13870.961952979593,9362.434630058337,6186.552808692341,10847.18352796225,13270.221131220283,14246.583814685288,17446.579835729983
topology_carcinoma_13_clean.csv,4763.133079714539,9850.26738263553,10493.636598711144,2617.623773138651,12139.392399261631,11295.289694858286,2580.5859651458454,12141.13904454762,7322.773165713477,12058.256603042553,650.9129562414639,17046.92009785687,2121.056282660564,1509.5774124646118,1919.9590859930559,2270.0140694983274,1469.53609848131,15089.702793722665,0.0,14062.541229683313,2716.787670366805,9941.565819995678,2299.684104307764,7794.371225149812,15007.146710414374,22073.278649217646,2849.7036478599834,1265.7520832813525,4661.967031378566,1872.6525493889676,2668.136231990025,2019.875974099339,6314.844612556708,9609.898160628196,2625.771662225278,8163.070634669199,3319.4053917288966,1915.5658386958464,5477.9961133983625,2864.902063226605,5790.236651894864,3526.3182475339004,10856.266669152084,16171.899855303413,15239.915694224743,6339.822592418698,3692.4310803222334,8778.963251545065,15913.000568497642,15292.184890501452,12889.983745605798,1756.1947989326075,20320.849030233978,9702.97543453635,3886.6468071428726,2426.8441843744145,13388.755821288745,2107.352661308141,6090.124606993679,15330.602213409973,4415.433484428476,1940.7760033743589,965.1214076048911,2846.1606381513434
topology_ad_carcinoma_4_clean.csv,18605.80481732465,11900.436452907508,3752.5484506825323,16429.62025691372,1981.6491894305134,2797.0843809825406,16451.942169614922,2203.6466213876683,11435.24724326789,2112.035794252067,13782.903831230578,3045.5463021652454,13510.07812604634,15523.12522567709,15904.924871565163,12545.387875422593,15360.106233403496,1617.193740245269,14062.541229683313,0.0,16717.64366062764,4196.262986823383,16168.152723590378,8530.611052269205,1174.8574175186513,14846.972796918926,12507.972942448896,13631.643040856483,16274.182842509945,15857.74407243443,11757.695441783926,16008.720894969487,20074.31683091174,7185.590809013221,11711.205153956947,21955.04093215296,17200.970821528386,15694.023736811738,19400.853857450384,16396.60111187962,8463.683418929917,17540.97535686526,7346.577685047389,5917.39599068473,10683.710573161026,11265.087455986608,17681.280962931967,5605.966932147502,2071.14632941343,2724.2654304663474,9219.514029659937,15425.691834892732,13213.411001536024,4422.612913213557,17855.751524492898,13916.703861046573,6776.069440183445,12941.816828608959,8313.359070757553,5864.314018322681,9791.521651407842,12284.273585989707,13249.331824476427,16522.408814412007
topology_carcinoma_9_clean.csv,2174.7136131418188,11563.365904141758,13151.200640852898,1176.3512413197736,14802.419857607529,13949.460472775781,1215.1958386711833,14685.8444902174,9057.34352012309,14705.007793455512,2989.806388585184,19718.97268868874,3659.1653052152137,1300.9843646936524,1134.0935225379715,4534.3099543744565,1548.9971532755783,17788.428094898696,2716.787670366805,16717.64366062764,0.0,12561.568992953686,1376.2506810458,9888.709941693469,17673.148100777224,23804.724418840873,4860.358689650689,3258.3412148119114,3984.4119897451897,977.8105499455802,5170.362123112529,915.4076092768141,3863.901530118748,11781.637537677047,5162.0663005553615,5490.924600304663,1511.1036285420626,1574.3088167453395,2817.7654636845405,2178.7092458580514,8463.663106355141,1282.4544252332657,13040.806949413649,18645.769866035993,16966.65843148393,8002.019797147416,1392.4245938081835,11404.6143998781,18596.04688021185,17934.732663125353,14766.147664049306,1848.6317805196618,22004.74689373859,12312.3729561739,1987.43892565338,3515.5029097467645,15620.327288255243,4040.522363661708,8592.359201441082,17796.887723354637,6956.93769671118,4591.803804722526,3578.629354837183,1942.1730986743542
topology_ad_carcinoma_12_clean.csv,14422.98671681102,8529.432295915978,1690.4719135065222,12330.390379834298,2379.368050245771,1708.5356737849331,12278.184305892375,2271.5512068107973,7598.967378995976,2703.368533407682,9640.72981769678,7167.1559739464365,9603.309978480178,11378.465887397231,11760.24016882509,8556.63559296932,11243.592267175352,5505.868244705032,9941.565819995678,4196.262986823383,12561.568992953686,0.0,12001.434206604177,4562.167460745452,5119.337660109109,16327.147750489117,8611.419731689037,9570.865926042903,12147.857346343484,11711.899372546002,7817.533382523211,11891.559757361127,15886.57079297173,3922.097937635428,7619.984063807919,17777.663439154272,13088.97010525689,11514.899488024554,15211.731176360072,12216.795858449039,4553.392649516194,13405.790820155207,4959.664211146265,7521.714506946492,9534.942453793557,7248.277159443483,13524.214968264105,2313.2775992931183,6078.085173567476,5475.239232511313,7421.555397897716,11315.600823894336,14535.412469725095,851.0070579159237,13753.610868521093,9999.479654117145,7026.9126605085385,8980.631314684102,4253.421301446478,7377.750231310606,5676.648179388042,8183.113919381186,9161.49912945321,12490.467715810093
topology_carcinoma_4_clean.csv,2507.4743474407915,10747.064097017144,12651.699164369627,2104.598914753356,14266.47188041489,13411.83183700231,714.6381984077141,14156.363015010218,8237.531886591183,14185.964982422469,2614.9296844931637,19144.435128972782,3631.2221544731083,1262.8887072831246,1442.3268295187981,4316.537288354634,1533.313433050864,17278.889111593257,2299.684104307764,16168.152723590378,1376.2506810458,12001.434206604177,0.0,9067.134843927224,17095.80626797961,22976.519564751532,4805.896449554525,2883.655230547176,2995.3946762279566,1356.8596009094863,4774.600075789779,1447.586457722579,4093.038493952843,10949.195619878532,4733.898597775683,5906.882863902508,2694.990705475647,579.9465639311237,3255.0347038215464,1351.099979413134,8032.2286662488,2294.459608357289,12112.755599265154,17790.409609527564,16147.092514272867,7208.044199384804,1999.4035762586461,10749.800529949414,18047.228395884536,17276.59605645855,13862.834850208652,2426.5604025491293,21195.308100490543,11777.714120815284,3043.9460862569226,3696.8678328936103,14677.316769038393,3889.7441086960716,8115.194152248129,16934.793624131373,6488.909021122032,4193.767097227556,3180.530753178501,2952.181951941331
topology_ad_carcinoma_15_clean.csv,11267.521156815392,4826.579657520761,6027.940533572483,9899.4815644292,6898.010553531437,6217.296308003304,9398.421963014443,6382.6384641468085,3647.495610552843,7175.4938204587415,7546.37745417729,11161.69931552473,8087.198064720186,8833.991004712398,9080.069984689417,7244.71720596488,8813.93849697189,9999.661152276534,7794.371225149812,8530.611052269205,9888.709941693469,4562.167460745452,9067.134843927224,0.0,9155.669230989579,14947.872197826575,7618.506186928757,7763.859038021253,8253.13163897391,9130.758949678839,6567.946245046108,9372.513302847738,12565.673719846209,2101.2204087619484,7286.229776786792,14374.491132860037,10501.229893500433,8708.505200991307,12155.233412199346,9367.542972690562,5081.608435641491,10830.889222322025,3561.396270911426,9043.606355106716,8122.97730748666,3313.3777311473473,10717.037138474201,3315.9809711035805,10405.458079871132,8988.83074879928,5617.884061685979,9034.691444734306,13108.428353963067,4688.0519554507155,11190.879429596162,8402.151330009792,6038.143058319055,7554.558640382956,4483.974839572683,8181.3635400271905,5198.11273938306,7220.210393821913,7231.365864032874,10440.665301705807
topology_ad_carcinoma_5_clean.csv,19520.755229035833,12203.953315072078,4789.571220132793,17383.166803267464,3026.708617392305,3820.741645610688,17374.307519915743,3121.6887203492947,11955.24347771155,3177.881114068174,14740.229324487525,2087.376732179185,14501.257361327234,16479.898040429594,16864.179091175218,13539.453457235632,16307.613434998315,1690.9768223518108,15007.146710414374,1174.8574175186513,17673.148100777224,5119.337660109109,17095.80626797961,9155.669230989579,0.0,14022.047424677381,13516.436997943129,14608.218424045303,17070.151397324968,16815.89003106117,12744.949177930761,16960.453421772458,20961.48583216259,7618.054670773477,12692.84868031573,22845.94895858414,18180.849136848723,16622.515143270473,20319.564493101283,17312.032851277952,9476.963005112959,18503.95127909646,7596.959166361655,5103.661780911849,10549.391800030204,11903.835140353387,18628.32275042093,6406.326621068128,1605.2259214753676,1867.4962779416787,9147.604213460947,16402.380625459857,12535.017118851889,5402.553281487584,18829.717314371766,14904.00833749768,6526.547505189047,13933.568520809768,9297.688134170261,5014.028633248383,10766.013689260832,13257.503851829235,14208.80775431674,17504.47212338774
topology_ad_dysplasia_8_clean.csv,24520.100038673434,12266.868303669491,16882.01073741063,23275.51826950252,15543.825546314218,16119.034512444105,23022.996450358114,15727.008083465184,14779.707747123635,15726.28224255343,21951.328578792847,13793.837470832512,21562.737081550655,23091.46360862687,23186.19560612253,21400.942096498227,22488.04556977576,15154.541159134766,22073.278649217646,14846.972796918926,23804.724418840873,16327.147750489117,22976.519564751532,14947.872197826575,14022.047424677381,0.0,21741.441248206356,21714.498672028105,20381.394133499776,23107.06031625055,20544.46211344744,23089.54044475505,25388.341091691407,13759.152383831803,21884.881047448293,26492.972324666454,24134.97454432366,22888.093094761003,25119.60286408774,23452.895189708077,19157.396287009433,24422.28536931774,11504.068828531228,9030.154189530182,6860.592050305843,15831.935236750309,23902.631040465792,15118.42485523164,14137.482246027264,12350.299251502767,9408.099043957218,22707.65167423974,1872.999445904632,17029.183111319653,24349.09475606029,21775.11024885126,9325.766168920096,21448.545050364886,19261.543725649382,9188.94473775618,19859.705005547625,21731.833142167223,21582.605612314346,24257.29266587062
topology_dysplasia_7_clean.csv,7004.879429859248,10173.565816414053,8839.267206198,4362.9130534653095,10552.689433201997,9746.47280125758,5133.291857435895,10730.172764467256,7547.387150483998,10449.930498211881,2426.0480965823344,15508.48122246374,1619.0330195625565,3754.9991878223686,4126.319885108383,749.2399086253009,3715.0331206192377,13356.377653817746,2849.7036478599834,12507.972942448896,4860.358689650689,8611.419731689037,4805.896449554525,7618.506186928757,13516.436997943129,21741.441248206356,0.0,1987.9000746100357,7386.602065564435,4037.79061586038,1292.0179877190274,4131.165416393898,8621.84361714406,9333.39046194816,3309.060224932365,10294.35683614093,4980.7578799093835,4644.065558430124,7617.2115003293475,5637.861275318773,4145.382897026551,5351.6105442904045,10523.955288740197,15324.481450383844,14917.418150321648,6321.56128182155,5837.119254782113,7703.8799374607015,14309.514945740297,13986.521773624727,12790.693543463589,3445.31834230808,20001.370359964272,8308.222487463936,5681.648906267325,1939.1378069679417,12943.13150811002,992.0211492352387,5072.486597555385,14531.522197665034,3938.8616027332682,2669.8303655115774,2146.8028331376786,4131.811299843302
topology_carcinoma_17_clean.csv,5322.876273804804,9678.505157089716,10009.742050515788,2842.508720952495,11693.721288275594,10851.7345849439,3200.0305035855417,11786.06862938634,7093.863654431521,11582.20463402028,1192.701070697044,16629.690549065348,969.2845398191322,2131.9773352997145,2465.7708899877293,1485.4114312031566,1900.9065708038816,14602.683327055605,1265.7520832813525,13631.643040856483,3258.3412148119114,9570.865926042903,2883.655230547176,7763.859038021253,14608.218424045303,21714.498672028105,1987.9000746100357,0.0,5590.3203619142,2338.390469326956,1964.6214502267055,2482.875528296611,6891.171335733862,9639.729687513653,3267.5666995021693,8718.446558867121,3605.040782489318,2730.032872049935,6030.273387162938,3886.7405582237757,5284.286903557963,3963.3300971303443,10699.912555826055,15964.793708388243,14876.43820874781,6006.507770044995,4227.828719801011,8491.704738448678,15472.992219605268,14957.617784631,12724.31801599142,1870.3601717964218,19948.651546987858,9327.533923956735,4283.141269103781,1200.4858918886912,13197.846167675132,1098.5245685003854,5885.107963208433,15139.417666946218,4343.257021544367,2589.4068703061516,1078.9517129262417,2927.5625403543168
topology_dysplasia_19_clean.csv,4236.717238232407,8148.972335205206,13144.733535510788,4686.309685221233,14472.278638674314,13658.840088990954,3225.17763442141,14121.925380846953,5902.5035030450235,14577.42182373072,4980.372672454066,19124.524700025395,6331.969967746173,4117.797147090416,3988.488778758843,6728.111089092035,4322.385641544855,17617.152885510197,4661.967031378566,16274.182842509945,3984.4119897451897,12147.857346343484,2995.3946762279566,8253.13163897391,17070.151397324968,20381.394133499776,7386.602065564435,5590.3203619142,0.0,4182.344194387811,6772.27355940931,4252.445571192115,5172.8614810237,10066.252762115631,6192.2439457911005,6310.478563324157,5087.891852087628,3013.3556949571575,4885.482972889019,3278.264327136497,9340.741224889005,4869.989865472224,10979.319555977587,17065.386454262312,13548.203082694858,5395.799778122903,4205.256706969951,10705.87374078376,18189.027946077553,17051.24479838956,11994.746221880338,5042.924366737804,18564.439883383562,12045.211001052361,5263.890842606365,6352.029106613284,13533.049295253393,6568.028647824208,8940.865798155108,16182.734381521559,7616.768640390622,5900.041061764549,5314.271487021291,5821.760839641748
topology_carcinoma_5_clean.csv,3013.3157230013708,10863.47330029449,12252.883808313953,1023.1407188192459,13931.190541602038,13073.825514394153,1369.5373695977605,13830.873353790079,8354.01151629266,13821.20696382499,2110.6839953951935,18857.415823414125,2843.616222220563,682.6996539020884,797.7857916021758,3663.9588913066254,813.3391479928989,16887.227481578488,1872.6525493889676,15857.74407243443,977.8105499455802,11711.899372546002,1356.8596009094863,9130.758949678839,16815.89003106117,23107.06031625055,4037.79061586038,2338.390469326956,4182.344194387811,0.0,4255.496758202343,461.76955001468986,4633.717681357836,11050.055725062282,4269.8307063940765,6397.713104546644,1593.0633884270462,1538.8933293875116,3718.5162895707776,2383.619159267927,7547.310218342453,1780.787466262257,12274.12339049532,17857.871005202585,16261.942470587355,7308.999197210238,1970.1056805190894,10583.42035135733,17721.77101517737,17104.701317037274,14002.300800826302,1302.1974773959594,21302.269850099652,11445.008606695517,2207.204345273139,2840.0279966495646,14842.696204630522,3145.2421195997094,7720.347977416715,17009.05752501747,6083.20438346792,3677.909240242757,2670.6792798087445,1706.7497452389057
topology_dysplasia_8_clean.csv,7229.231064134695,9149.532168750686,8157.685575389515,4746.9013872638025,9813.709396971984,8996.891158388893,5050.41223781618,10016.106225111884,6544.55960969224,9727.28794866003,2214.683220461146,14757.054994989627,1820.7485688839386,3955.7042200888445,4372.23478804722,970.4071043395112,3798.7007023899914,12699.606048452366,2668.136231990025,11757.695441783926,5170.362123112529,7817.533382523211,4774.600075789779,6567.946245046108,12744.949177930761,20544.46211344744,1292.0179877190274,1964.6214502267055,6772.27355940931,4255.496758202343,0.0,4390.716099863307,8798.222641011229,8348.278039752895,3274.2742403501675,10627.476486368601,5508.333562283878,4447.5976617581,7940.273393081544,5460.571043419284,3516.4303757695757,5871.113499848272,9418.577381576328,14327.953108868529,13706.683684693735,5298.65919516084,6138.7877513275635,6757.146311221619,13589.01899481493,13138.219386625105,11687.809635529657,3780.2785453419824,18801.516909427966,7581.448540962057,6188.356048137809,2204.9995330473225,11810.179421620409,1292.5801534980003,4348.664074108506,13527.163951087006,3195.3377650179896,2564.605225955875,1769.2299822463065,4772.249122223435
