,topology_carcinoma_10_clean.csv,topology_dysplasia_18_clean.csv,topology_ad_carcinoma_2_clean.csv,topology_carcinoma_2_clean.csv,topology_ad_carcinoma_10_clean.csv,topology_ad_carcinoma_9_clean.csv,topology_dysplasia_5_clean.csv,topology_ad_carcinoma_3_clean.csv,topology_dysplasia_14_clean.csv,topology_ad_carcinoma_1_clean.csv,topology_dysplasia_13_clean.csv,topology_ad_dysplasia_7_clean.csv,topology_dysplasia_17_clean.csv,topology_carcinoma_8_clean.csv,topology_dysplasia_10_clean.csv,topology_carcinoma_20_clean.csv,topology_dysplasia_11_clean.csv,topology_ad_carcinoma_8_clean.csv,topology_carcinoma_13_clean.csv,topology_ad_carcinoma_4_clean.csv,topology_carcinoma_9_clean.csv,topology_ad_carcinoma_12_clean.csv,topology_carcinoma_4_clean.csv,topology_ad_carcinoma_15_clean.csv,topology_ad_carcinoma_5_clean.csv,topology_ad_dysplasia_8_clean.csv,topology_dysplasia_7_clean.csv,topology_carcinoma_17_clean.csv,topology_dysplasia_19_clean.csv,topology_carcinoma_5_clean.csv,topology_dysplasia_8_clean.csv,topology_carcinoma_7_clean.csv,topology_carcinoma_19_clean.csv,topology_ad_carcinoma_11_clean.csv,topology_dysplasia_2_clean.csv,topology_carcinoma_18_clean.csv,topology_dysplasia_9_clean.csv,topology_carcinoma_11_clean.csv,topology_carcinoma_16_clean.csv,topology_dysplasia_12_clean.csv,topology_ad_dysplasia_1_clean.csv,topology_dysplasia_1_clean.csv,topology_ad_dysplasia_3_clean.csv,topology_ad_carcinoma_6_clean.csv,topology_dysplasia_16_clean.csv,topology_dysplasia_15_clean.csv,topology_dysplasia_4_clean.csv,topology_ad_dysplasia_2_clean.csv,topology_ad_carcinoma_7_clean.csv,topology_ad_carcinoma_13_clean.csv,topology_ad_dysplasia_6_clean.csv,topology_dysplasia_3_clean.csv,topology_ad_dysplasia_9_clean.csv,topology_ad_carcinoma_14_clean.csv,topology_carcinoma_3_clean.csv,topology_carcinoma_6_clean.csv,topology_ad_dysplasia_4_clean.csv,topology_dysplasia_6_clean.csv,topology_ad_dysplasia_10_clean.csv,topology_ad_dysplasia_5_clean.csv,topology_carcinoma_14_clean.csv,topology_carcinoma_12_clean.csv,topology_carcinoma_15_clean.csv,topology_carcinoma_1_clean.csv
topology_carcinoma_10_clean.csv,0.0,2350.91277178143,2930.2280854400756,1890.1774097688362,3296.7306249425787,2923.480026357183,1146.057846922024,3457.0343230589756,2134.019353648441,3630.971675277169,1612.3739052574645,inf,3058.764337700723,1874.2709078596827,1879.1137599715496,2619.555044892017,1562.2460425639404,4295.754371121628,1666.065325175476,3909.7050576054353,1367.3000655248788,2624.007002632303,1192.378319897533,2593.8449707085974,3781.224230724152,3715.082259249513,3003.1334320414185,2274.707437493076,1411.7090261309652,1777.209771866606,3018.1511366877817,1983.9757581442905,1008.1147113620348,2700.683261251252,inf,1037.6065154961918,inf,1459.9800757543762,1170.707053907675,1036.8649082332158,2321.3507037810864,1708.5886324320106,2506.6146162453633,3866.509743014532,3002.642028751075,2285.200903795561,1523.0141145984214,2596.114543833422,4430.353585871601,3819.2122717782518,2751.2667802756905,inf,3587.3879542566974,2534.961220902862,1659.7859728120638,2783.162349536669,3144.892854031423,3114.7623651181957,2415.2166318286527,3688.6089026283476,2330.2120266096167,2131.501132194205,1861.164589975511,1915.3961167792
topology_dysplasia_18_clean.csv,2350.91277178143,0.0,1481.9489577526997,2080.0760884638485,1333.7143940336716,1275.181026309241,1887.7366660609403,1645.5768585227815,742.3173679812701,1650.3617111938104,1795.3611027571837,inf,1703.4785995658651,1844.876310450984,1911.471220011561,1680.236741668337,1700.1508239881744,2187.731178347718,1621.187617378669,1848.9242133854418,2037.8580658334356,1079.8964940574112,1811.613720610412,859.3466335673156,1714.8922066143614,1791.5064459706357,1827.7363416445205,1711.8920245756494,1634.1978833351743,1954.5053593234823,1667.9043951210986,1978.0586693905707,2607.0283450617794,1514.796386214275,inf,2835.416921059402,inf,1810.1823864466865,2510.3916118023953,2163.810573325758,1370.924061457638,2189.72349268672,1179.3563430449246,1775.3459162670804,952.4426527268469,891.8433432106658,2155.8614143503964,956.3517683499825,2325.1276800669075,1717.6468535395811,1375.5670111916802,inf,1693.4145933142445,1223.0276190575776,2175.573852664302,1875.1660255983659,1184.0066042571862,1907.62713243263,1508.1910490389566,1578.699009455754,1278.27030471945,1557.628245953029,1653.440946853171,2131.623200920655
topology_ad_carcinoma_2_clean.csv,2930.2280854400756,1481.9489577526997,0.0,2878.0821020939316,1105.0038822567349,887.2968477530964,2556.6993716659845,1054.8118864771782,1654.661407145196,1102.5872969475777,2112.766983991331,inf,2338.276229657103,2481.2632473653216,2254.2789697340677,2063.342576367436,2297.0825094928296,1705.3672237855649,2267.9104177692575,1369.890992185926,2634.7585798554514,852.7794680934314,2462.423029018233,999.309160422054,1252.0539179554999,2252.395134827424,2282.172622004162,2373.774639674585,2533.6057255307087,2614.9752373955575,2262.555449844247,2772.15503722418,3184.114362655552,1351.9974382374896,inf,3498.7013982016188,inf,2319.7782652013325,3109.236820828762,2501.1608402976813,1202.3715196612238,2841.1860864191895,1209.9543692416623,1523.3514049286657,1524.5367650223266,1582.0280180664904,2844.524946988848,901.768047211369,1802.813905560434,1287.6473204863746,1334.9293373943583,inf,2079.7769253570245,873.9908887130307,2816.6685769717815,2680.5434939808997,1383.647517932304,2455.992158255728,1311.5064340209042,1337.1643331624814,1352.7503477035732,1962.0117588389605,2050.091699937454,2771.242155724114
topology_carcinoma_2_clean.csv,1890.1774097688362,2080.0760884638485,2878.0821020939316,0.0,2702.474219879449,2587.2140013825924,1212.8033408564445,3258.5508310088776,1791.8463284708566,3199.00726854031,1378.7772632091983,inf,1782.7020871209593,1069.749262117798,1637.8773734883728,1564.4986809423744,1127.301675409447,3835.139227564829,1109.2533348808888,3374.8518348501966,1021.8889818272962,2528.140241747147,1192.0229455914282,2377.7771881003387,3259.28319866758,3669.8985751375567,1824.4259603955848,1182.9761273667705,1084.1258763129038,729.7050317840667,1800.0594554146826,689.3133019141819,2399.3380718008602,3165.6223841519286,inf,2162.8944854815727,inf,1280.7166111636689,1306.6796375901872,1946.7391174981146,2283.1775131286845,804.5625608550371,2815.2514629871444,3506.1564245352156,2709.552578538407,1750.7131652014743,853.5964295849208,2399.9897286040145,3878.561281439642,3288.38129988227,3128.475887316205,inf,3602.541773996486,2550.92751217726,871.684680618913,1307.376924966463,3007.983720664653,1753.386844911339,2600.5368864277625,3262.436297426215,2006.8787517817889,1276.361726423162,1202.8257525018055,743.4965339851275
topology_ad_carcinoma_10_clean.csv,3296.7306249425787,1333.7143940336716,1105.0038822567349,2702.474219879449,0.0,785.8921446555838,2729.193805899638,1063.7027249262767,1548.55268975911,812.0450403182507,2243.288837474267,inf,1866.34041532327,2371.687801841854,2459.215036769167,1839.9243081319228,2443.7188436038236,1376.9933041879542,2278.031412872579,955.4678853528535,2690.889931066883,1181.3334789563412,2570.873496303721,1055.275425538798,871.9064312894111,2207.028952154913,1852.9981087885399,2196.9739269619317,2497.601660777734,2529.452002248771,1719.3435329216636,2594.566478876328,3579.714971766291,2011.753502815484,inf,3789.228179935783,inf,2455.9464152797063,3298.7778927715003,2797.744149187109,1462.169620242301,2901.8257563737075,1765.8468649395984,1328.54533506658,1283.8507553834938,1496.220006937282,2899.6462955616266,1074.6292106629858,1390.0286455883145,918.5066379842756,1899.753622080965,inf,2088.012867820505,1267.195018977569,2840.8110787186883,2147.9006248194914,1384.7440908523663,1877.1175702956164,1573.3269219368892,1148.843599617372,1351.4750773190276,1767.2790185046028,2087.762506431967,2651.8187136918336
topology_ad_carcinoma_9_clean.csv,2923.480026357183,1275.181026309241,887.2968477530964,2587.2140013825924,785.8921446555838,0.0,2379.419635270388,1087.8690617167986,1429.9702275651798,1065.3616456198833,1912.2426585187293,inf,1845.2310516256841,2174.504049304661,2158.4851865166784,1647.2245128066972,2099.8690027316707,1702.3568778831877,2056.518209876439,1265.0471109603402,2396.020093410264,878.1590641746474,2324.509037448006,844.4881942794327,1167.5486987685285,2273.659842970146,1826.5983436573806,1970.4920047091928,2332.558913323668,2338.8009749544785,1720.3311536841222,2448.5141441874234,3191.739299058837,1648.5281631141856,inf,3456.457348997547,inf,2154.73537230602,2968.0329288004855,2479.3144128084355,1117.0277561607566,2598.718054504235,1376.71693274044,1539.3600060373294,1342.0273480508997,1300.0035683414794,2622.1253795447774,761.7567116138723,1760.7685295748436,1227.3695944155195,1592.017771153051,inf,2102.8527890595847,918.833127676452,2595.2809233676157,2185.838834065885,1416.2003593873371,1897.129131245698,1232.4185522975545,1325.0255672563862,1155.749471038879,1676.9169582265256,1856.9212540309609,2446.016659099856
topology_dysplasia_5_clean.csv,1146.057846922024,1887.7366660609403,2556.6993716659845,1212.8033408564445,2729.193805899638,2379.419635270388,0.0,3086.349649721625,1627.1638021317772,3118.8133031424577,1010.8184904490092,inf,2232.401621413828,1198.451498357511,1337.829818782074,1829.229435495823,927.7321646805442,3789.318147054068,954.7698846665008,3397.8784775413174,789.4418516616446,2198.1484405776805,703.887239656035,2136.115378334907,3262.9956862809904,3469.9844511179185,2218.7297953537864,1505.6425680154255,937.2395778786804,1065.9264203706964,2233.7295803971588,1288.357483906369,1549.6356503936906,2579.4593627476006,inf,1510.421573147059,inf,855.6640352414903,983.0737879749848,1160.9269669823607,1865.0653112253437,1133.0076424640688,2259.4163141114213,3461.66527988926,2582.938185163835,1638.329664796103,941.3428825167462,2105.4948863725767,3919.0733681570377,3291.62649670332,2588.3188051465513,inf,3331.0938210009713,2129.5340945909566,963.4408598825656,1957.8812743510682,2815.467198668701,2295.473502156187,2110.769616705616,3234.0433193432686,1793.875905274873,1420.671862589871,1144.5104900666943,1187.8391751677877
topology_ad_carcinoma_3_clean.csv,3457.0343230589756,1645.5768585227815,1054.8118864771782,3258.5508310088776,1063.7027249262767,1087.8690617167986,3086.349649721625,0.0,1840.1803827950841,959.6779822988108,2528.785115713286,inf,2383.802963791503,2657.7035410112558,2566.845591167159,2315.2390994868656,2758.286969346116,1402.3809450159308,2641.456527770902,1105.5228232537718,3049.787898598887,1267.7904159688514,2999.2542932568313,1266.4803794804977,1027.9297360681567,2219.5891781416494,2320.0644502361642,2542.3297572659176,2931.471464723313,3016.1970101862657,2204.071828179899,3059.984484593681,3768.615638612139,1745.6643648505592,inf,4092.9331070186827,inf,2805.312900789556,3643.9470516828296,2944.2736369131376,1626.7976292644184,3154.698924259899,1677.073137831771,1367.497048483014,1483.794562099439,1832.6553929233971,3322.656204102725,1267.7138557536925,1497.9719238112366,1034.2080743801305,1659.446585679665,inf,2087.4721380902556,1348.0624218737187,3298.6874252287803,2763.7359747968444,1395.7624512507473,2489.6468151093245,1657.8801970230477,1195.104004662115,1639.1738596553419,2282.753484660091,2533.6627589605782,3135.1485911991117
topology_dysplasia_14_clean.csv,2134.019353648441,742.3173679812701,1654.661407145196,1791.8463284708566,1548.55268975911,1429.9702275651798,1627.1638021317772,1840.1803827950841,0.0,1935.0897300502775,1462.515277290303,inf,1553.996363969493,1495.9154859018408,1547.1470515653787,1381.5575819340793,1412.3569085972697,2518.4500582660708,1275.313984554407,2129.8642131449024,1689.6143565384375,1269.0265468018044,1548.6401535899506,1056.8424315053824,2023.1852660706215,2238.9565141404655,1536.2259620906748,1396.378617642195,1399.587708239746,1623.000403852246,1451.315814204953,1685.7939489375294,2488.4322024440053,1800.8627764942687,inf,2689.649002227923,inf,1530.3856323576276,2206.7147150605283,1966.3982507806227,1308.7289788851988,1818.5057167034392,1474.9380192628269,2153.645304373938,1337.4868782159183,728.3942730645956,1851.4906790658813,1124.5018303693957,2642.461906545869,2030.2277577024652,1678.4125939846926,inf,2177.1078355494906,1349.7217159330012,1859.0360349377333,1614.3710260600399,1591.7153546690108,1671.9340381548307,1466.0186426273121,1944.7393450108434,1095.0899198824172,1251.4455556697776,1334.9197195498864,1830.6310612676075
topology_ad_carcinoma_1_clean.csv,3630.971675277169,1650.3617111938104,1102.5872969475777,3199.00726854031,812.0450403182507,1065.3616456198833,3118.8133031424577,959.6779822988108,1935.0897300502775,0.0,2631.7137475064274,inf,2274.551370877714,2764.2584970750117,2773.3494212521136,2236.872101056498,2813.1182486003663,984.7684770193723,2715.4752833365396,701.2226296181276,3087.2066970676233,1286.687574937901,2984.8045757215177,1276.7377373170768,696.9859444568261,2094.467693542865,2261.0338740191482,2587.90915052604,2909.8216079782064,2989.160421124278,2137.6898639339997,3030.9415176923094,3880.837172041086,1954.384861527732,inf,4139.059940471735,inf,2812.6299954137075,3707.4298444241604,3125.3215315579255,1724.4659512461922,3266.24345187074,1771.4931330700958,1195.2195791625438,1370.4780151713562,1846.0191959712624,3322.3960128354765,1312.0993405509594,1035.7025893696073,765.3658764393656,1817.823493685541,inf,1936.6223433109521,1462.8298566573098,3252.81557403943,2636.8289164194753,1311.9436606813167,2303.859040246218,1825.974548755075,1030.3301325691084,1649.6512782641587,2216.6700148926366,2519.567262738419,3096.1333732127537
topology_dysplasia_13_clean.csv,1612.3739052574645,1795.3611027571837,2112.766983991331,1378.7772632091983,2243.288837474267,1912.2426585187293,1010.8184904490092,2528.785115713286,1462.515277290303,2631.7137475064274,0.0,inf,1867.2590227686046,1047.150062189842,1085.247775172242,1391.1262684067185,964.6502543311651,3301.5086125422763,887.1116117599128,2884.2737191899237,1037.1654147921145,1792.6847091769996,985.3725084229111,1808.7030216637145,2802.7058630106385,3410.7685797728254,1798.99148873319,1267.5812141892325,1221.756114432901,1155.3605370558316,1801.575826064311,1331.8766319300362,1984.6870949991355,2421.3722656472005,inf,2093.4324675285734,inf,909.2495062430265,1493.5627104830746,1345.5523917798007,1426.7799784628342,1325.2951336626732,2170.173415556884,3030.5999140353483,2501.422220490104,1457.6450697925711,1272.2585508726859,1698.226190199537,3409.4446463826202,2822.783423063562,2483.922679146068,inf,3249.7154376364206,1740.3494328892727,1175.7202703751977,1704.1484269388636,2605.2808311530907,1915.564040835337,1697.6309150997106,2808.208296549133,1311.7203780915938,1062.6858910654385,942.6350954999451,1287.4848478607796
topology_ad_dysplasia_7_clean.csv,inf,inf,inf,inf,inf,inf,inf,inf,inf,inf,inf,0.0,inf,inf,inf,inf,inf,inf,inf,inf,inf,inf,inf,inf,inf,inf,inf,inf,inf,inf,inf,inf,inf,inf,2903.7194205373116,inf,inf,inf,inf,inf,inf,inf,inf,inf,inf,inf,inf,inf,inf,inf,inf,3254.959169745987,inf,inf,inf,inf,inf,inf,inf,inf,inf,inf,inf,inf
topology_dysplasia_17_clean.csv,3058.764337700723,1703.4785995658651,2338.276229657103,1782.7020871209593,1866.34041532327,1845.2310516256841,2232.401621413828,2383.802963791503,1553.996363969493,2274.551370877714,1867.2590227686046,inf,0.0,1655.6292444386834,1754.860029746277,821.9934401269279,1784.9467269740471,2804.0840440451752,1777.0639086661695,2352.3553445369084,2037.0091952990304,2074.5462560906344,2179.133822284884,1902.9428077217801,2350.402577069075,3166.960714777767,877.7224212241283,1179.3342479147498,2043.8365136923394,1726.8903889900553,808.1903961723049,1649.400894174604,3436.8174677151264,2901.733958420998,inf,3471.5096307237764,inf,1974.96995534633,2578.4352569916323,2828.2413147513166,1983.828855379104,1974.133609744241,2572.810345007299,2666.2401526371755,2173.7380768152734,1369.1228622661074,2084.668480959128,1846.1668033766894,2840.283863218744,2405.1296629821604,2795.9519895300873,inf,3076.4970495390917,2157.3946362449915,1836.1822770384529,921.6583181001836,2435.2037333930853,738.1211260545068,2237.3425471643627,2467.864754934138,1686.3053342484027,1418.4176930470067,1575.1799429054429,1644.835468307291
topology_carcinoma_8_clean.csv,1874.2709078596827,1844.876310450984,2481.2632473653216,1069.749262117798,2371.687801841854,2174.504049304661,1198.451498357511,2657.7035410112558,1495.9154859018408,2764.2584970750117,1047.150062189842,inf,1655.6292444386834,0.0,1143.2849674247193,1362.811466021277,907.7232448433406,3445.662946137947,912.2482362495107,2989.793892334045,1001.6532483969308,2103.726790516691,1148.4533778739574,1943.1140485584806,2902.198446800623,3426.8151202571958,1520.6131037773864,929.1845539595711,1067.3070641745433,856.610866817186,1493.8207309195918,949.5721224374149,2337.942427873975,2744.3555365997495,inf,2330.2234380735617,inf,993.7524464079474,1541.362734744788,1708.7293390403424,1840.4627323197583,1016.2827879805415,2477.991898563045,3137.782170533894,2473.406699483702,1418.2630358763856,1123.3431377417348,1976.548686829008,3505.590567799142,2919.9125052260597,2742.4725666392656,inf,3309.205957125992,2129.6419668455587,1097.0012278348586,1301.8205332715193,2668.591834782947,1624.8946569591405,2118.44864101769,2912.744289742808,1512.3878660093485,1052.4793944497828,1024.169899355246,988.3581004066515
topology_dysplasia_10_clean.csv,1879.1137599715496,1911.471220011561,2254.2789697340677,1637.8773734883728,2459.215036769167,2158.4851865166784,1337.829818782074,2566.845591167159,1547.1470515653787,2773.3494212521136,1085.247775172242,inf,1754.860029746277,1143.2849674247193,0.0,1359.6945642426394,1084.332102724726,3448.535726677152,1165.4820922215285,3059.5954374367902,1269.053211529938,2003.9534403601774,1370.5978974154395,1952.2453883554122,3006.3992574894,3509.420279182577,1663.2330928851006,1199.7957059135008,1502.3354085445171,1375.645323365508,1647.562467607254,1486.9834671379726,2226.2763974263357,2307.3152739598872,inf,2426.5369497393467,inf,1184.6196931818622,1684.086427396153,1649.0124467387934,1505.2876443317466,1452.827048426971,2246.734144877735,3215.1049082847535,2575.458651153316,1431.3582812499274,1511.9351896586372,1930.5906722211353,3579.794487834939,3040.9283281352555,2389.8660468344287,inf,3347.5383135195602,1881.599874954269,1350.1077816707548,1659.1055288647235,2743.8280734144582,1815.0230479566894,1566.3008110122003,2990.118764175062,1470.4935743214462,1229.86445346148,1075.6747236160006,1423.6004050512997
topology_carcinoma_20_clean.csv,2619.555044892017,1680.236741668337,2063.342576367436,1564.4986809423744,1839.9243081319228,1647.2245128066972,1829.229435495823,2315.2390994868656,1381.5575819340793,2236.872101056498,1391.1262684067185,inf,821.9934401269279,1362.811466021277,1359.6945642426394,0.0,1439.9858192195084,2858.9888861008685,1389.02374739011,2443.615691060625,1652.0820820789643,1833.8973168952273,1802.2800904210833,1698.4631981858665,2420.680481969103,3284.802022624049,839.2125899689976,924.4191505227298,1770.8524617251842,1438.7334659989326,841.5003968425189,1447.605707146457,2981.6875644894712,2612.090650028945,inf,3063.8571281695167,inf,1613.6863414808877,2198.892336397544,2359.3911848557136,1567.2559271816601,1659.1122909399332,2318.270384345179,2768.8907054912856,2306.914561429773,1193.7378252358176,1769.30589804145,1597.0882961290176,2943.1256612680104,2455.73060897548,2560.9743126850253,inf,3148.038266736829,1824.750030832288,1574.8163997100344,1010.0272532515329,2485.8257852239144,894.9441626550216,1840.6724520569576,2530.1848199811293,1378.3509865113062,1093.5893473091085,1187.2494830935048,1405.705090372823
topology_dysplasia_11_clean.csv,1562.2460425639404,1700.1508239881744,2297.0825094928296,1127.301675409447,2443.7188436038236,2099.8690027316707,927.7321646805442,2758.286969346116,1412.3569085972697,2813.1182486003663,964.6502543311651,inf,1784.9467269740471,907.7232448433406,1084.332102724726,1439.9858192195084,0.0,3515.823543559955,909.1063368334231,3082.023057929417,950.9387477705304,1964.3098466683725,921.9785448493532,1890.051945917033,2977.8109376806106,3300.1849919925744,1792.824738789214,1109.2944582038688,937.7817680054075,912.9553945943844,1785.7244565716555,1071.2440361450538,1975.9120648864855,2413.222104550942,inf,1968.0293912642053,inf,811.8897287677388,1299.9629000467567,1520.1645587419403,1666.487547714257,1023.6408764242407,2128.449054363221,3194.898706754291,2387.8323343315747,1314.3879433804354,981.0842569544649,1855.8179056594533,3619.745054992661,3018.2149789633213,2417.5032017386534,inf,3153.6185580848837,1901.125610573087,1001.2754194079268,1577.3216659097486,2608.6446854002006,1863.5797073172796,1923.2074501795773,2971.6061668750117,1493.3557245097495,1130.05193501385,1003.6497973304224,1059.451046658618
topology_ad_carcinoma_8_clean.csv,4295.754371121628,2187.731178347718,1705.3672237855649,3835.139227564829,1376.9933041879542,1702.3568778831877,3789.318147054068,1402.3809450159308,2518.4500582660708,984.7684770193723,3301.5086125422763,inf,2804.0840440451752,3445.662946137947,3448.535726677152,2858.9888861008685,3515.823543559955,0.0,3383.489973742235,822.9380904787809,3756.9697661070336,1886.3850477433202,3653.5938551914064,1926.0763247520447,916.0716220576307,2177.6559224149414,2844.0492433989803,3253.978946279338,3577.6338943758983,3672.6883693049126,2695.607239609855,3646.829370557994,4539.296183025635,2415.6977690937783,inf,4821.626358119088,inf,3510.5637687094595,4410.170336689015,3783.7341369774713,2404.126833489691,3967.9864047435085,2277.3011286535752,1229.2717982138267,1676.772657615368,2541.658812822606,4015.600354480825,1944.0070449377952,724.1557503408803,920.567704568572,2272.179084131868,inf,2087.524742690983,2089.7508484871323,3940.123593075386,3195.8286771076605,1607.955283037348,2871.885354502461,2505.1788467954593,1102.6426233882457,2305.8797811843856,2850.0932499384635,3191.3208039061024,3754.7191618250977
topology_carcinoma_13_clean.csv,1666.065325175476,1621.187617378669,2267.9104177692575,1109.2533348808888,2278.031412872579,2056.518209876439,954.7698846665008,2641.456527770902,1275.313984554407,2715.4752833365396,887.1116117599128,inf,1777.0639086661695,912.2482362495107,1165.4820922215285,1389.02374739011,909.1063368334231,3383.489973742235,0.0,2953.1675029741596,943.537254663903,1904.0208979791344,879.2848258110333,1827.2472122245395,2831.2432016470675,3216.2101059390675,1657.7205295712354,1077.7875474021705,975.3966914142394,967.1893263960585,1669.5667739356213,1146.131606081241,2071.7074317238175,2516.9899487875086,inf,2099.4051906896534,inf,960.1173578398036,1451.3725615672904,1518.0754469382023,1590.7455447084483,1148.7759738874715,2170.3593201428516,3048.268209910802,2282.1391233768145,1289.947547753904,1122.1085134350544,1786.5963307623892,3466.819269775517,2855.3261813890585,2480.48905994446,inf,3108.769853542864,1909.737475908867,1031.5807204520006,1483.508070032829,2535.8064499949373,1794.5092431008923,1907.9383309881487,2822.3576496523056,1470.1241443511412,930.0300668722028,763.3076893688586,1109.3073383053907
topology_ad_carcinoma_4_clean.csv,3909.7050576054353,1848.9242133854418,1369.890992185926,3374.8518348501966,955.4678853528535,1265.0471109603402,3397.8784775413174,1105.5228232537718,2129.8642131449024,701.2226296181276,2884.2737191899237,inf,2352.3553445369084,2989.793892334045,3059.5954374367902,2443.615691060625,3082.023057929417,822.9380904787809,2953.1675029741596,0.0,3341.678609508931,1551.5139278042975,3222.2972372545373,1554.5839710847201,584.642082339343,1952.1302747978673,2428.230546189784,2795.676369206633,3168.4585381516863,3212.437010284852,2257.733500264487,3212.2088464707126,4184.829301849137,2213.63651683875,inf,4423.001090674632,inf,3093.8655961885,3991.9626890509976,3437.3587854858793,2010.0213223608757,3543.2409995020785,2037.8157789581123,971.1131810849159,1278.5395350193016,2119.3545442226496,3575.618098121794,1569.160396000566,767.85610991654,672.3524594214082,2068.5869161093424,inf,1905.5834069800874,1749.9583315575771,3513.9065164876038,2683.709861832819,1386.3393768750975,2418.8750259350177,2130.7445588901446,867.5396605438094,1898.87069450619,2402.7069022471046,2768.898907684955,3311.5035507207576
topology_carcinoma_9_clean.csv,1367.3000655248788,2037.8580658334356,2634.7585798554514,1021.8889818272962,2690.889931066883,2396.020093410264,789.4418516616446,3049.787898598887,1689.6143565384375,3087.2066970676233,1037.1654147921145,inf,2037.0091952990304,1001.6532483969308,1269.053211529938,1652.0820820789643,950.9387477705304,3756.9697661070336,943.537254663903,3341.678609508931,0.0,2282.304952134413,826.4600844206789,2181.9029528159554,3233.2017568945066,3657.843155070549,1990.6779188771575,1299.7273293434775,1020.0792119172568,893.6422220035615,2005.2798042906184,1077.6495440689687,1846.6200953402815,2829.683035270356,inf,1785.8092370649529,inf,897.85935425604,1045.23899859915,1349.6472245797079,1919.043651593244,918.5576648148484,2516.3029409027977,3452.7926518502823,2710.128807059655,1649.0525214664792,866.7599315843628,2178.1135083624013,3864.764636998785,3265.4273630084062,2847.5407905718334,inf,3542.9566506185415,2252.8984711935777,846.4471644456172,1722.8719307197853,2954.0311937785887,2099.4944731309793,2174.3606005956485,3229.7128448845724,1770.8681080611116,1278.601353111616,1047.351012750177,961.3769743362343
topology_ad_carcinoma_12_clean.csv,2624.007002632303,1079.8964940574112,852.7794680934314,2528.140241747147,1181.3334789563412,878.1590641746474,2198.1484405776805,1267.7904159688514,1269.0265468018044,1286.687574937901,1792.6847091769996,inf,2074.5462560906344,2103.726790516691,2003.9534403601774,1833.8973168952273,1964.3098466683725,1886.3850477433202,1904.0208979791344,1551.5139278042975,2282.304952134413,0.0,2062.1351601452157,682.3645833069429,1421.705757617902,2032.2921444727347,2037.4476219401886,2085.2809678056497,2102.5038791533925,2238.2713049909707,2014.1688419919492,2391.763577779486,2851.234391685518,1229.3235819351085,inf,3107.158278034469,inf,1967.7065483320039,2783.5164261078735,2230.6776640194325,1085.0329995770858,2547.020912959667,979.3564946027996,1519.2275287107395,1261.7563987105518,1263.5035967067179,2475.6078691122643,638.3830155159494,2004.2684195577804,1435.3285129879175,1249.7626213491467,inf,1865.2320375741435,759.5897731355209,2431.6149687866123,2341.2388847380926,1189.525514137835,2171.8223386365735,1120.547497481451,1334.553830981038,1144.051224210028,1669.8472117341933,1746.5186969035801,2416.4098918239365
topology_carcinoma_4_clean.csv,1192.378319897533,1811.613720610412,2462.423029018233,1192.0229455914282,2570.873496303721,2324.509037448006,703.887239656035,2999.2542932568313,1548.6401535899506,2984.8045757215177,985.3725084229111,inf,2179.133822284884,1148.4533778739574,1370.5978974154395,1802.2800904210833,921.9785448493532,3653.5938551914064,879.2848258110333,3222.2972372545373,826.4600844206789,2062.1351601452157,0.0,1999.04200687526,3109.091014774529,3333.4463736163384,2160.390043347305,1516.3930406523723,825.8781045992772,1012.8086118436861,2189.6378114477957,1247.6117699990966,1631.2553076214906,2508.493913738476,inf,1591.618004901013,inf,795.5784296192547,1128.8792595471753,1171.3414042503678,1843.2643539008038,1159.1812885958457,2216.642715124324,3273.3244215909735,2466.119789984997,1581.5008917335347,938.7178425845522,2034.6672693762575,3748.6847683709157,3142.5497060889147,2561.5502945258277,inf,3208.1623016984663,2093.997149478887,943.5462515067105,1908.470974059448,2634.1925089666947,2236.8034561579047,2096.1716344307433,3062.6208387987604,1674.4393523620865,1291.155015908622,1057.0300428769879,1163.4039473656696
topology_ad_carcinoma_15_clean.csv,2593.8449707085974,859.3466335673156,999.309160422054,2377.7771881003387,1055.275425538798,844.4881942794327,2136.115378334907,1266.4803794804977,1056.8424315053824,1276.7377373170768,1808.7030216637145,inf,1902.9428077217801,1943.1140485584806,1952.2453883554122,1698.4631981858665,1890.051945917033,1926.0763247520447,1827.2472122245395,1554.5839710847201,2181.9029528159554,682.3645833069429,1999.04200687526,0.0,1428.7577629894604,1896.4662773318714,1893.918944726831,1902.932114155923,1965.3269474984459,2110.7965826890827,1815.339927450103,2265.1230876344457,2850.7341216863683,1303.5846559672636,inf,3104.0283368858472,inf,1927.3544789411078,2709.8161239814644,2285.566666027249,1170.7412616764177,2403.745556685326,1051.0139430441961,1551.9548800213354,1076.044197172414,1050.5498313120963,2375.3966794981407,686.8886759697816,2034.6096442864193,1441.7070706987358,1234.5013271758532,inf,1743.923471759639,882.4239544402835,2363.7375345320165,2112.916604937349,1125.8855128758526,1974.7443944040463,1163.4211012449427,1333.840479924605,1180.9918195093373,1622.3658233653318,1710.1431597907788,2305.5814271238255
topology_ad_carcinoma_5_clean.csv,3781.224230724152,1714.8922066143614,1252.0539179554999,3259.28319866758,871.9064312894111,1167.5486987685285,3262.9956862809904,1027.9297360681567,2023.1852660706215,696.9859444568261,2802.7058630106385,inf,2350.402577069075,2902.198446800623,3006.3992574894,2420.680481969103,2977.8109376806106,916.0716220576307,2831.2432016470675,584.642082339343,3233.2017568945066,1421.705757617902,3109.091014774529,1428.7577629894604,0.0,1876.7995329535902,2440.0048884220264,2735.6572676597402,3029.6156537148495,3104.8295965607176,2253.7287442957977,3123.5406404547084,4060.584678456903,2091.84274743913,inf,4298.838068000543,inf,2980.2701042043664,3855.9658926057996,3308.0378484640314,1936.1978523888772,3428.0600260357833,1914.8922300664315,966.3875968480552,1209.6950458144615,1989.197824085915,3447.5279321541143,1461.3101691591828,882.4827872310527,547.7150560134316,1959.34080129573,inf,1806.596283260517,1606.186125991923,3406.64259566218,2676.1483172520416,1287.58805751038,2437.3425576471122,2018.925603538241,803.2371523116959,1827.0438462732793,2295.826152654259,2642.6292068620282,3200.7607630270486
topology_ad_dysplasia_8_clean.csv,3715.082259249513,1791.5064459706357,2252.395134827424,3669.8985751375567,2207.028952154913,2273.659842970146,3469.9844511179185,2219.5891781416494,2238.9565141404655,2094.467693542865,3410.7685797728254,inf,3166.960714777767,3426.8151202571958,3509.420279182577,3284.802022624049,3300.1849919925744,2177.6559224149414,3216.2101059390675,1952.1302747978673,3657.843155070549,2032.2921444727347,3333.4463736163384,1896.4662773318714,1876.7995329535902,0.0,3388.5750958868753,3347.6224377946533,3089.164873218267,3557.4248853096806,3134.4870118375434,3606.532261950697,3916.6010051027915,1672.0094718982602,inf,4055.1548167953583,inf,3395.032240544371,4078.647870614763,3649.1755103523633,2812.392145686416,3791.886671202342,1500.7513434954094,1195.2024914694894,1095.2406488019076,2390.0616009741093,3760.1035378396477,2145.895597189297,2025.3685374320828,1834.579588818392,1328.1405516008708,inf,329.45998779260844,2370.942143351958,3769.5296266887462,3394.773884086282,994.0401947928689,3364.3568343867664,2794.007206005079,1262.9804877889412,2774.8015191507634,3163.182877351681,3267.1703480027295,3774.4738618570145
topology_dysplasia_7_clean.csv,3003.1334320414185,1827.7363416445205,2282.172622004162,1824.4259603955848,1852.9981087885399,1826.5983436573806,2218.7297953537864,2320.0644502361642,1536.2259620906748,2261.0338740191482,1798.99148873319,inf,877.7224212241283,1520.6131037773864,1663.2330928851006,839.2125899689976,1792.824738789214,2844.0492433989803,1657.7205295712354,2428.230546189784,1990.6779188771575,2037.4476219401886,2160.390043347305,1893.918944726831,2440.0048884220264,3388.5750958868753,0.0,1136.6791307843646,2046.2153830168977,1703.9291554587455,760.4215950822357,1661.157179270587,3386.599829322068,2898.7119646570477,inf,3461.8427467121974,inf,1955.2790035867283,2587.745626750155,2685.5092141163113,1828.0240039509395,1938.5804987427528,2600.203035442857,2767.811536079443,2393.6481898072993,1403.480664811745,2085.6862159643442,1828.2431152717652,2908.30158560498,2468.4496383961227,2843.2098024702254,inf,3283.6414290388443,2113.5691024517073,1856.4949337953897,1034.648924612715,2579.27740294889,778.8839975469181,2147.1091915577113,2549.09375626469,1554.3955711900253,1311.6858433543662,1498.1005858687126,1678.3058214685311
topology_carcinoma_17_clean.csv,2274.707437493076,1711.8920245756494,2373.774639674585,1182.9761273667705,2196.9739269619317,1970.4920047091928,1505.6425680154255,2542.3297572659176,1396.378617642195,2587.90915052604,1267.5812141892325,inf,1179.3342479147498,929.1845539595711,1199.7957059135008,924.4191505227298,1109.2944582038688,3253.978946279338,1077.7875474021705,2795.676369206633,1299.7273293434775,2085.2809678056497,1516.3930406523723,1902.932114155923,2735.6572676597402,3347.6224377946533,1136.6791307843646,0.0,1411.5173059084227,1030.5209883440418,1070.9844744665713,1065.21607223142,2688.002863814033,2742.3217597362423,inf,2690.1528671177402,inf,1335.2867627551232,1833.729532785096,2096.143466859078,1766.9880304106182,1214.230751805388,2437.9869270719137,3037.481653680107,2373.1885277765673,1288.27784024203,1416.6623800605366,1849.4136926117642,3324.82650592077,2771.3182421638685,2688.5200898373005,inf,3216.8242979441097,2081.7783826348104,1280.0633711781754,929.424186657881,2612.846356489947,1202.4663549317518,2078.8151741179886,2802.7808261236282,1498.797175788336,1020.148305979155,1068.8364800700026,1097.0160296623822
topology_dysplasia_19_clean.csv,1411.7090261309652,1634.1978833351743,2533.6057255307087,1084.1258763129038,2497.601660777734,2332.558913323668,937.2395778786804,2931.471464723313,1399.587708239746,2909.8216079782064,1221.756114432901,inf,2043.8365136923394,1067.3070641745433,1502.3354085445171,1770.8524617251842,937.7817680054075,3577.6338943758983,975.3966914142394,3168.4585381516863,1020.0792119172568,2102.5038791533925,825.8781045992772,1965.3269474984459,3029.6156537148495,3089.164873218267,2046.2153830168977,1411.5173059084227,0.0,1008.1572956370767,2065.032485731353,1044.5245135123193,1916.1131979300112,2556.8760858434225,inf,1767.8215927929639,inf,952.4908599374058,1317.4988393521608,1537.193485684049,2003.5133163036055,1094.7482847757797,2187.5617213849077,3178.463388087689,2287.950182226223,1464.9449316489636,964.1486587894756,2034.7425239664487,3678.458897846293,3058.2689062427035,2509.085899063983,inf,2967.3462797074685,2171.9597531006075,1151.2984950374234,1739.583005364653,2502.021161336044,2102.564924064949,2307.2250353832733,2961.229931179959,1697.4957564486588,1275.9911726744747,1188.5186309532921,1125.8849336980131
topology_carcinoma_5_clean.csv,1777.209771866606,1954.5053593234823,2614.9752373955575,729.7050317840667,2529.452002248771,2338.8009749544785,1065.9264203706964,3016.1970101862657,1623.000403852246,2989.160421124278,1155.3605370558316,inf,1726.8903889900553,856.610866817186,1375.645323365508,1438.7334659989326,912.9553945943844,3672.6883693049126,967.1893263960585,3212.437010284852,893.6422220035615,2238.2713049909707,1012.8086118436861,2110.7965826890827,3104.8295965607176,3557.4248853096806,1703.9291554587455,1030.5209883440418,1008.1572956370767,0.0,1675.364786486531,790.7233080607681,2220.5791098753753,2861.505615093339,inf,2112.184603896945,inf,1035.217764156796,1306.1998145140917,1713.9746006687963,2004.1977625467803,848.7767414347276,2547.6136297366365,3357.4052820863144,2592.9586709889186,1545.9755776706513,854.9703375437839,2143.345653099671,3737.300307071804,3119.736277408364,2861.572604841456,inf,3431.8661928807433,2260.679283133287,853.2017629067782,1303.2151480128657,2831.935165286637,1692.4145801239642,2288.6471658580103,3130.791356383309,1745.238277956491,1117.5538697236093,1003.2251890353804,750.232875861806
topology_dysplasia_8_clean.csv,3018.1511366877817,1667.9043951210986,2262.555449844247,1800.0594554146826,1719.3435329216636,1720.3311536841222,2233.7295803971588,2204.071828179899,1451.315814204953,2137.6898639339997,1801.575826064311,inf,808.1903961723049,1493.8207309195918,1647.562467607254,841.5003968425189,1785.7244565716555,2695.607239609855,1669.5667739356213,2257.733500264487,2005.2798042906184,2014.1688419919492,2189.6378114477957,1815.339927450103,2253.7287442957977,3134.4870118375434,760.4215950822357,1070.9844744665713,2065.032485731353,1675.364786486531,0.0,1691.6362876070211,3371.521038319985,2850.746751613014,inf,3436.436653192571,inf,1997.0694910205832,2608.697633918742,2710.0156456422324,1834.593334710211,1935.7252280674957,2521.1532936270114,2578.13371485136,2144.2580444233276,1304.0379781466745,2121.6238008237624,1777.9124558365838,2737.9195284043035,2286.2530516478196,2716.8479523412625,inf,3020.5736775040305,2102.9471285953587,1911.5361096208126,961.1478498952464,2387.3702779163627,795.2289886544621,2130.766191017447,2377.4105506146534,1543.4677878146092,1325.2835425903058,1533.4651779209498,1718.4706577369534
topology_carcinoma_7_clean.csv,1983.9757581442905,1978.0586693905707,2772.15503722418,689.3133019141819,2594.566478876328,2448.5141441874234,1288.357483906369,3059.984484593681,1685.7939489375294,3030.9415176923094,1331.8766319300362,inf,1649.400894174604,949.5721224374149,1486.9834671379726,1447.605707146457,1071.2440361450538,3646.829370557994,1146.131606081241,3212.2088464707126,1077.6495440689687,2391.763577779486,1247.6117699990966,2265.1230876344457,3123.5406404547084,3606.532261950697,1661.157179270587,1065.21607223142,1044.5245135123193,790.7233080607681,1691.6362876070211,0.0,2477.328475899035,3033.986677936108,inf,2302.4293762169227,inf,1177.9484010821966,1430.398057564295,1964.3628617599643,2176.6811607638333,827.6793257631809,2689.213046603466,3381.1086409764025,2652.172458056453,1659.2204860036702,894.4555777465009,2245.3777856392153,3746.075346604592,3157.113728186353,3013.3496212585424,inf,3479.6919295542716,2418.601006696813,988.9300423553665,1269.5013456705967,2856.0927308580517,1681.182158387493,2481.3493645214717,3137.974328114787,1847.9814785242288,1206.7822337813739,1177.3150946277992,765.709751567201
topology_carcinoma_19_clean.csv,1008.1147113620348,2607.0283450617794,3184.114362655552,2399.3380718008602,3579.714971766291,3191.739299058837,1549.6356503936906,3768.615638612139,2488.4322024440053,3880.837172041086,1984.6870949991355,inf,3436.8174677151264,2337.942427873975,2226.2763974263357,2981.6875644894712,1975.9120648864855,4539.296183025635,2071.7074317238175,4184.829301849137,1846.6200953402815,2851.234391685518,1631.2553076214906,2850.7341216863683,4060.584678456903,3916.6010051027915,3386.599829322068,2688.002863814033,1916.1131979300112,2220.5791098753753,3371.521038319985,2477.328475899035,0.0,2831.591638370584,inf,1065.7429159454912,inf,1841.3705975305058,1517.9316339850416,1278.1518867320524,2560.953235005604,2211.5337215538675,2640.5136712428575,4111.013263169903,3250.947365283673,2603.233886861704,1996.7727337832052,2832.9812585723416,4694.212643238608,4067.891012654321,2904.0822231526204,inf,3780.9753697882456,2755.4370338664808,2071.503163867286,3181.190699233859,3358.760743670924,3502.200846431366,2607.9434622231124,3939.4406205498944,2637.2827314872147,2495.1263455916624,2245.216549976938,2400.7603558691853
