,topology_carcinoma_10_clean.csv,topology_dysplasia_18_clean.csv,topology_ad_carcinoma_2_clean.csv,topology_carcinoma_2_clean.csv,topology_ad_carcinoma_10_clean.csv,topology_ad_carcinoma_9_clean.csv,topology_dysplasia_5_clean.csv,topology_ad_carcinoma_3_clean.csv,topology_dysplasia_14_clean.csv,topology_ad_carcinoma_1_clean.csv,topology_dysplasia_13_clean.csv,topology_dysplasia_17_clean.csv,topology_carcinoma_8_clean.csv,topology_dysplasia_10_clean.csv,topology_carcinoma_20_clean.csv,topology_dysplasia_11_clean.csv,topology_ad_carcinoma_8_clean.csv,topology_carcinoma_13_clean.csv,topology_ad_carcinoma_4_clean.csv,topology_ad_carcinoma_12_clean.csv,topology_carcinoma_4_clean.csv,topology_ad_carcinoma_15_clean.csv,topology_ad_carcinoma_5_clean.csv,topology_ad_dysplasia_8_clean.csv,topology_dysplasia_7_clean.csv,topology_carcinoma_17_clean.csv,topology_dysplasia_19_clean.csv,topology_carcinoma_5_clean.csv,topology_dysplasia_8_clean.csv,topology_carcinoma_7_clean.csv,topology_carcinoma_19_clean.csv,topology_ad_carcinoma_11_clean.csv,topology_carcinoma_18_clean.csv,topology_carcinoma_11_clean.csv,topology_carcinoma_16_clean.csv,topology_dysplasia_12_clean.csv,topology_ad_dysplasia_1_clean.csv,topology_dysplasia_1_clean.csv,topology_ad_dysplasia_3_clean.csv,topology_ad_carcinoma_6_clean.csv,topology_dysplasia_16_clean.csv,topology_dysplasia_15_clean.csv,topology_dysplasia_4_clean.csv,topology_ad_dysplasia_2_clean.csv,topology_ad_carcinoma_7_clean.csv,topology_ad_carcinoma_13_clean.csv,topology_ad_dysplasia_6_clean.csv,topology_ad_dysplasia_9_clean.csv,topology_carcinoma_3_clean.csv,topology_carcinoma_6_clean.csv,topology_ad_dysplasia_4_clean.csv,topology_dysplasia_6_clean.csv,topology_ad_dysplasia_10_clean.csv,topology_ad_dysplasia_5_clean.csv,topology_carcinoma_14_clean.csv,topology_carcinoma_12_clean.csv,topology_carcinoma_15_clean.csv,topology_carcinoma_1_clean.csv
topology_carcinoma_10_clean.csv,0.0,26249.16532670762,24989.320719415235,3834.6598271243834,25599.385436174092,24314.724073548645,6480.188165640247,24374.730944487445,23738.659809801087,24405.57010547509,12717.038887808676,15123.020899905958,7919.49099443149,5552.908932777132,8987.729461362258,9972.74826871897,28374.64371602684,8400.54467678985,28325.88010456366,25672.143298111092,3436.7999367981033,23996.404025183783,28855.18755745275,38497.433055511756,8532.568678558142,10597.495642027417,18166.921231247226,2648.6494439811017,8759.798291407442,6277.2756663563905,2820.668578019485,19613.877617684273,4373.5700783571965,4781.4534181287145,1970.0357313373763,13086.11250342748,14927.084104745412,2697.3743540769983,27352.602056087373,32441.998245716724,31656.603998440154,22684.396701292037,2590.98716399281,24851.737542877425,30327.377750792737,31137.186472808145,29284.232142921115,36661.28227340955,10201.428561457336,7740.1463538957205,29887.485848944605,8073.620093028621,17844.47862484579,31652.782610204653,18021.5601040254,9935.294397604866,6650.163420573976,5442.561343858334
topology_dysplasia_18_clean.csv,26249.16532670762,0.0,12983.395901820219,24654.960084907623,16643.60864488141,16430.47957858566,20043.283887253623,16462.546993741966,2676.627579177308,16135.099680394133,14340.331845016273,11643.186834806946,19104.886211477537,22994.007829703194,21535.705703239222,16367.488045402595,18473.97369136567,19284.32322729669,15329.089385436679,8529.432295915978,23993.540698582005,4826.579657520761,17254.11030657414,12266.868303669491,22141.63525739741,16274.564397144577,8148.972335205206,25230.965706194514,21058.996856388792,20096.16414901519,26843.14696477708,9635.683867043892,23758.128403360766,23350.475135691224,27473.953551870214,13597.831480523677,16455.17741791099,25237.012691992513,4672.519629482006,10510.107482723603,5439.819087214384,3943.8818468853356,25622.328271715396,7477.648330453275,15633.278906891388,11673.343597296787,4708.826743567883,10594.911820153042,16137.99382730553,23513.433724236133,6658.289678327574,21833.053232466315,14544.291261901722,9692.39760574749,10433.306427890966,20677.909130171454,23989.520099914782,23554.166341532466
topology_ad_carcinoma_2_clean.csv,24989.320719415235,12983.395901820219,0.0,22365.228359379962,4234.162350839003,4746.548492978262,18619.26914294917,4893.0624635977065,11602.673564575633,3738.537844771814,12640.702311094568,11301.631925726737,17291.93976003505,20027.11019656938,17405.22613920516,16065.196021693326,5607.643290677628,16613.913686092186,3448.4611057704715,4810.224244216892,21686.154886913122,8689.963990922091,4735.033431341914,20643.191376643015,18036.184838326924,14470.254229663637,14852.184382007214,22941.3159607759,17245.687170054945,19074.281775010306,26806.025154665407,7065.823356106743,25325.87502032379,20405.165360179813,26844.85703039915,14349.782339413923,10611.86649223547,23265.084228052063,9667.158055760176,11743.071998394535,13909.148857752192,10859.153716844688,24198.98895638687,5857.314182893103,5352.521796439687,8594.57072478343,12124.397498865113,18851.95979779075,16372.510974495197,20056.69666213543,11346.156487703294,18299.8203137023,7641.286804112187,11683.860630953268,7828.715409410805,15683.18787156342,20120.286066578483,20684.071288650797
topology_carcinoma_2_clean.csv,3834.6598271243834,24654.960084907623,22365.228359379962,0.0,22545.311789175037,21288.47552359596,5418.5600048930155,21451.773276664968,22130.665464226855,21388.87332701328,10790.6060991387,13481.830637111632,6733.930784702723,2869.550694056227,5479.105526880472,8369.790855282703,25218.441449501075,6216.030347642459,25572.75965822741,23591.108084679934,2922.5787363058294,22535.656145780646,25885.927431587228,36896.96297572937,4955.6281981670645,8558.568988192212,17160.088374426454,1766.9268700755347,5386.0546702351985,5047.238111035628,6505.444827943224,18040.81004296381,7940.382942686829,3389.696663943113,5439.7004902106655,12287.385587728251,12456.68585772359,1265.4032217929293,25702.277352014044,30574.01894374943,30054.9443949759,21114.66505762811,2199.962818923521,22942.400129340756,27678.41840280284,28978.228847338876,27757.963082379916,35131.26865777959,8631.263071615362,3944.588748096577,28198.8554265014,4588.647329582945,15333.087796149912,29808.74723741534,16016.0802188035,6805.538058530458,2944.4854934655905,1872.126999551192
topology_ad_carcinoma_10_clean.csv,25599.385436174092,16643.60864488141,4234.162350839003,22545.311789175037,0.0,1383.993977814415,19474.894529563673,1490.3872585894771,14928.668340605764,1569.9517135706478,14085.810912395607,13181.721066434338,18213.16914157391,20247.194346781394,17189.403414254943,17358.419637317074,2941.892559343092,17318.93261167082,4221.491404787746,8934.623985744502,22228.180994961047,12495.851121577718,3507.3344492791334,24189.266511306403,17745.468285278028,15440.598479589327,17683.607855798986,23251.362907634444,17188.502737384846,19923.45084066698,27630.589340919145,9808.870507426725,26482.808531330098,20871.237476920986,27458.621270550662,16403.963237977176,10840.060206019292,23588.398809961658,13812.273525110913,15273.182941361723,17776.836149995484,14088.565105020598,24517.13778062495,9545.322702445405,6887.540101758856,12049.619127961081,16308.92876618983,22456.505794861772,17701.88980532563,19654.61223525218,15036.994621622005,18050.38409536853,8198.767176643223,15228.1702316759,9968.849306325757,15822.017364444764,20000.422519301734,20722.618545527348
topology_ad_carcinoma_9_clean.csv,24314.724073548645,16430.47957858566,4746.548492978262,21288.47552359596,1383.993977814415,0.0,18227.45430339928,787.9214073017096,14558.772502953054,1720.8373043013544,12922.523332857609,12237.169421350722,16975.1962633905,18964.214458370403,15940.023610247043,16178.897417541228,4131.283305756275,16068.081527578113,5398.1350857289235,9223.272904859037,20955.96455031971,12398.262304386744,4779.440558920704,25318.47832236239,16510.101054919665,14257.29639325446,16963.499119002285,21971.991279110458,15942.274677968191,18671.14531228568,26358.751399358334,9163.128906265714,25252.901988615053,19587.862790888204,26179.544339821834,15378.484130192135,9562.499389393812,22303.02010503122,14133.778383261331,16398.596157917622,18529.984689986162,13600.345980021488,23232.86962859913,10254.107480566752,8107.735571848971,13177.00399946361,16589.175622269977,23511.88651859637,16532.769389802335,18430.9378557625,16009.11380757342,16829.390122354693,6986.550552196532,16354.958433735943,9047.558917954926,14543.148352121112,18750.08726716689,19471.21128982654
topology_dysplasia_5_clean.csv,6480.188165640247,20043.283887253623,18619.26914294917,5418.5600048930155,19474.894529563673,18227.45430339928,0.0,18361.950399958772,17530.621748897338,18325.541736802123,6269.2458047516375,8919.204261425377,1601.0275880297324,3601.121395310818,5911.29778356231,3773.722895709242,22327.119105248254,2259.269360326388,21976.50433287107,19229.668893192298,4072.6543899569588,17743.43238378161,22629.768598794886,32285.358293723675,5899.007404594182,4189.658475845726,12065.517312108512,5269.700104777745,5155.249404738009,842.7174707177136,8318.13439544178,13384.114447296213,7098.9270679980045,3419.247219231485,8329.327842302519,6921.151640139462,9045.216428465565,5413.526165589291,21011.067444644035,26034.627723008467,25448.226116693935,16480.06311594721,6107.464119577473,18437.483740524705,23932.00953699411,24683.780506278712,23045.544703211846,30479.827615654336,4079.3037230917685,7312.652202593273,23532.13964173436,5920.626809308496,11706.454021721607,25246.290276699976,11572.082721993713,4823.646312640241,5446.443204409975,4928.6391388285065
topology_ad_carcinoma_3_clean.csv,24374.730944487445,16462.546993741966,4893.0624635977065,21451.773276664968,1490.3872585894771,787.9214073017096,18361.950399958772,0.0,14711.678427796007,1681.031845361844,13094.433654685754,12570.130447619447,17010.174262078577,19038.78665338102,16119.975456368933,16364.356539072383,4105.025454489099,16240.398770719492,5525.966394714582,9236.399952053109,21099.35977103665,12067.717663406998,4805.5612424196415,25468.63165077006,16678.167945106194,14459.782722630329,16903.59086213376,22049.244725954482,16127.884520377876,18828.92884983202,26470.405818547537,9088.839273037718,25342.617580159433,19719.44836814227,26281.49295245586,15493.726561875985,9589.342414135908,22383.31381024259,14088.275455358862,16553.75832484529,18689.304135227532,13727.667789439001,23293.26240177146,10443.216776457228,8175.054986735547,13335.83577747277,16310.630068654971,23624.464489154525,16681.50007992621,18658.454881438684,16168.367200409843,17064.021217108402,7017.457814185711,16513.37361389364,9140.371928198856,14689.39493694981,18922.95583059759,19644.199150045613
topology_dysplasia_14_clean.csv,23738.659809801087,2676.627579177308,11602.673564575633,22130.665464226855,14928.668340605764,14558.772502953054,17530.621748897338,14711.678427796007,0.0,14442.826607397254,11826.130415431611,9054.698750699152,16593.347645618385,20481.588017095797,19001.78596047874,13856.143139888813,17114.75652520015,16764.043897853913,14205.170252987937,7598.967378995976,21472.303295473917,3647.495610552843,16020.616477905935,14779.707747123635,19616.421257155227,13749.201162381984,5902.5035030450235,22712.845834797976,18524.908631455266,17582.49863918381,24333.33002843392,7411.238115484227,21279.492261386597,20833.21247113933,24968.123684567665,11090.797218837268,13947.331260932518,22723.217822300514,5191.45010496571,11279.58075852362,7950.818075498252,1404.9033330361929,23114.986890518212,6269.362918351818,14832.251726419789,11664.969557868164,6369.328708614572,13033.139532111185,13641.76360009283,20934.105451318483,7663.116031060268,19248.21231446517,12086.363884456618,10386.59606761431,7946.689859654883,18153.47888512844,21467.280626995092,21034.709300345792
topology_ad_carcinoma_1_clean.csv,24405.57010547509,16135.099680394133,3738.537844771814,21388.87332701328,1569.9517135706478,1720.8373043013544,18325.541736802123,1681.031845361844,14442.826607397254,0.0,13059.8881919382,12418.513945759254,17078.583377641356,19065.02990493269,16083.220285183623,16308.356621648343,4018.278001282786,16158.161064489734,4961.4554648752,8267.610533814232,21036.02495932457,11877.079970103809,4569.846934480574,24219.88743495613,16651.87722020996,14373.662687947373,17015.51874742276,22056.20182338335,16063.024415335269,18762.531594284916,26449.812153522867,9177.598113591413,25355.05379600149,19669.56664804836,26265.294831278432,15521.510616169513,9656.196282754121,22397.940246008602,13121.481229965808,15335.882141695198,17538.153629881406,13519.153705313503,23325.529598474746,9456.887106522816,7457.865964281361,12170.151581030155,15564.228167708707,22425.27996980343,16669.180406549156,18614.32376121796,14916.75045802853,16978.875212753814,7109.953560343814,15260.31232171227,9146.151630103572,14628.417980104972,18887.402248810424,19593.2422066063
topology_dysplasia_13_clean.csv,12717.038887808676,14340.331845016273,12640.702311094568,10790.6060991387,14085.810912395607,12922.523332857609,6269.2458047516375,13094.433654685754,11826.130415431611,13059.8881919382,0.0,3436.6391268113007,4987.1790830439995,8774.077289439034,7816.00405846234,3487.1933648698573,16994.159436327685,5048.412172677387,16063.800504511803,12996.652961937003,9805.872725250652,11974.612067222753,16949.744321442293,26586.52484647067,8263.228799195416,2747.5623905593484,7953.53599312652,11102.26522000881,7239.965698921124,6665.041284083678,14340.7273400356,7385.502421205749,12696.024281565196,9076.15413741966,14549.256625671776,4127.323431167688,5361.6583818841955,11421.676253876562,15185.426478648918,19897.341325160236,19740.86280406375,10776.757923092275,12223.129361968548,12272.869580449818,17875.726731513554,18438.991417590812,17319.79851355959,24793.96419812578,3840.2415504934966,10247.246110832373,17603.340959285226,8375.307626427406,6668.618941803095,19128.196946366887,5386.260823314741,6431.983167278459,9821.54555423523,9522.001027536742
topology_dysplasia_17_clean.csv,15123.020899905958,11643.186834806946,11301.631925726737,13481.830637111632,13181.721066434338,12237.169421350722,8919.204261425377,12570.130447619447,9054.698750699152,12418.513945759254,3436.6391268113007,0.0,8074.682160427227,11826.745220472116,10342.24338551158,5493.445438265247,16073.784137548182,8136.144713870296,14630.947374527193,11115.910189239657,12838.026565808523,9714.681834788571,15749.591865576036,23447.833001739986,10958.376404323984,5114.9928895435405,7189.219083424724,14068.990139989903,9866.229752130797,8973.168514747576,16489.533806836254,6552.053054154279,14357.316767822307,12188.967876960862,16511.31969728596,4733.131323299588,6928.366957447993,14067.871209902434,12603.14625511656,17690.759461424444,16608.75434938023,7865.427624465109,14500.177024738943,10143.21692043296,16280.429304906607,16483.340931246523,14686.786883468123,21694.965724480524,5544.896556026921,12214.190440272594,15057.022546771768,10562.142750232138,7263.671859295037,16879.688524003443,4675.410424949092,9558.108174842437,12808.679118699265,12377.503831060356
topology_carcinoma_8_clean.csv,7919.49099443149,19104.886211477537,17291.93976003505,6733.930784702723,18213.16914157391,16975.1962633905,1601.0275880297324,17010.174262078577,16593.347645618385,17078.583377641356,4987.1790830439995,8074.682160427227,0.0,4516.1172759619985,6169.591805496515,3071.3109202803257,21087.426446143552,1680.7005254704873,20664.037644862477,17863.398343452027,5236.732003068794,16509.506252715244,21338.637331801212,31352.480121936398,6292.058573638315,3477.595335154803,11036.694670866136,6436.611059618687,5397.08989817807,2213.8555420909147,9678.329251698442,11887.25649072828,8385.492110370393,4488.4831048153455,9808.241520149513,5914.166222241505,7754.081624851022,6773.411936909867,19917.795069882202,24711.331286461616,24511.488964878896,15539.699744420763,7491.1191116276295,17103.2655735779,22598.961693354864,23317.63579310084,22002.52952901467,29507.347570073813,3542.8660749483506,8113.2537080166685,22341.27724951332,6489.566219182538,10246.593351757285,23938.5550978611,10197.75738437453,4310.537711912162,6316.147817945349,5988.723879135065
topology_dysplasia_10_clean.csv,5552.908932777132,22994.007829703194,20027.11019656938,2869.550694056227,20247.194346781394,18964.214458370403,3601.121395310818,19038.78665338102,20481.588017095797,19065.02990493269,8774.077289439034,11826.745220472116,4516.1172759619985,0.0,3524.891420145205,6688.051191425973,22968.271185658596,4085.044572212947,23238.844787002276,21392.94665535573,2379.6734497535153,20548.520506188863,23581.6578900168,35237.69139624821,3185.5791720321154,6824.065072547225,15007.073821453363,3275.225507601969,3230.166930228576,3645.312789877969,7958.783198806371,15466.362581852405,8374.38856014596,2021.485552394758,7414.007606259068,10169.410838728712,9794.225466817748,3406.07163826389,23891.282241973982,28490.44077355118,28400.082978633483,19429.28400361761,4341.359187420346,20877.581155315653,25368.033765103733,26772.73019858996,25972.59534592087,33401.36597403291,6921.641581217289,4076.920991478333,26339.37210633307,2822.8179580828128,12775.850305493741,27748.697246311316,13730.16399788032,4469.667302320486,2036.2794460601092,1649.136317764477
topology_carcinoma_20_clean.csv,8987.729461362258,21535.705703239222,17405.22613920516,5479.105526880472,17189.403414254943,15940.023610247043,5911.29778356231,16119.975456368933,19001.78596047874,16083.220285183623,7816.00405846234,10342.24338551158,6169.591805496515,3524.891420145205,0.0,6877.446713019039,19805.868018724083,4628.766126495385,20453.892753196717,19340.309062305776,5753.955510312849,19285.423701580006,20588.893113481994,33760.977911833645,864.6322474293863,5403.603344649926,15348.424435735235,6404.287258343778,842.1569291363621,6058.3788112884995,11423.967531316363,14165.014136271957,11720.66581232397,4924.6896585648055,10821.169550912384,10951.502552738268,7649.35783642551,6664.650217102556,22371.278377495408,26574.075171224224,26921.785319444978,17995.441741468694,7607.7061784854895,19049.530756171134,22657.345526682075,24583.157608612004,24608.750599833642,31996.858649687772,6891.083465478929,2989.3138460193395,24697.474087043778,1399.3833131463946,10425.807941877272,25875.532755546352,12042.940039445246,3370.9116321297893,3037.766748760705,3640.1961810761222
topology_dysplasia_11_clean.csv,9972.74826871897,16367.488045402595,16065.196021693326,8369.790855282703,17358.419637317074,16178.897417541228,3773.722895709242,16364.356539072383,13856.143139888813,16308.356621648343,3487.1933648698573,5493.445438265247,3071.3109202803257,6688.051191425973,6877.446713019039,0.0,20261.331968877243,3144.230074454833,19466.96103533353,16280.042881341285,7702.883174383056,14506.580756071937,20292.48602087612,28613.673224732986,7098.8079643948695,2255.72991916566,9023.785048499974,8904.6305918655,6126.739658128857,3813.131425424181,11048.687612896665,10736.663176507254,9283.84782875091,7065.3622128833085,11316.611464947928,4795.706449474077,8093.657582712234,8934.35161816267,17627.199981255595,22910.6401667461,21767.809682819898,12817.480117421637,9413.039873881824,15372.098621063617,21305.675942132304,21737.195683235088,19519.13863301157,26829.883354220914,853.3451348231558,8755.801270095546,20176.50886107927,7228.893254644744,9798.52074637798,22098.552962717145,8765.8760203549,4973.211908857632,7786.979721168956,7359.329925388326
topology_ad_carcinoma_8_clean.csv,28374.64371602684,18473.97369136567,5607.643290677628,25218.441449501075,2941.892559343092,4131.283305756275,22327.119105248254,4105.025454489099,17114.75652520015,4018.278001282786,16994.159436327685,16073.784137548182,21087.426446143552,22968.271185658596,19805.868018724083,20261.331968877243,0.0,20136.516114934962,3897.547353108457,10132.903750136798,24974.396352223503,14268.110345358478,1904.9798957979808,23846.28227268361,20352.09331346783,18324.353666063136,20336.988397852998,25958.28209362526,19843.084228181116,22768.432872795598,30445.929536756114,12465.426862258464,29364.557367026682,23621.541328387662,30232.64102074146,19295.229983209225,13652.714329201664,26307.762252200522,14707.426801345806,14954.281096979017,18540.056765771806,16438.843347196027,27236.634429789625,10999.936386137591,6458.130386338798,11690.870603592275,17093.188450016867,22191.831271448344,20613.583160898845,22210.86554022765,15099.298754664904,20668.119236318787,11097.040999297973,14881.774257272598,12831.21236694612,18527.289081521365,22616.805819706988,23387.454899162847
topology_carcinoma_13_clean.csv,8400.54467678985,19284.32322729669,16613.913686092186,6216.030347642459,17318.93261167082,16068.081527578113,2259.269360326388,16240.398770719492,16764.043897853913,16158.161064489734,5048.412172677387,8136.144713870296,1680.7005254704873,4085.044572212947,4628.766126495385,3144.230074454833,20136.516114934962,0.0,19944.995242530385,17575.736213228065,5133.219812739648,16922.79597269635,20509.09488024167,31528.115308815908,4813.092504910146,3254.480199776788,11601.800709514848,6474.437035462878,3901.076719901316,2696.0296573832866,10338.60519494237,11932.84892177816,9339.410888613576,4182.451342265693,10262.058518834236,6684.498804421131,7013.914868794346,6819.516662922221,20069.502826757962,24591.520026118757,24684.210055084866,15733.64511005293,7704.418577928584,16970.590368161844,21937.174194373427,22985.63731534885,22252.59480650414,29748.332484093662,3567.4558068832835,6827.494106144249,22401.772009994325,5127.2354814069595,9706.573701398305,23842.8202928083,9960.568010653009,2805.199605895862,5241.731582995621,5055.22150471702
topology_ad_carcinoma_4_clean.csv,28325.88010456366,15329.089385436679,3448.4611057704715,25572.75965822741,4221.491404787746,5398.1350857289235,21976.50433287107,5525.966394714582,14205.170252987937,4961.4554648752,16063.800504511803,14630.947374527193,20664.037644862477,23238.844787002276,20453.892753196717,19466.96103533353,3897.547353108457,19944.995242530385,0.0,6887.051788026634,25005.709634809897,11227.429088969082,2380.446469445349,20136.068569164036,21048.642587830574,17814.09335479874,17970.537280387307,26201.862078526716,20347.574250234662,22449.346241450996,30181.876235248077,10373.640126499171,28736.639187611603,23706.248123539302,30187.50759212247,17762.485610937405,13725.320037648726,26523.559881156732,11280.83645314517,11211.58393205449,15072.790361891051,13680.96319160503,27462.57934260369,7961.919318003959,2917.4297692233094,7984.964262669749,13590.308702956525,18414.58228738993,19760.26810706655,23042.29809622024,11507.664760979153,21319.946133760306,10797.59607761865,11160.87536498705,11242.702251766368,18870.765982470333,23223.01602301814,23832.196828139768
topology_ad_carcinoma_12_clean.csv,25672.143298111092,8529.432295915978,4810.224244216892,23591.108084679934,8934.623985744502,9223.272904859037,19229.668893192298,9236.399952053109,7598.967378995976,8267.610533814232,12996.652961937003,11115.910189239657,17863.398343452027,21392.94665535573,19340.309062305776,16280.042881341285,10132.903750136798,17575.736213228065,6887.051788026634,0.0,22607.40586176838,4562.167460745452,8832.335269556972,16327.147750489117,19926.957791670487,15225.170653629297,12147.857346343484,23992.446203802956,19005.003481744738,19602.658272497596,27091.354811756384,6234.503575338493,25159.250755519082,21476.235091983763,27484.178379515546,13470.056660785443,13097.825406825259,24347.071838966312,4959.664211146265,7521.714506946492,9534.942453793557,7248.277159443483,25199.086878648654,2313.2775992931183,7318.036681471703,5475.239232511313,7421.555397897716,14535.412469725095,16556.93660424579,21938.854866267367,7026.9126605085385,20074.338190529597,10510.938765918117,7377.750231310606,7698.599967677848,17543.382171588568,21839.77779658363,22110.17869458163
topology_carcinoma_4_clean.csv,3436.7999367981033,23993.540698582005,21686.154886913122,2922.5787363058294,22228.180994961047,20955.96455031971,4072.6543899569588,21099.35977103665,21472.303295473917,21036.02495932457,9805.872725250652,12838.026565808523,5236.732003068794,2379.6734497535153,5753.955510312849,7702.883174383056,24974.396352223503,5133.219812739648,25005.709634809897,22607.40586176838,0.0,21616.488917605795,25488.888092648456,36239.606991094,5372.540716968453,7873.420613912337,16020.356418613233,1979.3365002971004,5392.4438491081255,4000.35129987864,5705.518125925697,16728.31887734733,6183.321451853375,1405.1317622335587,5275.562993343086,10635.107925041855,11748.718651685424,2431.4144363176947,24881.756981194158,29578.705402134463,29397.0364098918,20433.619020405247,3300.304216085779,21962.46177929983,27016.054866242048,28026.88451562351,26987.002227155645,34460.0219236607,8001.680214558133,5931.953396423293,27306.01909952809,4970.702639561813,14631.140288386548,28815.675240504122,14956.285585661075,6524.324636400018,3923.8220692013338,3056.5653823043335
topology_ad_carcinoma_15_clean.csv,23996.404025183783,4826.579657520761,8689.963990922091,22535.656145780646,12495.851121577718,12398.262304386744,17743.43238378161,12067.717663406998,3647.495610552843,11877.079970103809,11974.612067222753,9714.681834788571,16509.506252715244,20548.520506188863,19285.423701580006,14506.580756071937,14268.110345358478,16922.79597269635,11227.429088969082,4562.167460745452,21616.488917605795,0.0,13103.779573116579,14947.872197826575,19866.36856076197,14078.1122549023,8253.13163897391,22773.23260894844,18820.509945399386,18012.455011222315,24978.100901554997,6805.162680552494,22563.654727132103,20908.530587715824,25608.044946203594,11344.87408699041,13783.902373642703,23038.031572851138,3561.396270911426,9043.606355106716,8122.97730748666,3313.3777311473473,23636.246046224343,3315.9809711035805,11864.584515574916,8988.83074879928,5617.884061685979,13108.428353963067,14598.133612366837,21477.724382496723,6038.143058319055,19666.821375597465,11643.028428450885,8181.3635400271905,7972.880234199342,18303.740758748998,21699.50887649123,21340.762752532602
topology_ad_carcinoma_5_clean.csv,28855.18755745275,17254.11030657414,4735.033431341914,25885.927431587228,3507.3344492791334,4779.440558920704,22629.768598794886,4805.5612424196415,16020.616477905935,4569.846934480574,16949.744321442293,15749.591865576036,21338.637331801212,23581.6578900168,20588.893113481994,20292.48602087612,1904.9798957979808,20509.09488024167,2380.446469445349,8832.335269556972,25488.888092648456,13103.779573116579,0.0,22295.69577004689,21141.55408866883,18486.264625534735,19542.61681836592,26575.06948298259,20557.6022649598,23078.40323212802,30821.89913739433,11780.432420612546,29541.76086881584,24153.723979177954,30713.53753114202,18933.403332704762,14098.561882988986,26913.407481253336,13357.158152879705,13404.038208752145,17186.49152632202,15421.503315701748,27839.22819768523,9818.665363162678,4928.0634124145645,10144.744262303524,15737.394463330862,20716.738962244126,20611.749120636272,23088.328071808253,13723.465704583012,21445.836635878244,11315.918785450962,13320.874186177727,12418.473050968063,19151.977571572774,23391.55111571404,24089.204975783538
topology_ad_dysplasia_8_clean.csv,38497.433055511756,12266.868303669491,20643.191376643015,36896.96297572937,24189.266511306403,25318.47832236239,32285.358293723675,25468.63165077006,14779.707747123635,24219.88743495613,26586.52484647067,23447.833001739986,31352.480121936398,35237.69139624821,33760.977911833645,28613.673224732986,23846.28227268361,31528.115308815908,20136.068569164036,16327.147750489117,36239.606991094,14947.872197826575,22295.69577004689,0.0,34368.2085817261,28509.191464833842,20381.394133499776,37471.95055025967,33285.629881855464,32346.510689754967,39096.44257022183,21646.318591437896,36007.82459798067,35600.69104030713,39720.720472727946,25842.74525356459,28652.919199847118,37479.42516309018,11504.068828531228,9030.154189530182,6860.592050305843,15831.935236750309,37874.89754439928,15118.42485523164,17692.907856712038,12350.299251502767,9408.099043957218,1872.999445904632,28371.364790692005,35631.82989332871,9325.766168920096,33976.853709155665,26532.071295431153,9188.94473775618,22651.289435500283,32919.8326554422,36231.37186054909,35792.314472885075
topology_dysplasia_7_clean.csv,8532.568678558142,22141.63525739741,18036.184838326924,4955.6281981670645,17745.468285278028,16510.101054919665,5899.007404594182,16678.167945106194,19616.421257155227,16651.87722020996,8263.228799195416,10958.376404323984,6292.058573638315,3185.5791720321154,864.6322474293863,7098.8079643948695,20352.09331346783,4813.092504910146,21048.642587830574,19926.957791670487,5372.540716968453,19866.36856076197,21141.55408866883,34368.2085817261,0.0,5974.096630302318,15815.611212384152,5903.738709005901,1287.7338290519933,5992.256583821018,11006.617042391887,14668.000230992327,11488.293871121945,4710.806959261921,10342.582636515492,11307.47563222597,8209.146629939429,6164.875977782964,22961.63202358222,27143.43884370338,27534.46355923741,18616.984916178248,7107.777485448339,19609.5318649892,23260.174184799507,25159.318636669053,25180.222558869504,32618.876487230686,7084.676349948228,2541.4595858582165,25273.89609732965,1234.938291156891,11007.589274902542,26440.03249198435,12557.692166974633,3681.4770898277657,2393.555556435343,3129.3508074856004
topology_carcinoma_17_clean.csv,10597.495642027417,16274.564397144577,14470.254229663637,8558.568988192212,15440.598479589327,14257.29639325446,4189.658475845726,14459.782722630329,13749.201162381984,14373.662687947373,2747.5623905593484,5114.9928895435405,3477.595335154803,6824.065072547225,5403.603344649926,2255.72991916566,18324.353666063136,3254.480199776788,17814.09335479874,15225.170653629297,7873.420613912337,14078.1122549023,18486.264625534735,28509.191464833842,5974.096630302318,0.0,10040.63082749967,9024.895831305588,4853.860587536303,4650.646350341686,12415.437472963491,9956.604489389436,11078.85738339389,7229.92180964845,12446.815532986462,5756.51983399392,6284.12752528935,9241.449944367698,17183.09159431587,22097.089422909423,21669.43568787218,12735.67638632554,10016.146825750577,14473.441567763586,19755.030532978988,20639.540482189444,19335.243282670202,26741.21975523334,2549.9516681151063,7710.138514326821,19670.02437077704,5930.52081316809,7970.367056327729,21319.83690036508,7814.160692345212,4799.631967336405,7769.715515147096,7389.136677022299
topology_dysplasia_19_clean.csv,18166.921231247226,8148.972335205206,14852.184382007214,17160.088374426454,17683.607855798986,16963.499119002285,12065.517312108512,16903.59086213376,5902.5035030450235,17015.51874742276,7953.53599312652,7189.219083424724,11036.694670866136,15007.073821453363,15348.424435735235,9023.785048499974,20336.988397852998,11601.800709514848,17970.537280387307,12147.857346343484,16020.356418613233,8253.13163897391,19542.61681836592,20381.394133499776,15815.611212384152,10040.63082749967,0.0,17196.363799059138,14714.407950298972,12247.365665526244,18803.1625755494,8194.44619430077,15697.21377719713,15357.463471960638,19428.25449431254,5610.020091072709,11971.686649147943,17223.005368623973,10979.319555977587,17065.386454262312,13548.203082694858,5395.799778122903,17602.04283827083,10705.87374078376,19060.763256157417,17051.24479838956,11994.746221880338,18564.439883383562,9051.027210658964,17524.77839705009,13533.049295253393,15905.002261920517,12050.242329330771,16182.734381521559,8093.569150274965,13284.365514891262,16736.095854615436,16297.373233866745
topology_carcinoma_5_clean.csv,2648.6494439811017,25230.965706194514,22941.3159607759,1766.9268700755347,23251.362907634444,21971.991279110458,5269.700104777745,22049.244725954482,22712.845834797976,22056.20182338335,11102.26522000881,14068.990139989903,6436.611059618687,3275.225507601969,6404.287258343778,8904.6305918655,25958.28209362526,6474.437035462878,26201.862078526716,23992.446203802956,1979.3365002971004,22773.23260894844,26575.06948298259,37471.95055025967,5903.738709005901,9024.895831305588,17196.363799059138,0.0,6228.774114329799,5202.26835345671,5263.867935949938,18071.077728484397,6486.528885877164,2686.3344331847907,4486.71007843854,11873.812613692888,12788.095042111061,880.5245709028036,26088.73626296492,30936.515827073057,30634.479371868772,21664.362177165738,1539.078665450324,23312.802770870792,28289.783652580976,29424.890155113026,28158.881767486357,35661.74169926091,9146.927038726742,5514.156803226859,28560.300942106867,5669.147564250087,15742.793368439701,30167.410259081455,16314.57110073337,7449.723038177305,4033.5166956055023,3041.820448981472
topology_dysplasia_8_clean.csv,8759.798291407442,21058.996856388792,17245.687170054945,5386.0546702351985,17188.502737384846,15942.274677968191,5155.249404738009,16127.884520377876,18524.908631455266,16063.024415335269,7239.965698921124,9866.229752130797,5397.08989817807,3230.166930228576,842.1569291363621,6126.739658128857,19843.084228181116,3901.076719901316,20347.574250234662,19005.003481744738,5392.4438491081255,18820.509945399386,20557.6022649598,33285.629881855464,1287.7338290519933,4853.860587536303,14714.407950298972,6228.774114329799,0.0,5311.282786881792,11066.191647557529,13788.57663213013,11118.877966460475,4495.699263697459,10596.354149876888,10259.402984749042,7494.409523924378,6509.807740213224,21893.995116715647,26195.812340529596,26447.58186922736,17522.246978403,7445.66305002298,18628.062577021632,22517.30683699612,24281.757660720705,24131.477714924073,31524.816778148113,6140.512695364805,3401.62491735808,24240.13888424611,1597.045311813094,10283.91789019795,25482.11613949078,11672.029288259248,2946.45748027112,3170.143680615003,3559.266685385271
topology_carcinoma_7_clean.csv,6277.2756663563905,20096.16414901519,19074.281775010306,5047.238111035628,19923.45084066698,18671.14531228568,842.7174707177136,18828.92884983202,17582.49863918381,18762.531594284916,6665.041284083678,8973.168514747576,2213.8555420909147,3645.312789877969,6058.3788112884995,3813.131425424181,22768.432872795598,2696.0296573832866,22449.346241450996,19602.658272497596,4000.35129987864,18012.455011222315,23078.40323212802,32346.510689754967,5992.256583821018,4650.646350341686,12247.365665526244,5202.26835345671,5311.282786881792,0.0,7883.458301889788,13885.98782054911,6655.543147879778,3342.59111484801,7908.320362544088,7397.1414621909125,9589.329779358603,5235.508384328114,21235.09378695614,26356.4556700719,25499.2536746463,16534.006339983876,5771.803665320497,18773.61636876288,24390.22815028544,25066.17890334119,23172.437647754246,30544.821239488738,4101.815781134845,7226.276883150876,23764.131945778056,5925.240796608722,12208.75858927687,25560.150822253116,11987.933914019088,5234.5454963611455,5336.0730286639455,4753.2443704308735
topology_carcinoma_19_clean.csv,2820.668578019485,26843.14696477708,26806.025154665407,6505.444827943224,27630.589340919145,26358.751399358334,8318.13439544178,26470.405818547537,24333.33002843392,26449.812153522867,14340.7273400356,16489.533806836254,9678.329251698442,7958.783198806371,11423.967531316363,11048.687612896665,30445.929536756114,10338.60519494237,30181.876235248077,27091.354811756384,5705.518125925697,24978.100901554997,30821.89913739433,39096.44257022183,11006.617042391887,12415.437472963491,18803.1625755494,5263.867935949938,11066.191647557529,7883.458301889788,0.0,21138.154741501217,3327.7740309339547,6978.703062604268,2067.0815025206007,13968.775584668028,17027.22186113982,5375.573663423587,28164.75271851483,33586.94634575159,32250.305916479072,23284.083699697032,4899.169338595258,26137.49608747485,32111.667176853625,32553.9711689605,29910.536253200968,37287.995402269415,11312.117059010645,10398.67382034311,30727.211892108735,10491.530672628853,19848.14651872761,32757.27176655859,19544.235214869124,12135.797935167167,9250.186078650027,8071.671309937314
topology_ad_carcinoma_11_clean.csv,19613.877617684273,9635.683867043892,7065.823356106743,18040.81004296381,9808.870507426725,9163.128906265714,13384.114447296213,9088.839273037718,7411.238115484227,9177.598113591413,7385.502421205749,6552.053054154279,11887.25649072828,15466.362581852405,14165.014136271957,10736.663176507254,12465.426862258464,11932.84892177816,10373.640126499171,6234.503575338493,16728.31887734733,6805.162680552494,11780.432420612546,21646.318591437896,14668.000230992327,9956.604489389436,8194.44619430077,18071.077728484397,13788.57663213013,13885.98782054911,21138.154741501217,0.0,19269.637321340968,15598.369033089222,21499.61883792958,7903.296859555209,7380.267555814416,18454.05168643083,10162.58652840748,13461.92977113013,14813.036041876661,6608.36606588281,19299.01478616755,6589.285942415696,11828.006837568275,11676.198670616406,12262.351722629965,19800.37645517639,11014.815012488427,16948.940301033603,12349.180427136766,15010.39830466342,5818.892180850262,12845.080763585018,2197.7703483667287,12104.222713800476,16387.487295590843,16629.22886561235
topology_carcinoma_18_clean.csv,4373.5700783571965,23758.128403360766,25325.87502032379,7940.382942686829,26482.808531330098,25252.901988615053,7098.9270679980045,25342.617580159433,21279.492261386597,25355.05379600149,12696.024281565196,14357.316767822307,8385.492110370393,8374.38856014596,11720.66581232397,9283.84782875091,29364.557367026682,9339.410888613576,28736.639187611603,25159.250755519082,6183.321451853375,22563.654727132103,29541.76086881584,36007.82459798067,11488.293871121945,11078.85738339389,15697.21377719713,6486.528885877164,11118.877966460475,6655.543147879778,3327.7740309339547,19269.637321340968,0.0,6950.643993804015,4587.02307343293,11776.79590366339,15986.338165845753,6833.116027599093,25684.906302843905,31385.877108076733,29164.59940000847,20232.12226493411,6664.216822715324,24086.471108418005,30556.158838655683,30590.676225296127,27212.081196238647,34183.29958016772,9007.741735214575,11698.712858843699,28274.575173450798,11095.167783586585,18600.632422567625,30537.187535856254,17784.51852811983,11629.941887828774,10075.327773616704,8961.039182390403
topology_carcinoma_11_clean.csv,4781.4534181287145,23350.475135691224,20405.165360179813,3389.696663943113,20871.237476920986,19587.862790888204,3419.247219231485,19719.44836814227,20833.21247113933,19669.56664804836,9076.15413741966,12188.967876960862,4488.4831048153455,2021.485552394758,4924.6896585648055,7065.3622128833085,23621.541328387662,4182.451342265693,23706.248123539302,21476.235091983763,1405.1317622335587,20908.530587715824,24153.723979177954,35600.69104030713,4710.806959261921,7229.92180964845,15357.463471960638,2686.3344331847907,4495.699263697459,3342.59111484801,6978.703062604268,15598.369033089222,6950.643993804015,0.0,6626.297270412063,9856.938097811704,10428.993418611284,3105.8338671111524,24128.683807007103,28509.267902754716,28752.97470472169,19784.668964168242,4051.127748067253,20923.231673385104,25750.546607411,26892.14475978136,26268.21834385802,33802.854631500806,7339.487151727075,5941.010500695968,26389.38215021702,4659.930144055045,13293.530035180396,27765.996635793083,13823.203139211691,5175.648890599129,3598.447577947072,3169.3042059528475
