,stroma_ad_dysplasia_FA_HN11A_4_linfoides_notumorales.csv,stroma_ad_dysplasia_FA_HN14_3_linfoides_notumorales.csv,carcinoma_FA_HN14_2_linfoides_notumorales.csv,stroma_ad_dysplasia_FA_HN14_4_linfoides_notumorales.csv,stroma_ad_dysplasia_FA_HN15_2_linfoides_notumorales.csv,stroma_ad_dysplasia_FA_HN15_5_linfoides_notumorales.csv,stroma_ad_carcinoma_FA_HN14_3_linfoides_notumorales.csv,carcinoma_FA_HN11A_4_linfoides_notumorales.csv,stroma_ad_dysplasia_FA_HN11A_5_linfoides_notumorales.csv,dysplasia_FA_HN11A_5_linfoides_notumorales.csv,carcinoma_FA_HN14_1_linfoides_notumorales.csv,stroma_ad_carcinoma_FA_HN14_5_linfoides_notumorales.csv,carcinoma_FA_HN11A_5_linfoides_notumorales.csv,stroma_ad_carcinoma_FA_HN15_4_linfoides_notumorales.csv,dysplasia_FA_HN15_3_linfoides_notumorales.csv,carcinoma_FA_HN14_3_linfoides_notumorales.csv,carcinoma_FA_HN11A_1_linfoides_notumorales.csv,dysplasia_FA_HN11A_4_linfoides_notumorales.csv,carcinoma_FA_HN11A_2_linfoides_notumorales.csv,carcinoma_FA_HN15_2_linfoides_notumorales.csv,stroma_ad_dysplasia_FA_HN15_4_linfoides_notumorales.csv,dysplasia_FA_HN11A_1_linfoides_notumorales.csv,dysplasia_FA_HN11A_2_linfoides_notumorales.csv,stroma_ad_carcinoma_FA_HN15_3_linfoides_notumorales.csv,dysplasia_FA_HN14_2_linfoides_notumorales.csv,stroma_ad_carcinoma_FA_HN11A_2_linfoides_notumorales.csv,stroma_ad_dysplasia_FA_HN15_1_linfoides_notumorales.csv,stroma_ad_dysplasia_FA_HN11A_2_linfoides_notumorales.csv,stroma_ad_carcinoma_FA_HN15_1_linfoides_notumorales.csv,stroma_ad_dysplasia_FA_HN15_3_linfoides_notumorales.csv,carcinoma_FA_HN15_1_linfoides_notumorales.csv,carcinoma_FA_HN11A_3_linfoides_notumorales.csv,dysplasia_FA_HN15_5_linfoides_notumorales.csv,stroma_ad_dysplasia_FA_HN11A_3_linfoides_notumorales.csv,stroma_ad_dysplasia_FA_HN11A_1_linfoides_notumorales.csv,stroma_ad_dysplasia_FA_HN14_1_linfoides_notumorales.csv,dysplasia_FA_HN14_1_linfoides_notumorales.csv,stroma_ad_carcinoma_FA_HN14_4_linfoides_notumorales.csv,stroma_ad_carcinoma_FA_HN11A_1_linfoides_notumorales.csv,carcinoma_FA_HN14_4_linfoides_notumorales.csv,stroma_ad_carcinoma_FA_HN14_2_linfoides_notumorales.csv,stroma_ad_carcinoma_FA_HN15_2_linfoides_notumorales.csv,dysplasia_FA_HN11A_3_linfoides_notumorales.csv,stroma_ad_dysplasia_FA_HN14_2_linfoides_notumorales.csv,stroma_ad_carcinoma_FA_HN14_1_linfoides_notumorales.csv,dysplasia_FA_HN15_2_linfoides_notumorales.csv
stroma_ad_dysplasia_FA_HN11A_4_linfoides_notumorales.csv,0.0,9639.133467899812,8132.9955868191155,6293.272442045252,6304.816162335295,7560.921596834468,5659.72959973897,8219.83153615556,5528.391658605615,7462.092895301232,7120.737981489512,3953.8824792746327,4710.900992956985,8027.7109683844865,10090.429231015067,7523.461177587455,7322.812814615369,8055.391549915391,8246.269041421507,7938.012428497836,7621.099369646162,1256.9034175988318,7197.558942454793,4666.347800568706,6792.156820737181,6747.747219246629,6735.963773660859,4063.797152587316,7935.829621204859,8513.138450359445,7601.718759392312,8214.460583373888,8307.323299697737,2320.26027018026,5475.033995789936,6473.99916923832,6848.466297488733,3533.7842257835027,7135.889222663266,7414.238741718635,3833.524195296656,7413.906539794746,8387.642741562866,5179.5928700357845,3798.629320980187,7711.950054978028
stroma_ad_dysplasia_FA_HN14_3_linfoides_notumorales.csv,9639.133467899812,0.0,10656.50034365734,4923.998198552864,4022.8981431111033,7098.64790418435,4882.840559570145,10965.46496446956,6177.972697909986,7698.23992954465,9409.054329537452,6811.130569524,6234.672414470186,5990.006105891048,11630.472209193227,10240.8659567225,9859.032360700901,9227.810608354788,9236.550719094135,8468.917142432623,8220.453562843168,9266.505494709909,5614.117255220546,5114.735987902464,8755.225809289659,5727.486181245872,5502.31771965511,6396.202352528854,4532.861201407373,1574.1665581651816,8155.079338895685,11297.524335455448,10730.01127317662,7614.118036915465,4900.55296976198,3865.5596782979787,9578.65702376967,6992.754845972071,6972.470242695939,10363.356476081803,6557.5411406519725,3580.7043669096274,8100.192387237958,5483.330180229181,6638.622838213685,10731.051416827597
carcinoma_FA_HN14_2_linfoides_notumorales.csv,8132.9955868191155,10656.50034365734,0.0,6584.409980377491,8952.5873042484,4584.992204287836,7699.661240122861,548.7498957842552,6401.6158356798305,3190.1556828601188,1335.7622021180853,10075.524503164006,4820.798825841897,5827.214531531146,2346.022996572091,889.3959120215158,1136.4317323805194,1710.790559762384,1786.2306685229073,2410.849351596752,2752.961749889272,8617.254538830857,5923.197004610353,8152.271355967854,2685.6307240017295,5739.596807448467,6406.198439342961,7740.788561924188,6868.705937005089,10743.867517370287,2653.4601408185845,865.1814969790519,548.9015694018275,7544.1009564919705,8027.571177096797,9569.473291338896,1742.7648137609358,9570.752345690405,4276.265137308456,904.7963530818575,8722.007448595938,8558.820260698598,2911.585749797281,7324.490830499421,8203.344615708358,647.5601040070873
stroma_ad_dysplasia_FA_HN14_4_linfoides_notumorales.csv,6293.272442045252,4923.998198552864,6584.409980377491,0.0,2446.0291832240846,2829.3537546184584,1857.3759778028623,6903.0268762223095,1726.6562567266185,4173.976393298636,5379.425363953317,4697.253554195183,2710.6013925812545,3012.840492754563,8232.98561175918,6095.439618078325,5523.576823242204,5575.271544920183,5630.629107627408,4858.931770048175,4500.044265796511,6215.634209298345,1369.6796194562764,3130.5652407709003,4115.718207530674,1747.0654923973443,1132.1121285609133,2704.2776125249684,1983.990271668453,4420.737071138965,4125.4795848472195,7016.426829626653,6755.785699130807,4086.3343308634794,1893.747353910259,3453.949783611158,4985.704819704224,4417.171267914513,3224.547388609047,6050.754812874364,3769.8630118183714,2443.3869751384304,5069.082084736427,1790.7482681263202,3112.9158704602055,6444.419492858256
stroma_ad_dysplasia_FA_HN15_2_linfoides_notumorales.csv,6304.816162335295,4022.8981431111033,8952.5873042484,2446.0291832240846,0.0,4434.095096870542,1888.9677001066011,9273.330232889222,2929.888877587325,6203.96377112294,7760.666834207753,3791.273359621979,4234.9467164318585,4453.651489529669,10525.565780351708,8467.256394288668,7890.332811450118,7841.227477229543,7921.464171271817,7114.107464118989,6574.995206261471,5778.261777064498,3133.6563291813795,2673.632046369213,6333.288910461831,3398.182180903925,2746.8894349307293,2518.456917101,3203.551069174955,2783.7773033800895,6400.330669336639,9341.313655772807,9132.894314678811,4183.236489332024,1224.9035240942871,1899.5249158885822,7297.219842294245,3622.59489038458,5136.138174273639,8428.74475545576,3040.606032751342,2064.97698090657,7012.61810833258,2091.2718592884553,2872.7289074038877,8799.157816964598
stroma_ad_dysplasia_FA_HN15_5_linfoides_notumorales.csv,7560.921596834468,7098.64790418435,4584.992204287836,2829.3537546184584,4434.095096870542,0.0,4129.213179685164,4906.863287310874,2705.218526955181,1877.0640168836564,3409.696462798461,6821.579175032434,4016.6129391480695,1698.1151314871345,6171.608220808763,4106.01436605265,3534.075019849589,3482.1157392192076,3560.5529065010833,2771.645059848631,2230.2408733734624,7459.661770396189,1733.7512605802533,5009.199239970056,1995.417075719255,1573.9583052611451,2265.2328961365047,4309.94900606096,2925.9332233369837,6545.481270157367,2053.793418017893,4978.0622845055095,4773.335807690133,5486.197370613006,3908.2162645487206,5758.537742547767,2943.241909383706,6020.885291677466,1112.0167130160917,4061.7572311515078,5879.655756019065,4450.322262547361,2672.6141693209674,4086.171027856335,4657.779362583561,4432.4888091182265
stroma_ad_carcinoma_FA_HN14_3_linfoides_notumorales.csv,5659.72959973897,4882.840559570145,7699.661240122861,1857.3759778028623,1888.9677001066011,4129.213179685164,0.0,7994.694217440628,1930.8044932927826,5614.914102851653,6628.80031645801,3091.3422430862347,3271.0082895643322,4485.846000372189,9631.493251916823,7285.101339417585,6767.110517190412,6964.79875742196,7044.623648479535,6263.2855569262865,5908.658597615207,5083.569460817351,2850.5322116620673,2742.6806308161877,5213.158741471878,3222.1250443927306,2159.0471393408525,1793.6255135497017,3627.5987563148233,3849.514489954115,5512.425832878559,7891.252590418834,7946.979418343422,3710.8386619959792,1119.630372039755,1989.5106394847605,6060.975746257378,3149.6135059274316,4684.433775741312,7092.587468723234,2284.838692938571,2443.838185988688,6555.065160349133,927.1413528369301,2017.8663061991826,7444.714576373981
carcinoma_FA_HN11A_4_linfoides_notumorales.csv,8219.83153615556,10965.46496446956,548.7498957842552,6903.0268762223095,9273.330232889222,4906.863287310874,7994.694217440628,0.0,6702.293793679097,3517.4950791851106,1609.9363511817287,10320.07426355443,5194.922969739424,6138.514324057248,2236.4013418617774,916.3652439497018,1486.8358470885478,2120.967106064637,2195.7124898675333,2805.3006732614353,3065.064483269708,8905.978766928745,6247.500535565527,8458.818503470395,2987.488021352872,6065.192419219693,6727.757169255622,8059.528083633656,7195.829764422541,11068.348435460573,3032.25275812738,900.4807131810713,660.1316751748517,7860.125527165357,8351.02433500565,9822.030285247774,1995.8616212043853,9890.394795992024,4604.515276012535,1083.797694024963,8936.249486861983,8868.85538113057,3241.799467183175,7618.3374858154675,8506.306644964394,836.894812896965
stroma_ad_dysplasia_FA_HN11A_5_linfoides_notumorales.csv,5528.391658605615,6177.972697909986,6401.6158356798305,1726.6562567266185,2929.888877587325,2705.218526955181,1930.8044932927826,6702.293793679097,0.0,4206.116590124088,5332.703864959392,4322.585461916208,2789.2056902237255,3073.438977610721,8335.094204952902,5977.466922813271,5474.849509737298,5655.137973515804,5734.951837369652,4948.704561065706,4554.439895678913,5249.464857612151,2034.1785844985943,3335.7519066742266,3927.535527951122,1761.7267290626341,1361.905622493889,1870.8888345576665,2982.135668940317,5269.823334742447,4151.698973833078,6630.519754599883,6643.469870030733,3557.0823801701404,2047.426974736473,3571.2256162572303,4761.173589720369,3748.1046459284544,3208.375590692692,5800.382376910018,3291.8846196705517,3386.648416125684,5104.887529208755,1528.1124901298895,2253.15400501324,6161.039019494765
dysplasia_FA_HN11A_5_linfoides_notumorales.csv,7462.092895301232,7698.23992954465,3190.1556828601188,4173.976393298636,6203.96377112294,1877.0640168836564,5614.914102851653,3517.4950791851106,4206.116590124088,0.0,2022.520061196874,8184.273901504749,3584.8604616018247,2690.647916037671,4428.023346982052,2825.9600040846535,2391.8880797767197,1828.2513116150367,1845.9218102158088,1289.7505536022786,1021.8609830073933,7764.216186176223,3252.2955096591095,5204.660573627093,1605.0750330844726,2889.727973673214,3996.63008251324,5612.206567772452,3830.8880952923387,7787.106438812774,997.0171228083233,3845.1865520595925,3260.227168929352,5810.811564991097,5648.115061815037,7461.982356602111,2241.8907515132255,7255.096622765835,1322.9614536248705,2884.565241912756,7115.5305276199115,5422.043284201187,1125.274814053275,5424.32446950145,6057.59874050956,3280.777704858106
carcinoma_FA_HN14_1_linfoides_notumorales.csv,7120.737981489512,9409.054329537452,1335.7622021180853,5379.425363953317,7760.666834207753,3409.696462798461,6628.80031645801,1609.9363511817287,5332.703864959392,2022.520061196874,0.0,9028.064787249328,3818.6628627449527,4556.6843908531055,3121.1361712509624,885.9935614968822,702.8769978474904,1362.1423608238401,1596.1386838931362,2023.49336904793,1531.4051796789881,7579.162655499133,4708.072916560513,6913.520600276258,1528.512500626535,4502.91121345132,5304.389718855152,6632.214910262328,5600.389288562369,9465.994460661423,1623.0313266977241,1901.5115729182362,1431.0977473507164,6402.890610972552,6906.759261840738,8519.067678726567,893.6717727486603,8462.784176384006,3016.3152820028276,1049.0395955978008,7692.6575698686365,7293.52585502498,1999.2206257340742,6264.320621978697,7129.662027736561,1341.9813184347686
stroma_ad_carcinoma_FA_HN14_5_linfoides_notumorales.csv,3953.8824792746327,6811.130569524,10075.524503164006,4697.253554195183,3791.273359621979,6821.579175032434,3091.3422430862347,10320.07426355443,4322.585461916208,8184.273901504749,9028.064787249328,0.0,5497.835659871009,7181.065929503017,12082.48883515743,9622.949226827772,9169.706507028179,9474.569389376979,9537.358730864478,8798.173927881257,8456.408778088877,2910.1642289607717,5692.255836230926,3230.219267277296,7628.161025378589,5883.341935868045,5017.752178270385,2781.3872184380466,6531.812817070729,5598.5468231576,8074.819780021994,10184.595365399451,10307.135984252123,3188.6865277206944,3284.3504937829234,3136.5144862522134,8439.957168241835,1109.2690526877486,7262.582262716433,9416.406345433667,1679.951406563409,5377.897807643506,9130.650856912032,3214.994486744598,2304.6328476808458,9756.094748449985
carcinoma_FA_HN11A_5_linfoides_notumorales.csv,4710.900992956985,6234.672414470186,4820.798825841897,2710.6013925812545,4234.9467164318585,4016.6129391480695,3271.0082895643322,5194.922969739424,2789.2056902237255,3584.8604616018247,3818.6628627449527,5497.835659871009,0.0,4157.654997525094,6661.697777906039,4587.13977498972,4027.862326098438,4154.423561521422,4316.543796658993,3789.31591311885,3957.562147561587,4801.765627786428,3294.339224937124,3486.8429777367237,3576.3714513212294,2941.614159120501,3261.310246742102,3195.58295480269,3841.785481880521,6062.791426761405,3457.5468469779235,5375.766949860105,5031.745356846955,3104.6651378178944,3454.0647475334094,5018.407258854671,4064.52026180957,4880.61692129291,3429.7912086277047,4427.939027980651,4209.222557078444,3993.810782741987,4460.56036674268,2960.657290585237,3812.2950359715655,4812.034373884851
stroma_ad_carcinoma_FA_HN15_4_linfoides_notumorales.csv,8027.7109683844865,5990.006105891048,5827.214531531146,3012.840492754563,4453.651489529669,1698.1151314871345,4485.846000372189,6138.514324057248,3073.438977610721,2690.647916037671,4556.6843908531055,7181.065929503017,4157.654997525094,0.0,6830.327952626905,5345.978871581919,4833.047914349877,4384.953675308455,4415.065952368594,3647.5905031793627,3115.8855314330485,7960.554990224083,1896.487420793897,4580.03002011189,3486.994360690842,1521.2563920012037,2542.7204070633893,4710.830027774404,1775.1962321899261,5807.184730394468,3270.685483046462,6402.729935615846,5912.557053887136,5821.946631517506,4161.83221973662,6026.710555249541,4410.450520185917,6392.735922388897,1685.4514777414197,5412.035856119205,6242.9199032703955,2967.263996201745,3265.4726154816512,4415.563081207416,5024.844656383047,5829.750070381225
dysplasia_FA_HN15_3_linfoides_notumorales.csv,10090.429231015067,11630.472209193227,2346.022996572091,8232.98561175918,10525.565780351708,6171.608220808763,9631.493251916823,2236.4013418617774,8335.094204952902,4428.023346982052,3121.1361712509624,12082.48883515743,6661.697777906039,6830.327952626905,0.0,2843.167020325947,2983.8770769095763,2837.9318679029084,2733.8782425562717,3543.0555491738196,4023.510429877753,10615.566372224903,7506.687418216345,9293.976067248268,4483.190144607164,7186.281801371735,8224.001017297844,9608.066674588057,8043.772544232661,12107.105633584637,4298.7013878732705,2624.9087658298663,2084.3271259814896,9373.324728071053,9835.373197984718,11552.004731554329,3710.6662134082326,11364.041959136484,5512.032705600278,2945.721698499887,10754.03691418763,9477.566387330116,3709.7983130167504,9282.882764647651,10091.02432409772,2704.7379003889628
carcinoma_FA_HN14_3_linfoides_notumorales.csv,7523.461177587455,10240.8659567225,889.3959120215158,6095.439618078325,8467.256394288668,4106.01436605265,7285.101339417585,916.3652439497018,5977.466922813271,2825.9600040846535,885.9935614968822,9622.949226827772,4587.13977498972,5345.978871581919,2843.167020325947,0.0,866.672956374625,2083.4937861665994,1994.2824793436225,2782.3598294268004,2264.05652192422,8183.823599402373,5435.821890170593,7714.389470277968,2175.7183000831265,5246.630780056055,5970.185501648775,7295.98084470669,6375.950006261044,10256.838762047482,2349.953372564249,1175.3493647182213,1056.3063163862569,7068.597528160146,7583.699861705385,9126.932340265248,1254.9207281512408,9136.6716039454,3785.397680872396,791.3101426074828,8240.490217398412,8081.353063179058,2746.894643025259,6909.802180865898,7787.876771128228,725.2413344389045
carcinoma_FA_HN11A_1_linfoides_notumorales.csv,7322.812814615369,9859.032360700901,1136.4317323805194,5523.576823242204,7890.332811450118,3534.075019849589,6767.110517190412,1486.8358470885478,5474.849509737298,2391.8880797767197,702.8769978474904,9169.706507028179,4027.862326098438,4833.047914349877,2983.8770769095763,866.672956374625,0.0,1666.3852193878606,1550.2480693769596,2300.5264127945757,1843.056187931255,7706.773464561717,4860.086478650849,7291.057247908025,1635.340138153569,4673.836789036072,5434.615334445199,6749.183678751202,5845.413803218999,9705.127587691579,1907.130607204434,1593.6300415961928,1335.3548254208895,6556.710195262432,7043.401740108389,8661.116155248052,936.9656197218916,8588.35838789857,3264.042845274843,836.5601517234255,7835.053737652482,7571.3780279207185,2477.7411914714994,6406.083430799452,7269.702332585034,1032.7817231252993
dysplasia_FA_HN11A_4_linfoides_notumorales.csv,8055.391549915391,9227.810608354788,1710.790559762384,5575.271544920183,7841.227477229543,3482.1157392192076,6964.79875742196,2120.967106064637,5655.137973515804,1828.2513116150367,1362.1423608238401,9474.569389376979,4154.423561521422,4384.953675308455,2837.9318679029084,2083.4937861665994,1666.3852193878606,0.0,811.6588286879899,1020.4809732926578,1471.8461684448039,8348.223332268326,4805.919171776184,6756.971479330272,1948.6415100861304,4524.876852481327,5532.080220811771,6940.014406985684,5521.269900227125,9458.635729748527,1650.3223612754773,2409.629074596157,1687.9926729198648,6775.97520300199,7147.94360507466,8887.374004349589,1708.6489931454257,8690.922507853498,2931.7840619533513,1776.470737894013,8238.68892625513,7125.382012446955,1510.7629246868896,6676.86525944313,7420.286846413413,2024.6050192080947
carcinoma_FA_HN11A_2_linfoides_notumorales.csv,8246.269041421507,9236.550719094135,1786.2306685229073,5630.629107627408,7921.464171271817,3560.5529065010833,7044.623648479535,2195.7124898675333,5734.951837369652,1845.9218102158088,1596.1386838931362,9537.358730864478,4316.543796658993,4415.065952368594,2733.8782425562717,1994.2824793436225,1550.2480693769596,811.6588286879899,0.0,1205.2769662995674,1548.25498233877,8556.65298949758,4884.048849302739,6774.972790272333,2011.5403939174082,4615.959174957143,5606.736722698766,7029.166718701272,5564.55843442168,9538.321993377542,1787.71776212148,2530.5280065714446,1822.9236338078672,6843.922161951545,7224.195150639718,8963.267279879168,1820.3703440123038,8766.912431403482,3004.16199440521,1885.3995614895084,8288.986911589709,7143.61721921549,1411.6661773080082,6724.164607484985,7502.633775700337,1993.7609252764519
carcinoma_FA_HN15_2_linfoides_notumorales.csv,7938.012428497836,8468.917142432623,2410.849351596752,4858.931770048175,7114.107464118989,2771.645059848631,6263.2855569262865,2805.3006732614353,4948.704561065706,1289.7505536022786,2023.49336904793,8798.173927881257,3789.31591311885,3647.5905031793627,3543.0555491738196,2782.3598294268004,2300.5264127945757,1020.4809732926578,1205.2769662995674,0.0,1451.4271032267632,8223.388928068003,4070.42972722646,6015.00350300447,1773.0069269320513,3811.7857364979727,4805.996315071983,6250.904094487158,4791.273091451844,8727.653531450864,1029.3569516418174,3093.7981120834547,2465.2579311061168,6183.741721858096,6430.532543607953,8187.944088434687,2410.1882295879564,7972.068740022487,2267.435828421587,2402.1855713023806,7595.105412700735,6374.386172004955,1178.7101290591168,5996.799686798117,6725.93569906508,2700.6657866422056
stroma_ad_dysplasia_FA_HN15_4_linfoides_notumorales.csv,7621.099369646162,8220.453562843168,2752.961749889272,4500.044265796511,6574.995206261471,2230.2408733734624,5908.658597615207,3065.064483269708,4554.439895678913,1021.8609830073933,1531.4051796789881,8456.408778088877,3957.562147561587,3115.8855314330485,4023.510429877753,2264.05652192422,1843.056187931255,1471.8461684448039,1548.25498233877,1451.4271032267632,0.0,7842.632758164413,3620.8494849822587,5686.01353405949,1076.7946180889137,3214.5169845428404,4368.390214668109,5892.420771172489,4187.7325497399725,8103.904092386062,1104.0793701039725,3322.8063798482453,2857.6367894079617,5969.637319046223,6022.228020247455,7817.870761552711,1547.3294411993948,7577.394659385167,1712.7628117099896,2390.9494908905435,7293.66977776142,5861.478937204539,1223.5342589301417,5651.974029226034,6363.196404934315,2754.050664866583
dysplasia_FA_HN11A_1_linfoides_notumorales.csv,1256.9034175988318,9266.505494709909,8617.254538830857,6215.634209298345,5778.261777064498,7459.661770396189,5083.569460817351,8905.978766928745,5249.464857612151,7764.216186176223,7579.162655499133,2910.1642289607717,4801.765627786428,7960.554990224083,10615.566372224903,8183.823599402373,7706.773464561717,8348.223332268326,8556.65298949758,8223.388928068003,7842.632758164413,0.0,6986.223584572316,4448.143330808107,6926.033374693252,6691.192511293639,6396.086909164995,3637.7530540532425,7971.762105169157,8005.333524739568,7886.325881502253,8887.368292351413,8853.32701697914,2456.32947383228,4990.429771945038,5718.237789900686,7121.352052613748,2474.5294579295514,7363.373053072861,8010.278199766871,3155.668315545028,7151.771551051441,8695.14828655772,4767.50714227876,3389.878309219719,8387.985473902056
dysplasia_FA_HN11A_2_linfoides_notumorales.csv,7197.558942454793,5614.117255220546,5923.197004610353,1369.6796194562764,3133.6563291813795,1733.7512605802533,2850.5322116620673,6247.500535565527,2034.1785844985943,3252.2955096591095,4708.072916560513,5692.255836230926,3294.339224937124,1896.487420793897,7506.687418216345,5435.821890170593,4860.086478650849,4805.919171776184,4884.048849302739,4070.42972722646,3620.8494849822587,6986.223584572316,0.0,3932.3520669814343,3431.9945844196955,1074.7451754671263,1018.2994835532973,3475.319041761639,1659.0243420805775,5107.389000009128,3363.2619450134084,6369.117988805401,6075.219436222809,4947.232889622428,2592.6251158755244,4292.865009308484,4341.672322912875,5154.294203278357,2256.9088525218326,5423.530297974568,4761.700354708907,3144.663067297595,4111.85885221543,2835.489140851053,3780.3097277749807,5800.47866304931
stroma_ad_carcinoma_FA_HN15_3_linfoides_notumorales.csv,4666.347800568706,5114.735987902464,8152.271355967854,3130.5652407709003,2673.632046369213,5009.199239970056,2742.6806308161877,8458.818503470395,3335.7519066742266,5204.660573627093,6913.520600276258,3230.219267277296,3486.8429777367237,4580.03002011189,9293.976067248268,7714.389470277968,7291.057247908025,6756.971479330272,6774.972790272333,6015.00350300447,5686.01353405949,4448.143330808107,3932.3520669814343,0.0,6194.881501071434,3679.7545776928155,3890.5081125040115,1827.1730006643793,3991.2766275359436,4506.119977170139,5675.8263156803305,8766.502559571009,8231.024513709923,2606.0216411738525,2291.33280745181,3583.0636604712136,6990.746771590947,2592.590175280456,4646.065034497572,7824.172505184623,2269.3001348222383,3149.9797521327287,6038.9211819093925,2654.4075684881104,1838.5557888491053,8198.128324765337
dysplasia_FA_HN14_2_linfoides_notumorales.csv,6792.156820737181,8755.225809289659,2685.6307240017295,4115.718207530674,6333.288910461831,1995.417075719255,5213.158741471878,2987.488021352872,3927.535527951122,1605.0750330844726,1528.512500626535,7628.161025378589,3576.3714513212294,3486.994360690842,4483.190144607164,2175.7183000831265,1635.340138153569,1948.6415100861304,2011.5403939174082,1773.0069269320513,1076.7946180889137,6926.033374693252,3431.9945844196955,6194.881501071434,0.0,3277.5337511115263,3866.4274237486206,5185.352813192915,4673.171581679913,8352.940905708832,1315.9222868524287,3056.8219264528702,2850.5005791185117,5240.220472215274,5472.572316211817,7110.620760102264,1046.249048432257,7033.720698758054,2084.0586394061775,2134.1417506050693,6346.028793543368,6256.555620014886,1914.2159462649704,4855.934994752621,5705.729765455885,2518.8375255064466
stroma_ad_carcinoma_FA_HN11A_2_linfoides_notumorales.csv,6747.747219246629,5727.486181245872,5739.596807448467,1747.0654923973443,3398.182180903925,1573.9583052611451,3222.1250443927306,6065.192419219693,1761.7267290626341,2889.727973673214,4502.91121345132,5883.341935868045,2941.614159120501,1521.2563920012037,7186.281801371735,5246.630780056055,4673.836789036072,4524.876852481327,4615.959174957143,3811.7857364979727,3214.5169845428404,6691.192511293639,1074.7451754671263,3679.7545776928155,3277.5337511115263,0.0,1449.1728625612823,3380.8008060006528,1681.7489680920642,5163.573131904632,3146.91247534817,6212.9783499867635,5876.414438468717,4538.869978268399,2935.684425897444,4812.017788675565,4186.436419630649,5082.805091588617,1833.7421665566787,5251.848820334559,4942.415289711362,3164.2233492443165,3689.3175364165872,3144.896153157778,3735.922352438535,5642.834558841148
stroma_ad_dysplasia_FA_HN15_1_linfoides_notumorales.csv,6735.963773660859,5502.31771965511,6406.198439342961,1132.1121285609133,2746.8894349307293,2265.2328961365047,2159.0471393408525,6727.757169255622,1361.905622493889,3996.63008251324,5304.389718855152,5017.752178270385,3261.310246742102,2542.7204070633893,8224.001017297844,5970.185501648775,5434.615334445199,5532.080220811771,5606.736722698766,4805.996315071983,4368.390214668109,6396.086909164995,1018.2994835532973,3890.5081125040115,3866.4274237486206,1449.1728625612823,0.0,2899.658857054894,1836.8563251296994,4906.383025647908,4014.267527575642,6718.31781541071,6634.033262954036,4651.871672928478,1913.3581020921397,3566.088037395,4755.887318553429,4575.9383565158005,2964.6216901243365,5842.306716409075,4090.809490861483,2933.145656922683,4873.855302647595,2171.025601964053,3168.0076690998844,6210.655200796476
stroma_ad_dysplasia_FA_HN11A_2_linfoides_notumorales.csv,4063.797152587316,6396.202352528854,7740.788561924188,2704.2776125249684,2518.456917101,4309.94900606096,1793.6255135497017,8059.528083633656,1870.8888345576665,5612.206567772452,6632.214910262328,2781.3872184380466,3195.58295480269,4710.830027774404,9608.066674588057,7295.98084470669,6749.183678751202,6940.014406985684,7029.166718701272,6250.904094487158,5892.420771172489,3637.7530540532425,3475.319041761639,1827.1730006643793,5185.352813192915,3380.8008060006528,2899.658857054894,0.0,4440.014922479774,5166.617643535847,5529.8919880328,8027.957896796975,7960.3999391999505,2012.5948858955358,1601.9458385996234,3081.4053665806673,6093.074451903925,2203.1515554904495,4683.941454782655,7170.625610236403,1722.0431155913843,3722.7598734624376,6546.968989636841,1546.5264113291557,813.2977746108096,7525.371874298798
stroma_ad_carcinoma_FA_HN15_1_linfoides_notumorales.csv,7935.829621204859,4532.861201407373,6868.705937005089,1983.990271668453,3203.551069174955,2925.9332233369837,3627.5987563148233,7195.829764422541,2982.135668940317,3830.8880952923387,5600.389288562369,6531.812817070729,3841.785481880521,1775.1962321899261,8043.772544232661,6375.950006261044,5845.413803218999,5521.269900227125,5564.55843442168,4791.273091451844,4187.7325497399725,7971.762105169157,1659.0243420805775,3991.2766275359436,4673.171581679913,1681.7489680920642,1836.8563251296994,4440.014922479774,0.0,4381.60528943239,4280.514713567392,7410.257096308444,6993.213650881564,5752.361841646375,3294.1376808745763,4815.561807828114,5489.822398215157,6057.310407618768,2817.1139620520416,6417.979831003192,5628.3397884187125,1983.9725229985108,4467.393304055897,3643.7011612795222,4744.845840127726,6836.476867800778
stroma_ad_dysplasia_FA_HN15_3_linfoides_notumorales.csv,8513.138450359445,1574.1665581651816,10743.867517370287,4420.737071138965,2783.7773033800895,6545.481270157367,3849.514489954115,11068.348435460573,5269.823334742447,7787.106438812774,9465.994460661423,5598.5468231576,6062.791426761405,5807.184730394468,12107.105633584637,10256.838762047482,9705.127587691579,9458.635729748527,9538.321993377542,8727.653531450864,8103.904092386062,8005.333524739568,5107.389000009128,4506.119977170139,8352.940905708832,5163.573131904632,4906.383025647908,5166.617643535847,4381.60528943239,0.0,8141.778802557282,11255.396168176709,10867.211588008007,6479.166470106324,3699.9535877731632,2605.6760406706762,9242.570043558553,5706.020554618278,6686.666172936069,10281.045295355547,5276.742470262317,3336.004756945275,8538.312100261415,4464.479523134091,5370.347494521494,10684.520518319852
carcinoma_FA_HN15_1_linfoides_notumorales.csv,7601.718759392312,8155.079338895685,2653.4601408185845,4125.4795848472195,6400.330669336639,2053.793418017893,5512.425832878559,3032.25275812738,4151.698973833078,997.0171228083233,1623.0313266977241,8074.819780021994,3457.5468469779235,3270.685483046462,4298.7013878732705,2349.953372564249,1907.130607204434,1650.3223612754773,1787.71776212148,1029.3569516418174,1104.0793701039725,7886.325881502253,3363.2619450134084,5675.8263156803305,1315.9222868524287,3146.91247534817,4014.267527575642,5529.8919880328,4280.514713567392,8141.778802557282,0.0,3169.7132220158965,2822.9832260511703,5805.546891518685,5634.753830630284,7410.197599204519,1955.132374807411,7212.161992776087,1756.5040290775446,2331.0019607565173,7017.388796132021,6005.386588600082,1378.4844048682883,5308.584088477563,5964.07967315204,2627.8098874374473
carcinoma_FA_HN11A_3_linfoides_notumorales.csv,8214.460583373888,11297.524335455448,865.1814969790519,7016.426829626653,9341.313655772807,4978.0622845055095,7891.252590418834,900.4807131810713,6630.519754599883,3845.1865520595925,1901.5115729182362,10184.595365399451,5375.766949860105,6402.729935615846,2624.9087658298663,1175.3493647182213,1593.6300415961928,2409.629074596157,2530.5280065714446,3093.7981120834547,3322.8063798482453,8887.368292351413,6369.117988805401,8766.502559571009,3056.8219264528702,6212.9783499867635,6718.31781541071,8027.957896796975,7410.257096308444,11255.396168176709,3169.7132220158965,0.0,1000.2098635388335,7972.126509474244,8365.423435308758,9682.869732096673,2070.2144164759957,9802.195617673371,4818.187619187473,1022.1589871473234,8733.91309332521,9137.308305447532,3589.7474837041327,7542.706267655648,8424.635226732318,627.6508203754199
dysplasia_FA_HN15_5_linfoides_notumorales.csv,8307.323299697737,10730.01127317662,548.9015694018275,6755.785699130807,9132.894314678811,4773.335807690133,7946.979418343422,660.1316751748517,6643.469870030733,3260.227168929352,1431.0977473507164,10307.135984252123,5031.745356846955,5912.557053887136,2084.3271259814896,1056.3063163862569,1335.3548254208895,1687.9926729198648,1822.9236338078672,2465.2579311061168,2857.6367894079617,8853.32701697914,6075.219436222809,8231.024513709923,2850.5005791185117,5876.414438468717,6634.033262954036,7960.3999391999505,6993.213650881564,10867.211588008007,2822.9832260511703,1000.2098635388335,0.0,7733.372423271274,8246.35282525761,9801.296358623094,1903.897206230599,9799.081910870713,4401.20646537239,1087.7653965583597,8934.35704660116,8639.964235533285,2984.495799627862,7574.135215819393,8452.382530328821,924.5748711004671
stroma_ad_dysplasia_FA_HN11A_3_linfoides_notumorales.csv,2320.26027018026,7614.118036915465,7544.1009564919705,4086.3343308634794,4183.236489332024,5486.197370613006,3710.8386619959792,7860.125527165357,3557.0823801701404,5810.811564991097,6402.890610972552,3188.6865277206944,3104.6651378178944,5821.946631517506,9373.324728071053,7068.597528160146,6556.710195262432,6775.97520300199,6843.922161951545,6183.741721858096,5969.637319046223,2456.32947383228,4947.232889622428,2606.0216411738525,5240.220472215274,4538.869978268399,4651.871672928478,2012.5948858955358,5752.361841646375,6479.166470106324,5805.546891518685,7972.126509474244,7733.372423271274,0.0,3391.9402504115405,4769.143978255237,5991.673644289619,2476.985144170795,5255.11988730398,7033.107347915794,2433.945598372284,5169.534719217947,6732.907326137035,3277.520773648108,1815.788290809981,7407.635650016899
stroma_ad_dysplasia_FA_HN11A_1_linfoides_notumorales.csv,5475.033995789936,4900.55296976198,8027.571177096797,1893.747353910259,1224.9035240942871,3908.2162645487206,1119.630372039755,8351.02433500565,2047.426974736473,5648.115061815037,6906.759261840738,3284.3504937829234,3454.0647475334094,4161.83221973662,9835.373197984718,7583.699861705385,7043.401740108389,7147.94360507466,7224.195150639718,6430.532543607953,6022.228020247455,4990.429771945038,2592.6251158755244,2291.33280745181,5472.572316211817,2935.684425897444,1913.3581020921397,1601.9458385996234,3294.1376808745763,3699.9535877731632,5634.753830630284,8365.423435308758,8246.35282525761,3391.9402504115405,0.0,2031.694516189441,6374.643716731867,2986.6687296461328,4619.376952295039,7479.361238965643,2395.1260161768164,2293.8428364553342,6521.228351449636,1358.2371017892592,1938.2057393076054,7837.635793153917
stroma_ad_dysplasia_FA_HN14_1_linfoides_notumorales.csv,6473.99916923832,3865.5596782979787,9569.473291338896,3453.949783611158,1899.5249158885822,5758.537742547767,1989.5106394847605,9822.030285247774,3571.2256162572303,7461.982356602111,8519.067678726567,3136.5144862522134,5018.407258854671,6026.710555249541,11552.004731554329,9126.932340265248,8661.116155248052,8887.374004349589,8963.267279879168,8187.944088434687,7817.870761552711,5718.237789900686,4292.865009308484,3583.0636604712136,7110.620760102264,4812.017788675565,3566.088037395,3081.4053665806673,4815.561807828114,2605.6760406706762,7410.197599204519,9682.869732096673,9801.296358623094,4769.143978255237,2031.694516189441,0.0,7938.17865897192,3546.3823358427253,6440.325596937064,8919.98906541221,2735.862504523861,3652.3694293323174,8355.344713726747,2623.5968200969414,3071.603172237478,9269.902665905112
dysplasia_FA_HN14_1_linfoides_notumorales.csv,6848.466297488733,9578.65702376967,1742.7648137609358,4985.704819704224,7297.219842294245,2943.241909383706,6060.975746257378,1995.8616212043853,4761.173589720369,2241.8907515132255,893.6717727486603,8439.957168241835,4064.52026180957,4410.450520185917,3710.6662134082326,1254.9207281512408,936.9656197218916,1708.6489931454257,1820.3703440123038,2410.1882295879564,1547.3294411993948,7121.352052613748,4341.672322912875,6990.746771590947,1046.249048432257,4186.436419630649,4755.887318553429,6093.074451903925,5489.822398215157,9242.570043558553,1955.132374807411,2070.2144164759957,1903.897206230599,5991.673644289619,6374.643716731867,7938.17865897192,0.0,7927.427964924836,2968.2147833124945,1198.58681209223,7067.861935977408,7159.862438236745,2455.979805698713,5692.507391445105,6563.456927107161,1555.0257459254844
stroma_ad_carcinoma_FA_HN14_4_linfoides_notumorales.csv,3533.7842257835027,6992.754845972071,9570.752345690405,4417.171267914513,3622.59489038458,6020.885291677466,3149.6135059274316,9890.394795992024,3748.1046459284544,7255.096622765835,8462.784176384006,1109.2690526877486,4880.61692129291,6392.735922388897,11364.041959136484,9136.6716039454,8588.35838789857,8690.922507853498,8766.912431403482,7972.068740022487,7577.394659385167,2474.5294579295514,5154.294203278357,2592.590175280456,7033.720698758054,5082.805091588617,4575.9383565158005,2203.1515554904495,6057.310407618768,5706.020554618278,7212.161992776087,9802.195617673371,9799.081910870713,2476.985144170795,2986.6687296461328,3546.3823358427253,7927.427964924836,0.0,6354.658802682044,8990.084652490312,1847.9981635668546,5090.339263285685,8181.494810301387,3279.552041141265,1799.6200269501298,9353.94287382015
stroma_ad_carcinoma_FA_HN11A_1_linfoides_notumorales.csv,7135.889222663266,6972.470242695939,4276.265137308456,3224.547388609047,5136.138174273639,1112.0167130160917,4684.433775741312,4604.515276012535,3208.375590692692,1322.9614536248705,3016.3152820028276,7262.582262716433,3429.7912086277047,1685.4514777414197,5512.032705600278,3785.397680872396,3264.042845274843,2931.7840619533513,3004.16199440521,2267.435828421587,1712.7628117099896,7363.373053072861,2256.9088525218326,4646.065034497572,2084.0586394061775,1833.7421665566787,2964.6216901243365,4683.941454782655,2817.1139620520416,6686.666172936069,1756.5040290775446,4818.187619187473,4401.20646537239,5255.11988730398,4619.376952295039,6440.325596937064,2968.2147833124945,6354.658802682044,0.0,3825.2773056105207,6267.912305217404,4435.073273198025,2057.9522467863426,4520.359982372756,5111.670387728636,4246.623593636678
carcinoma_FA_HN14_4_linfoides_notumorales.csv,7414.238741718635,10363.356476081803,904.7963530818575,6050.754812874364,8428.74475545576,4061.7572311515078,7092.587468723234,1083.797694024963,5800.382376910018,2884.565241912756,1049.0395955978008,9416.406345433667,4427.939027980651,5412.035856119205,2945.721698499887,791.3101426074828,836.5601517234255,1776.470737894013,1885.3995614895084,2402.1855713023806,2390.9494908905435,8010.278199766871,5423.530297974568,7824.172505184623,2134.1417506050693,5251.848820334559,5842.306716409075,7170.625610236403,6417.979831003192,10281.045295355547,2331.0019607565173,1022.1589871473234,1087.7653965583597,7033.107347915794,7479.361238965643,8919.98906541221,1198.58681209223,8990.084652490312,3825.2773056105207,0.0,8032.760710071353,8142.700505333812,2689.429770492569,6716.0777115369365,7603.482589285634,685.3914421726187
stroma_ad_carcinoma_FA_HN14_2_linfoides_notumorales.csv,3833.524195296656,6557.5411406519725,8722.007448595938,3769.8630118183714,3040.606032751342,5879.655756019065,2284.838692938571,8936.249486861983,3291.8846196705517,7115.5305276199115,7692.6575698686365,1679.951406563409,4209.222557078444,6242.9199032703955,10754.03691418763,8240.490217398412,7835.053737652482,8238.68892625513,8288.986911589709,7595.105412700735,7293.66977776142,3155.668315545028,4761.700354708907,2269.3001348222383,6346.028793543368,4942.415289711362,4090.809490861483,1722.0431155913843,5628.3397884187125,5276.742470262317,7017.388796132021,8733.91309332521,8934.35704660116,2433.945598372284,2395.1260161768164,2735.862504523861,7067.861935977408,1847.9981635668546,6267.912305217404,8032.760710071353,0.0,4542.192854637581,8053.250813660533,2121.756907919631,1484.9460970969863,8353.913428876524
stroma_ad_carcinoma_FA_HN15_2_linfoides_notumorales.csv,7413.906539794746,3580.7043669096274,8558.820260698598,2443.3869751384304,2064.97698090657,4450.322262547361,2443.838185988688,8868.85538113057,3386.648416125684,5422.043284201187,7293.52585502498,5377.897807643506,3993.810782741987,2967.263996201745,9477.566387330116,8081.353063179058,7571.3780279207185,7125.382012446955,7143.61721921549,6374.386172004955,5861.478937204539,7151.771551051441,3144.663067297595,3149.9797521327287,6256.555620014886,3164.2233492443165,2933.145656922683,3722.7598734624376,1983.9725229985108,3336.004756945275,6005.386588600082,9137.308305447532,8639.964235533285,5169.534719217947,2293.8428364553342,3652.3694293323174,7159.862438236745,5090.339263285685,4435.073273198025,8142.700505333812,4542.192854637581,0.0,5908.349275597881,2740.52083909707,4078.374126751752,8563.51454773802
