,stroma_ad_dysplasia_FA_HN11A_4_linfoides_notumorales.csv,stroma_ad_dysplasia_FA_HN14_3_linfoides_notumorales.csv,carcinoma_FA_HN14_2_linfoides_notumorales.csv,stroma_ad_dysplasia_FA_HN14_4_linfoides_notumorales.csv,stroma_ad_dysplasia_FA_HN15_2_linfoides_notumorales.csv,stroma_ad_dysplasia_FA_HN15_5_linfoides_notumorales.csv,stroma_ad_carcinoma_FA_HN14_3_linfoides_notumorales.csv,carcinoma_FA_HN11A_4_linfoides_notumorales.csv,stroma_ad_dysplasia_FA_HN11A_5_linfoides_notumorales.csv,dysplasia_FA_HN11A_5_linfoides_notumorales.csv,carcinoma_FA_HN14_1_linfoides_notumorales.csv,stroma_ad_carcinoma_FA_HN14_5_linfoides_notumorales.csv,carcinoma_FA_HN11A_5_linfoides_notumorales.csv,stroma_ad_carcinoma_FA_HN15_4_linfoides_notumorales.csv,dysplasia_FA_HN15_3_linfoides_notumorales.csv,carcinoma_FA_HN14_3_linfoides_notumorales.csv,carcinoma_FA_HN11A_1_linfoides_notumorales.csv,dysplasia_FA_HN11A_4_linfoides_notumorales.csv,carcinoma_FA_HN11A_2_linfoides_notumorales.csv,carcinoma_FA_HN15_2_linfoides_notumorales.csv,stroma_ad_dysplasia_FA_HN15_4_linfoides_notumorales.csv,dysplasia_FA_HN11A_1_linfoides_notumorales.csv,dysplasia_FA_HN11A_2_linfoides_notumorales.csv,stroma_ad_carcinoma_FA_HN15_3_linfoides_notumorales.csv,dysplasia_FA_HN14_2_linfoides_notumorales.csv,stroma_ad_carcinoma_FA_HN11A_2_linfoides_notumorales.csv,stroma_ad_dysplasia_FA_HN15_1_linfoides_notumorales.csv,stroma_ad_dysplasia_FA_HN11A_2_linfoides_notumorales.csv,stroma_ad_carcinoma_FA_HN15_1_linfoides_notumorales.csv,stroma_ad_dysplasia_FA_HN15_3_linfoides_notumorales.csv,carcinoma_FA_HN15_1_linfoides_notumorales.csv,carcinoma_FA_HN11A_3_linfoides_notumorales.csv,dysplasia_FA_HN15_5_linfoides_notumorales.csv,stroma_ad_dysplasia_FA_HN11A_3_linfoides_notumorales.csv,stroma_ad_dysplasia_FA_HN11A_1_linfoides_notumorales.csv,stroma_ad_dysplasia_FA_HN14_1_linfoides_notumorales.csv,dysplasia_FA_HN14_1_linfoides_notumorales.csv,stroma_ad_carcinoma_FA_HN14_4_linfoides_notumorales.csv,stroma_ad_carcinoma_FA_HN11A_1_linfoides_notumorales.csv,carcinoma_FA_HN14_4_linfoides_notumorales.csv,stroma_ad_carcinoma_FA_HN14_2_linfoides_notumorales.csv,stroma_ad_carcinoma_FA_HN15_2_linfoides_notumorales.csv,dysplasia_FA_HN11A_3_linfoides_notumorales.csv,stroma_ad_dysplasia_FA_HN14_2_linfoides_notumorales.csv,stroma_ad_carcinoma_FA_HN14_1_linfoides_notumorales.csv,dysplasia_FA_HN15_2_linfoides_notumorales.csv
stroma_ad_dysplasia_FA_HN11A_4_linfoides_notumorales.csv,2.1855791581278807e-308,40.45889825261402,33.151639512232435,38.26818802503419,44.38119551664663,30.705889643841033,25.651963916568064,33.151639512232435,36.53285480844775,40.24316979178687,33.151639512232435,36.13738397957536,43.077668580590924,61.17136298002009,96.50177249518146,33.151639512232435,33.151639512232435,87.96434501990569,79.20395363088758,33.91599312357653,38.25655180334678,19.870124092997685,37.52365669691899,71.8862969431,20.549070503931752,53.148185348689665,29.1019648379216,33.1553813372998,101.70785187477503,68.64629232848174,31.95500716640303,80.77734259713645,33.151639512232435,44.05536686817376,47.230866799725305,61.24934240785882,33.151639512232435,61.59436160977063,59.25216617979724,33.151639512232435,23.72000998488656,51.5100538835366,33.151639512232435,45.07609409317689,64.70244884144347,35.883764217630414
stroma_ad_dysplasia_FA_HN14_3_linfoides_notumorales.csv,40.45889825261402,1.03531916275542e-308,47.78167949676114,29.61621774857747,44.38119551664664,40.45889825261402,29.901198587154283,47.78167949676114,29.901198587154283,47.78167949676114,47.78167949676114,29.901198587154283,36.73411056531782,61.17136298002009,96.50177249518146,47.78167949676114,47.78167949676114,87.96434501990569,79.20395363088758,47.78167949676114,47.78167949676114,47.78167949676114,37.523656696919005,47.99563933939601,46.797004021311906,53.148185348689665,32.701698542324976,35.91934439338718,83.43488437622923,59.948227257706804,47.78167949676114,80.77734259713645,47.78167949676114,37.71813343325877,34.063755979638074,36.616838750823774,47.78167949676114,57.608974526053146,59.25216617979724,47.78167949676114,39.958651868943775,40.90791180078406,40.45889825261402,29.901198587154283,64.70244884144347,47.78167949676114
carcinoma_FA_HN14_2_linfoides_notumorales.csv,33.151639512232435,47.78167949676114,0.0,50.058839388400756,44.38119551664663,36.2213660713721,36.89092623211839,0.0,36.53285480844775,40.24316979178687,23.69016539439818,46.299603119472934,43.077668580590924,61.17136298002009,96.50177249518146,0.0,4.195456190608336,87.96434501990569,79.20395363088758,33.91599312357653,38.25655180334678,27.625893519250162,37.52365669691899,71.8862969431,22.824387366131013,53.148185348689665,29.1019648379216,33.1553813372998,101.70785187477503,68.64629232848174,14.605754076254257,80.77734259713645,0.0,44.05536686817376,47.230866799725305,61.24934240785882,2.437797999301704,61.59436160977063,59.25216617979724,4.479810668521477,30.16747804991582,51.5100538835366,28.727394104867827,50.872247827543276,64.70244884144347,35.883764217630414
stroma_ad_dysplasia_FA_HN14_4_linfoides_notumorales.csv,38.26818802503419,29.61621774857747,50.058839388400756,1.471913920603036e-308,44.38119551664664,35.32529489940737,35.32529489940737,50.058839388400756,35.32529489940737,50.058839388400756,50.058839388400756,35.32529489940737,38.86432943394945,61.17136298002009,96.50177249518146,50.058839388400756,50.058839388400756,87.96434501990569,79.20395363088758,47.668311406303175,49.71609036274981,50.058839388400756,35.869586388608695,51.176436440819145,50.058839388400756,53.148185348689665,35.717314532353186,35.32529489940737,84.46657517797951,59.948227257706804,50.058839388400756,80.77734259713645,50.058839388400756,43.20669418737272,35.32529489940737,37.916895744820266,50.058839388400756,41.89985268305324,59.25216617979724,50.058839388400756,38.26818802503419,42.54323835401908,38.26818802503419,35.32529489940737,64.70244884144347,50.058839388400756
stroma_ad_dysplasia_FA_HN15_2_linfoides_notumorales.csv,44.38119551664663,44.38119551664664,44.38119551664663,44.38119551664664,1.249818556734896e-308,33.05105115219172,44.38119551664663,44.38119551664663,44.38119551664663,44.38119551664663,44.38119551664663,44.38119551664664,44.38119551664663,40.315070920220876,96.50177249518146,44.38119551664663,44.38119551664663,87.96434501990569,79.20395363088758,44.38119551664663,38.25655180334678,44.38119551664663,35.75305277800061,71.8862969431,44.38119551664663,40.5115807546058,41.74602994568389,44.38119551664663,101.70785187477503,50.636344771404225,41.74602994568389,80.77734259713645,44.38119551664663,44.38119551664663,38.21485304500186,49.83573383319316,44.38119551664663,41.74602994568389,52.56970771240907,44.38119551664663,44.38119551664663,42.54323835401908,34.32202376845444,44.38119551664664,44.38119551664664,44.38119551664663
stroma_ad_dysplasia_FA_HN15_5_linfoides_notumorales.csv,30.705889643841033,40.45889825261402,36.2213660713721,35.32529489940737,33.05105115219172,1.0817634579134794e-308,23.56382170727997,36.2213660713721,30.257154411808102,40.24316979178687,36.2213660713721,30.705889643841033,43.077668580590924,61.17136298002009,96.50177249518146,36.2213660713721,36.2213660713721,87.96434501990569,79.20395363088758,33.91599312357653,38.25655180334678,36.2213660713721,37.52365669691899,71.8862969431,36.2213660713721,47.005422911184695,25.190879587494564,30.705889643841033,101.70785187477503,59.948227257706804,35.801886242013765,80.77734259713645,36.2213660713721,44.05536686817376,34.38311369151063,54.88267390710146,36.2213660713721,61.59436160977063,59.25216617979724,36.2213660713721,30.705889643841033,46.61848656674593,28.72739410486784,39.328999798335886,49.6117240043517,36.2213660713721
stroma_ad_carcinoma_FA_HN14_3_linfoides_notumorales.csv,25.651963916568064,29.901198587154283,36.89092623211839,35.32529489940737,44.38119551664663,23.56382170727997,8.585933643381773e-309,36.89092623211839,25.075869096492653,40.24316979178687,36.89092623211839,25.651963916568064,43.077668580590924,61.17136298002009,96.50177249518146,36.89092623211839,36.89092623211839,87.96434501990569,79.20395363088758,33.91599312357653,38.25655180334678,36.89092623211839,25.997809685785995,71.8862969431,36.89092623211839,53.148185348689665,29.1019648379216,30.562412337472722,101.70785187477503,59.948227257706804,36.786536851828586,80.77734259713645,36.89092623211839,44.05536686817376,34.063755979638074,53.56781552498484,36.89092623211839,54.3902977373715,59.25216617979724,36.89092623211839,25.651963916568064,42.54323835401908,31.70213560799081,33.53819779742241,41.33719986952738,36.89092623211839
carcinoma_FA_HN11A_4_linfoides_notumorales.csv,33.151639512232435,47.78167949676114,0.0,50.058839388400756,44.38119551664663,36.2213660713721,36.89092623211839,0.0,36.53285480844775,40.24316979178687,23.69016539439818,46.299603119472934,43.077668580590924,61.17136298002009,96.50177249518146,0.0,4.195456190608336,87.96434501990569,79.20395363088758,33.91599312357653,38.25655180334678,27.625893519250162,37.52365669691899,71.8862969431,22.824387366131013,53.148185348689665,29.1019648379216,33.1553813372998,101.70785187477503,68.64629232848174,14.605754076254257,80.77734259713645,0.0,44.05536686817376,47.230866799725305,61.24934240785882,2.437797999301704,61.59436160977063,59.25216617979724,4.479810668521477,30.16747804991582,51.5100538835366,28.727394104867827,50.872247827543276,64.70244884144347,35.883764217630414
stroma_ad_dysplasia_FA_HN11A_5_linfoides_notumorales.csv,36.53285480844775,29.901198587154283,36.53285480844775,35.32529489940737,44.38119551664663,30.257154411808102,25.075869096492653,36.53285480844775,1.5963771688632944e-308,40.24316979178687,36.53285480844775,24.259667595854552,43.077668580590924,61.17136298002009,96.50177249518146,36.53285480844775,36.53285480844775,87.96434501990569,79.20395363088758,36.53285480844775,38.25655180334678,36.53285480844775,37.52365669691899,71.8862969431,36.53285480844775,53.148185348689665,30.077733835331173,27.503998982506033,101.70785187477503,59.948227257706804,36.53285480844775,80.77734259713645,36.53285480844775,44.05536686817376,34.063755979638074,37.92364450626363,36.53285480844775,58.915780281493,59.25216617979724,36.53285480844775,36.53285480844775,42.54323835401908,34.22318046213566,31.443228065467224,61.8396390767161,36.53285480844775
dysplasia_FA_HN11A_5_linfoides_notumorales.csv,40.24316979178687,47.78167949676114,40.24316979178687,50.058839388400756,44.38119551664663,40.24316979178687,40.24316979178687,40.24316979178687,40.24316979178687,1.877080890984614e-308,40.24316979178687,46.299603119472934,43.077668580590924,61.17136298002009,96.50177249518146,40.24316979178687,40.24316979178687,63.834833497972454,49.14286881938256,38.77788156448429,40.24316979178687,40.24316979178687,40.24316979178687,71.8862969431,40.24316979178687,53.148185348689665,40.24316979178687,40.24316979178687,101.70785187477503,68.64629232848174,40.24316979178687,80.77734259713645,40.24316979178687,44.05536686817376,47.230866799725305,61.24934240785882,40.24316979178687,61.59436160977063,59.25216617979724,40.24316979178687,40.24316979178687,51.5100538835366,40.24316979178687,50.872247827543276,64.70244884144347,40.24316979178687
carcinoma_FA_HN14_1_linfoides_notumorales.csv,33.151639512232435,47.78167949676114,23.69016539439818,50.058839388400756,44.38119551664663,36.2213660713721,36.89092623211839,23.69016539439818,36.53285480844775,40.24316979178687,2.0260272644458316e-308,46.299603119472934,43.077668580590924,61.17136298002009,96.50177249518146,23.69016539439818,23.69016539439818,87.96434501990569,79.20395363088758,33.91599312357653,38.25655180334678,27.625893519250162,37.52365669691899,71.8862969431,23.69016539439818,53.148185348689665,29.1019648379216,33.1553813372998,101.70785187477503,68.64629232848174,23.69016539439818,80.77734259713645,23.69016539439818,44.05536686817376,47.230866799725305,61.24934240785882,23.69016539439818,61.59436160977063,59.25216617979724,23.69016539439818,30.16747804991582,51.5100538835366,28.727394104867827,50.872247827543276,64.70244884144347,35.883764217630414
stroma_ad_carcinoma_FA_HN14_5_linfoides_notumorales.csv,36.13738397957536,29.901198587154283,46.299603119472934,35.32529489940737,44.38119551664664,30.705889643841033,25.651963916568064,46.299603119472934,24.259667595854552,46.299603119472934,46.299603119472934,8.979051065871565e-309,43.07766858059094,61.17136298002009,96.50177249518146,46.299603119472934,46.299603119472934,87.96434501990569,79.20395363088758,46.299603119472934,46.299603119472934,46.299603119472934,37.523656696919005,71.8862969431,46.299603119472934,53.148185348689665,29.48711092149631,29.43092572873016,101.70785187477503,59.948227257706804,46.299603119472934,80.77734259713645,46.299603119472934,44.05536686817379,34.063755979638074,35.54283786415871,46.299603119472934,56.534973639388085,59.25216617979724,46.299603119472934,36.56808078391148,42.54323835401908,34.474938611298114,32.618240322938405,64.70244884144347,46.299603119472934
carcinoma_FA_HN11A_5_linfoides_notumorales.csv,43.077668580590924,36.73411056531782,43.077668580590924,38.86432943394945,44.38119551664663,43.077668580590924,43.077668580590924,43.077668580590924,43.077668580590924,43.077668580590924,43.077668580590924,43.07766858059094,2.0682385402482705e-308,55.814538163147205,96.50177249518146,43.077668580590924,43.077668580590924,87.96434501990569,79.20395363088758,36.78123101629856,38.25655180334678,43.077668580590924,35.36641880116923,45.30514971814847,43.077668580590924,53.148185348689665,43.077668580590924,43.077668580590924,101.70785187477503,54.78497117894142,43.077668580590924,80.77734259713645,43.077668580590924,32.20998806458317,43.07766858059094,43.07766858059094,43.077668580590924,43.07766858059094,40.14466505647334,43.077668580590924,43.077668580590924,38.23826048788837,43.077668580590924,41.30489481177989,64.70244884144347,43.077668580590924
stroma_ad_carcinoma_FA_HN15_4_linfoides_notumorales.csv,61.17136298002009,61.17136298002009,61.17136298002009,61.17136298002009,40.315070920220876,61.17136298002009,61.17136298002009,61.17136298002009,61.17136298002009,61.17136298002009,61.17136298002009,61.17136298002009,55.814538163147205,1.132202882307442e-308,96.50177249518146,61.17136298002009,61.17136298002009,87.96434501990569,79.20395363088758,61.17136298002009,53.0148577811066,61.17136298002009,61.17136298002009,64.93229908243734,61.17136298002009,53.0148577811066,56.98752307863978,61.17136298002009,101.70785187477503,63.251711165298985,59.27500393990607,80.77734259713645,61.17136298002009,52.87186907697151,53.0148577811066,61.17136298002009,61.17136298002009,58.571042546863055,45.00274554391629,61.17136298002009,61.17136298002009,45.608741089723196,50.223113669194305,55.41107520839523,55.31732279241784,61.17136298002009
dysplasia_FA_HN15_3_linfoides_notumorales.csv,96.50177249518146,96.50177249518146,96.50177249518146,96.50177249518146,96.50177249518146,96.50177249518146,96.50177249518146,96.50177249518146,96.50177249518146,96.50177249518146,96.50177249518146,96.50177249518146,96.50177249518146,96.50177249518146,2.2135113354028953e-308,96.50177249518146,96.50177249518146,96.50177249518146,96.50177249518146,96.50177249518146,96.50177249518146,96.50177249518146,96.50177249518146,96.50177249518146,96.50177249518146,96.50177249518146,96.50177249518146,96.50177249518146,101.70785187477503,96.50177249518146,96.50177249518146,96.50177249518146,96.50177249518146,96.50177249518146,96.50177249518146,96.50177249518146,96.50177249518146,96.50177249518146,96.50177249518146,96.50177249518146,96.50177249518146,96.50177249518146,96.50177249518146,96.50177249518146,96.50177249518146,96.50177249518144
carcinoma_FA_HN14_3_linfoides_notumorales.csv,33.151639512232435,47.78167949676114,0.0,50.058839388400756,44.38119551664663,36.2213660713721,36.89092623211839,0.0,36.53285480844775,40.24316979178687,23.69016539439818,46.299603119472934,43.077668580590924,61.17136298002009,96.50177249518146,0.0,4.195456190608336,87.96434501990569,79.20395363088758,33.91599312357653,38.25655180334678,27.625893519250162,37.52365669691899,71.8862969431,22.824387366131013,53.148185348689665,29.1019648379216,33.1553813372998,101.70785187477503,68.64629232848174,14.605754076254257,80.77734259713645,0.0,44.05536686817376,47.230866799725305,61.24934240785882,2.437797999301704,61.59436160977063,59.25216617979724,4.479810668521477,30.16747804991582,51.5100538835366,28.727394104867827,50.872247827543276,64.70244884144347,35.883764217630414
carcinoma_FA_HN11A_1_linfoides_notumorales.csv,33.151639512232435,47.78167949676114,4.195456190608336,50.058839388400756,44.38119551664663,36.2213660713721,36.89092623211839,4.195456190608336,36.53285480844775,40.24316979178687,23.69016539439818,46.299603119472934,43.077668580590924,61.17136298002009,96.50177249518146,4.195456190608336,2.1354248533346883e-308,87.96434501990569,79.20395363088758,33.91599312357653,38.25655180334678,27.625893519250162,37.52365669691899,71.8862969431,22.824387366131013,53.148185348689665,29.1019648379216,33.1553813372998,101.70785187477503,68.64629232848174,14.605754076254257,80.77734259713645,4.195456190608336,44.05536686817376,47.230866799725305,61.24934240785882,4.195456190608336,61.59436160977063,59.25216617979724,4.479810668521477,30.16747804991582,51.5100538835366,28.727394104867827,50.872247827543276,64.70244884144347,35.88376421763041
dysplasia_FA_HN11A_4_linfoides_notumorales.csv,87.96434501990569,87.96434501990569,87.96434501990569,87.96434501990569,87.96434501990569,87.96434501990569,87.96434501990569,87.96434501990569,87.96434501990569,63.834833497972454,87.96434501990569,87.96434501990569,87.96434501990569,87.96434501990569,96.50177249518146,87.96434501990569,87.96434501990569,1.529118473316409e-308,54.901580439375834,70.38539852274948,87.96434501990569,87.96434501990569,87.96434501990569,87.96434501990569,87.96434501990569,87.96434501990569,87.96434501990569,87.96434501990569,87.96434501990569,87.96434501990569,87.96434501990569,87.96434501990569,87.96434501990569,87.96434501990569,87.96434501990569,87.96434501990569,87.96434501990569,87.96434501990569,87.96434501990569,87.96434501990569,87.96434501990569,87.96434501990569,76.93108178264134,87.96434501990569,87.96434501990569,87.96434501990569
carcinoma_FA_HN11A_2_linfoides_notumorales.csv,79.20395363088758,79.20395363088758,79.20395363088758,79.20395363088758,79.20395363088758,79.20395363088758,79.20395363088758,79.20395363088758,79.20395363088758,49.14286881938256,79.20395363088758,79.20395363088758,79.20395363088758,79.20395363088758,96.50177249518146,79.20395363088758,79.20395363088758,54.901580439375834,1.390423924976738e-308,51.814722545439736,71.34250059891303,79.20395363088758,79.20395363088758,71.88629694310004,79.20395363088758,79.20395363088758,79.20395363088758,79.20395363088758,87.0355720953365,79.20395363088758,79.20395363088758,80.77734259713645,79.20395363088758,79.20395363088758,79.20395363088758,79.20395363088758,79.20395363088758,79.20395363088758,72.56899215889598,79.20395363088758,79.20395363088758,79.20395363088758,55.974653778488744,79.20395363088758,79.20395363088758,79.20395363088758
carcinoma_FA_HN15_2_linfoides_notumorales.csv,33.91599312357653,47.78167949676114,33.91599312357653,47.668311406303175,44.38119551664663,33.91599312357653,33.91599312357653,33.91599312357653,36.53285480844775,38.77788156448429,33.91599312357653,46.299603119472934,36.78123101629856,61.17136298002009,96.50177249518146,33.91599312357653,33.91599312357653,70.38539852274948,51.814722545439736,1.5983556391058085e-308,38.25655180334678,33.91599312357653,37.52365669691899,60.7280307966555,33.91599312357653,53.148185348689665,33.91599312357653,33.91599312357653,76.73369229754331,68.64629232848174,33.91599312357653,80.77734259713645,33.91599312357653,33.700433178832625,47.230866799725305,61.24934240785882,33.91599312357653,61.59436160977063,59.25216617979724,33.91599312357653,33.91599312357653,51.5100538835366,33.91599312357653,46.459042454047434,64.70244884144347,35.883764217630414
stroma_ad_dysplasia_FA_HN15_4_linfoides_notumorales.csv,38.25655180334678,47.78167949676114,38.25655180334678,49.71609036274981,38.25655180334678,38.25655180334678,38.25655180334678,38.25655180334678,38.25655180334678,40.24316979178687,38.25655180334678,46.299603119472934,38.25655180334678,53.0148577811066,96.50177249518146,38.25655180334678,38.25655180334678,87.96434501990569,71.34250059891303,38.25655180334678,1.784418143912729e-308,38.25655180334678,38.25655180334678,44.509978335857,38.25655180334678,45.0321580549828,38.25655180334678,38.25655180334678,101.70785187477503,68.64629232848174,36.82146694209641,80.77734259713645,38.25655180334678,38.25655180334678,47.230866799725305,61.24934240785882,38.25655180334678,45.501255951917926,59.25216617979724,38.25655180334678,38.25655180334678,51.5100538835366,38.25655180334678,49.92166699320167,38.25655180334678,38.25655180334678
dysplasia_FA_HN11A_1_linfoides_notumorales.csv,19.870124092997685,47.78167949676114,27.625893519250162,50.058839388400756,44.38119551664663,36.2213660713721,36.89092623211839,27.625893519250162,36.53285480844775,40.24316979178687,27.625893519250162,46.299603119472934,43.077668580590924,61.17136298002009,96.50177249518146,27.625893519250162,27.625893519250162,87.96434501990569,79.20395363088758,33.91599312357653,38.25655180334678,1.5035413370544763e-308,31.12197231658081,71.8862969431,19.676615638493836,53.148185348689665,29.1019648379216,33.1553813372998,101.70785187477503,68.64629232848174,24.2121760174332,80.77734259713645,27.625893519250162,44.05536686817376,47.230866799725305,61.24934240785882,27.625893519250162,60.413170265308594,59.25216617979724,27.625893519250162,30.16747804991582,51.5100538835366,28.727394104867827,50.872247827543276,64.70244884144347,35.883764217630414
dysplasia_FA_HN11A_2_linfoides_notumorales.csv,37.52365669691899,37.523656696919005,37.52365669691899,35.869586388608695,35.75305277800061,37.52365669691899,25.997809685785995,37.52365669691899,37.52365669691899,40.24316979178687,37.52365669691899,37.523656696919005,35.36641880116923,61.17136298002009,96.50177249518146,37.52365669691899,37.52365669691899,87.96434501990569,79.20395363088758,37.52365669691899,38.25655180334678,31.12197231658081,1.608505778169713e-308,71.8862969431,37.52365669691899,53.148185348689665,23.553513248373818,31.58843928505371,101.70785187477503,59.948227257706804,37.52365669691899,80.77734259713645,37.52365669691899,44.05536686817376,36.99066566670524,41.169977548399004,37.52365669691899,29.291197948727785,59.25216617979724,37.52365669691899,37.52365669691899,35.336539950731606,28.72739410486784,39.346832538192686,42.69291409746921,37.52365669691899
stroma_ad_carcinoma_FA_HN15_3_linfoides_notumorales.csv,71.8862969431,47.99563933939601,71.8862969431,51.176436440819145,71.8862969431,71.8862969431,71.8862969431,71.8862969431,71.8862969431,71.8862969431,71.8862969431,71.8862969431,45.30514971814847,64.93229908243734,96.50177249518146,71.8862969431,71.8862969431,87.96434501990569,71.88629694310004,60.7280307966555,44.509978335857,71.8862969431,71.8862969431,1.4121948499058043e-308,71.8862969431,68.09427992852449,71.8862969431,71.8862969431,62.521007531413375,59.28163837070642,71.8862969431,80.77734259713645,71.8862969431,42.56669849628719,71.8862969431,71.8862969431,71.8862969431,71.8862969431,52.677662290249145,71.8862969431,71.8862969431,60.85410243053286,71.8862969431,68.9774937031479,71.8862969431,71.8862969431
dysplasia_FA_HN14_2_linfoides_notumorales.csv,20.549070503931752,46.797004021311906,22.824387366131013,50.058839388400756,44.38119551664663,36.2213660713721,36.89092623211839,22.824387366131013,36.53285480844775,40.24316979178687,23.69016539439818,46.299603119472934,43.077668580590924,61.17136298002009,96.50177249518146,22.824387366131013,22.824387366131013,87.96434501990569,79.20395363088758,33.91599312357653,38.25655180334678,19.676615638493836,37.52365669691899,71.8862969431,1.58706086452563e-308,53.148185348689665,29.1019648379216,33.1553813372998,101.70785187477503,66.28997614342029,19.143800922818954,80.77734259713645,22.824387366131013,44.05536686817376,46.74579142108952,61.24934240785882,22.824387366131013,61.59436160977063,51.87481999677908,22.824387366131013,21.40787058028789,49.74326545236724,28.727394104867827,50.872247827543276,64.70244884144347,35.883764217630414
stroma_ad_carcinoma_FA_HN11A_2_linfoides_notumorales.csv,53.148185348689665,53.148185348689665,53.148185348689665,53.148185348689665,40.5115807546058,47.005422911184695,53.148185348689665,53.148185348689665,53.148185348689665,53.148185348689665,53.148185348689665,53.148185348689665,53.148185348689665,53.0148577811066,96.50177249518146,53.148185348689665,53.148185348689665,87.96434501990569,79.20395363088758,53.148185348689665,45.0321580549828,53.148185348689665,53.148185348689665,68.09427992852449,53.148185348689665,1.000804493162018e-308,37.35640052940019,53.148185348689665,101.70785187477503,44.20368415483537,45.83611803275468,80.77734259713645,53.148185348689665,51.3682716155065,32.38696169145899,53.14818534868968,53.148185348689665,55.17592100412625,42.75143819030313,53.148185348689665,53.148185348689665,43.94138338521017,33.49352731051812,53.148185348689665,51.7325555058391,53.148185348689665
stroma_ad_dysplasia_FA_HN15_1_linfoides_notumorales.csv,29.1019648379216,32.701698542324976,29.1019648379216,35.717314532353186,41.74602994568389,25.190879587494564,29.1019648379216,29.1019648379216,30.077733835331173,40.24316979178687,29.1019648379216,29.48711092149631,43.077668580590924,56.98752307863978,96.50177249518146,29.1019648379216,29.1019648379216,87.96434501990569,79.20395363088758,33.91599312357653,38.25655180334678,29.1019648379216,23.553513248373818,71.8862969431,29.1019648379216,37.35640052940019,1.6435527419647473e-308,29.1019648379216,101.70785187477503,59.948227257706804,26.704940662068395,80.77734259713645,29.1019648379216,44.05536686817376,34.26518419294271,46.60435955538479,29.1019648379216,44.76160931951313,59.25216617979724,29.1019648379216,29.1019648379216,42.54323835401908,26.450791773088838,39.194560681937176,52.6541110035144,35.883764217630414
stroma_ad_dysplasia_FA_HN11A_2_linfoides_notumorales.csv,33.1553813372998,35.91934439338718,33.1553813372998,35.32529489940737,44.38119551664663,30.705889643841033,30.562412337472722,33.1553813372998,27.503998982506033,40.24316979178687,33.1553813372998,29.43092572873016,43.077668580590924,61.17136298002009,96.50177249518146,33.1553813372998,33.1553813372998,87.96434501990569,79.20395363088758,33.91599312357653,38.25655180334678,33.1553813372998,31.58843928505371,71.8862969431,33.1553813372998,53.148185348689665,29.1019648379216,2.04507007528838e-308,101.70785187477503,59.948227257706804,33.1553813372998,80.77734259713645,33.1553813372998,44.05536686817376,34.063755979638074,37.51198288813151,33.1553813372998,50.4386511620292,59.25216617979724,33.1553813372998,23.04712304365725,42.54323835401908,31.35107657972685,37.91120511091013,62.47719344237048,35.883764217630414
stroma_ad_carcinoma_FA_HN15_1_linfoides_notumorales.csv,101.70785187477503,83.43488437622923,101.70785187477503,84.46657517797951,101.70785187477503,101.70785187477503,101.70785187477503,101.70785187477503,101.70785187477503,101.70785187477503,101.70785187477503,101.70785187477503,101.70785187477503,101.70785187477503,101.70785187477503,101.70785187477503,101.70785187477503,87.96434501990569,87.0355720953365,76.73369229754331,101.70785187477503,101.70785187477503,101.70785187477503,62.521007531413375,101.70785187477503,101.70785187477503,101.70785187477503,101.70785187477503,1.2773928655111616e-308,101.70785187477503,101.70785187477503,101.70785187477503,101.70785187477503,75.61616918497867,101.70785187477503,101.70785187477503,101.70785187477503,101.70785187477503,101.70785187477503,101.70785187477503,101.70785187477503,101.70785187477503,101.70785187477503,101.70785187477503,101.70785187477503,101.70785187477503
stroma_ad_dysplasia_FA_HN15_3_linfoides_notumorales.csv,68.64629232848174,59.948227257706804,68.64629232848174,59.948227257706804,50.636344771404225,59.948227257706804,59.948227257706804,68.64629232848174,59.948227257706804,68.64629232848174,68.64629232848174,59.948227257706804,54.78497117894142,63.251711165298985,96.50177249518146,68.64629232848174,68.64629232848174,87.96434501990569,79.20395363088758,68.64629232848174,68.64629232848174,68.64629232848174,59.948227257706804,59.28163837070642,66.28997614342029,44.20368415483537,59.948227257706804,59.948227257706804,101.70785187477503,1.348213482938291e-308,68.64629232848174,80.77734259713645,68.64629232848174,54.807896804902555,59.948227257706804,59.948227257706804,68.64629232848174,59.948227257706804,47.915262577067324,68.64629232848174,63.78181870101022,36.017928896514874,66.60238093879849,44.2978596394571,59.948227257706804,68.64629232848174
carcinoma_FA_HN15_1_linfoides_notumorales.csv,31.95500716640303,47.78167949676114,14.605754076254257,50.058839388400756,41.74602994568389,35.801886242013765,36.786536851828586,14.605754076254257,36.53285480844775,40.24316979178687,23.69016539439818,46.299603119472934,43.077668580590924,59.27500393990607,96.50177249518146,14.605754076254257,14.605754076254257,87.96434501990569,79.20395363088758,33.91599312357653,36.82146694209641,24.2121760174332,37.52365669691899,71.8862969431,19.143800922818954,45.83611803275468,26.704940662068395,33.1553813372998,101.70785187477503,68.64629232848174,1.396856367598603e-308,80.77734259713645,14.605754076254257,44.05536686817376,47.230866799725305,61.24934240785882,14.605754076254257,61.59436160977063,59.25216617979724,14.605754076254257,30.16747804991582,51.5100538835366,26.450791773088838,49.80556733645638,64.70244884144347,35.883764217630414
carcinoma_FA_HN11A_3_linfoides_notumorales.csv,80.77734259713645,80.77734259713645,80.77734259713645,80.77734259713645,80.77734259713645,80.77734259713645,80.77734259713645,80.77734259713645,80.77734259713645,80.77734259713645,80.77734259713645,80.77734259713645,80.77734259713645,80.77734259713645,96.50177249518146,80.77734259713645,80.77734259713645,87.96434501990569,80.77734259713645,80.77734259713645,80.77734259713645,80.77734259713645,80.77734259713645,80.77734259713645,80.77734259713645,80.77734259713645,80.77734259713645,80.77734259713645,101.70785187477503,80.77734259713645,80.77734259713645,1.8528319103300623e-308,80.77734259713645,80.77734259713645,80.77734259713645,80.77734259713645,80.77734259713645,80.77734259713645,80.77734259713645,80.77734259713645,80.77734259713645,80.77734259713645,80.77734259713645,80.77734259713645,80.77734259713645,80.77734259713644
dysplasia_FA_HN15_5_linfoides_notumorales.csv,33.151639512232435,47.78167949676114,0.0,50.058839388400756,44.38119551664663,36.2213660713721,36.89092623211839,0.0,36.53285480844775,40.24316979178687,23.69016539439818,46.299603119472934,43.077668580590924,61.17136298002009,96.50177249518146,0.0,4.195456190608336,87.96434501990569,79.20395363088758,33.91599312357653,38.25655180334678,27.625893519250162,37.52365669691899,71.8862969431,22.824387366131013,53.148185348689665,29.1019648379216,33.1553813372998,101.70785187477503,68.64629232848174,14.605754076254257,80.77734259713645,0.0,44.05536686817376,47.230866799725305,61.24934240785882,2.437797999301704,61.59436160977063,59.25216617979724,4.479810668521477,30.16747804991582,51.5100538835366,28.727394104867827,50.872247827543276,64.70244884144347,35.883764217630414
stroma_ad_dysplasia_FA_HN11A_3_linfoides_notumorales.csv,44.05536686817376,37.71813343325877,44.05536686817376,43.20669418737272,44.38119551664663,44.05536686817376,44.05536686817376,44.05536686817376,44.05536686817376,44.05536686817376,44.05536686817376,44.05536686817379,32.20998806458317,52.87186907697151,96.50177249518146,44.05536686817376,44.05536686817376,87.96434501990569,79.20395363088758,33.700433178832625,38.25655180334678,44.05536686817376,44.05536686817376,42.56669849628719,44.05536686817376,51.3682716155065,44.05536686817376,44.05536686817376,75.61616918497867,54.807896804902555,44.05536686817376,80.77734259713645,44.05536686817376,8.23846786955705e-309,44.05536686817379,46.898350203640405,44.05536686817376,61.59436160977063,58.39558947277919,44.05536686817376,44.05536686817376,46.61848656674593,44.05536686817376,46.68394033695671,64.70244884144347,44.05536686817376
stroma_ad_dysplasia_FA_HN11A_1_linfoides_notumorales.csv,47.230866799725305,34.063755979638074,47.230866799725305,35.32529489940737,38.21485304500186,34.38311369151063,34.063755979638074,47.230866799725305,34.063755979638074,47.230866799725305,47.230866799725305,34.063755979638074,43.07766858059094,53.0148577811066,96.50177249518146,47.230866799725305,47.230866799725305,87.96434501990569,79.20395363088758,47.230866799725305,47.230866799725305,47.230866799725305,36.99066566670524,71.8862969431,46.74579142108952,32.38696169145899,34.26518419294271,34.063755979638074,101.70785187477503,59.948227257706804,47.230866799725305,80.77734259713645,47.230866799725305,44.05536686817379,8.288136804221747e-309,34.063755979638074,47.230866799725305,44.58555023088772,59.25216617979724,47.230866799725305,45.34499303736679,42.54323835401908,42.328296752620716,34.063755979638074,57.51445255248332,47.230866799725305
stroma_ad_dysplasia_FA_HN14_1_linfoides_notumorales.csv,61.24934240785882,36.616838750823774,61.24934240785882,37.916895744820266,49.83573383319316,54.88267390710146,53.56781552498484,61.24934240785882,37.92364450626363,61.24934240785882,61.24934240785882,35.54283786415871,43.07766858059094,61.17136298002009,96.50177249518146,61.24934240785882,61.24934240785882,87.96434501990569,79.20395363088758,61.24934240785882,61.24934240785882,61.24934240785882,41.169977548399004,71.8862969431,61.24934240785882,53.14818534868968,46.60435955538479,37.51198288813151,101.70785187477503,59.948227257706804,61.24934240785882,80.77734259713645,61.24934240785882,46.898350203640405,34.063755979638074,1.3335813343955193e-308,61.24934240785882,31.452404413459774,59.25216617979726,61.24934240785882,49.78852979797547,42.54323835401908,58.09248333404507,31.443228065467224,44.83483799572309,61.24934240785882
dysplasia_FA_HN14_1_linfoides_notumorales.csv,33.151639512232435,47.78167949676114,2.437797999301704,50.058839388400756,44.38119551664663,36.2213660713721,36.89092623211839,2.437797999301704,36.53285480844775,40.24316979178687,23.69016539439818,46.299603119472934,43.077668580590924,61.17136298002009,96.50177249518146,2.437797999301704,4.195456190608336,87.96434501990569,79.20395363088758,33.91599312357653,38.25655180334678,27.625893519250162,37.52365669691899,71.8862969431,22.824387366131013,53.148185348689665,29.1019648379216,33.1553813372998,101.70785187477503,68.64629232848174,14.605754076254257,80.77734259713645,2.437797999301704,44.05536686817376,47.230866799725305,61.24934240785882,2.055417991919937e-308,61.59436160977063,59.25216617979724,2.956975672157334,30.16747804991582,51.5100538835366,28.727394104867827,50.872247827543276,64.70244884144347,35.883764217630414
stroma_ad_carcinoma_FA_HN14_4_linfoides_notumorales.csv,61.59436160977063,57.608974526053146,61.59436160977063,41.89985268305324,41.74602994568389,61.59436160977063,54.3902977373715,61.59436160977063,58.915780281493,61.59436160977063,61.59436160977063,56.534973639388085,43.07766858059094,58.571042546863055,96.50177249518146,61.59436160977063,61.59436160977063,87.96434501990569,79.20395363088758,61.59436160977063,45.501255951917926,60.413170265308594,29.291197948727785,71.8862969431,61.59436160977063,55.17592100412625,44.76160931951313,50.4386511620292,101.70785187477503,59.948227257706804,61.59436160977063,80.77734259713645,61.59436160977063,61.59436160977063,44.58555023088772,31.452404413459774,61.59436160977063,1.547016629884346e-308,61.59436160977063,61.59436160977063,58.565912724244725,42.54323835401908,41.867442452166046,47.46286570207951,27.690108237623576,61.59436160977063
stroma_ad_carcinoma_FA_HN11A_1_linfoides_notumorales.csv,59.25216617979724,59.25216617979724,59.25216617979724,59.25216617979724,52.56970771240907,59.25216617979724,59.25216617979724,59.25216617979724,59.25216617979724,59.25216617979724,59.25216617979724,59.25216617979724,40.14466505647334,45.00274554391629,96.50177249518146,59.25216617979724,59.25216617979724,87.96434501990569,72.56899215889598,59.25216617979724,59.25216617979724,59.25216617979724,59.25216617979724,52.677662290249145,51.87481999677908,42.75143819030313,59.25216617979724,59.25216617979724,101.70785187477503,47.915262577067324,59.25216617979724,80.77734259713645,59.25216617979724,58.39558947277919,59.25216617979724,59.25216617979726,59.25216617979724,61.59436160977063,1.164524774102034e-308,59.25216617979724,59.25216617979724,46.61848656674593,47.233814518553345,49.990194743412275,64.70244884144347,59.25216617979724
carcinoma_FA_HN14_4_linfoides_notumorales.csv,33.151639512232435,47.78167949676114,4.479810668521477,50.058839388400756,44.38119551664663,36.2213660713721,36.89092623211839,4.479810668521477,36.53285480844775,40.24316979178687,23.69016539439818,46.299603119472934,43.077668580590924,61.17136298002009,96.50177249518146,4.479810668521477,4.479810668521477,87.96434501990569,79.20395363088758,33.91599312357653,38.25655180334678,27.625893519250162,37.52365669691899,71.8862969431,22.824387366131013,53.148185348689665,29.1019648379216,33.1553813372998,101.70785187477503,68.64629232848174,14.605754076254257,80.77734259713645,4.479810668521477,44.05536686817376,47.230866799725305,61.24934240785882,2.956975672157334,61.59436160977063,59.25216617979724,1.413284721592018e-308,30.16747804991582,51.5100538835366,28.727394104867827,50.872247827543276,64.70244884144347,35.883764217630414
stroma_ad_carcinoma_FA_HN14_2_linfoides_notumorales.csv,23.72000998488656,39.958651868943775,30.16747804991582,38.26818802503419,44.38119551664663,30.705889643841033,25.651963916568064,30.16747804991582,36.53285480844775,40.24316979178687,30.16747804991582,36.56808078391148,43.077668580590924,61.17136298002009,96.50177249518146,30.16747804991582,30.16747804991582,87.96434501990569,79.20395363088758,33.91599312357653,38.25655180334678,30.16747804991582,37.52365669691899,71.8862969431,21.40787058028789,53.148185348689665,29.1019648379216,23.04712304365725,101.70785187477503,63.78181870101022,30.16747804991582,80.77734259713645,30.16747804991582,44.05536686817376,45.34499303736679,49.78852979797547,30.16747804991582,58.565912724244725,59.25216617979724,30.16747804991582,9.0588181141499e-309,46.61848656674593,30.16747804991582,36.60546966179713,64.70244884144347,35.883764217630414
stroma_ad_carcinoma_FA_HN15_2_linfoides_notumorales.csv,51.5100538835366,40.90791180078406,51.5100538835366,42.54323835401908,42.54323835401908,46.61848656674593,42.54323835401908,51.5100538835366,42.54323835401908,51.5100538835366,51.5100538835366,42.54323835401908,38.23826048788837,45.608741089723196,96.50177249518146,51.5100538835366,51.5100538835366,87.96434501990569,79.20395363088758,51.5100538835366,51.5100538835366,51.5100538835366,35.336539950731606,60.85410243053286,49.74326545236724,43.94138338521017,42.54323835401908,42.54323835401908,101.70785187477503,36.017928896514874,51.5100538835366,80.77734259713645,51.5100538835366,46.61848656674593,42.54323835401908,42.54323835401908,51.5100538835366,42.54323835401908,46.61848656674593,51.5100538835366,46.61848656674593,1.1988365426998083e-308,50.05567024774544,29.088972301653314,44.30613691848299,51.5100538835366
