,topology_ad_carcinoma_2_clean_tumorales.csv,topology_ad_dysplasia_1_clean_tumorales.csv,topology_carcinoma_4_clean_tumorales.csv,topology_dysplasia_10_clean_tumorales.csv,topology_ad_carcinoma_12_clean_tumorales.csv,topology_ad_carcinoma_8_clean_tumorales.csv,topology_ad_dysplasia_5_clean_tumorales.csv,topology_dysplasia_17_clean_tumorales.csv,topology_ad_dysplasia_3_clean_tumorales.csv,topology_carcinoma_10_clean_tumorales.csv,topology_carcinoma_20_clean_tumorales.csv,topology_ad_dysplasia_4_clean_tumorales.csv,topology_carcinoma_19_clean_tumorales.csv,topology_dysplasia_12_clean_tumorales.csv,topology_carcinoma_12_clean_tumorales.csv,topology_dysplasia_15_clean_tumorales.csv,topology_ad_carcinoma_15_clean_tumorales.csv,topology_dysplasia_9_clean_tumorales.csv,topology_carcinoma_11_clean_tumorales.csv,topology_carcinoma_5_clean_tumorales.csv,topology_carcinoma_1_clean_tumorales.csv,topology_dysplasia_18_clean_tumorales.csv,topology_ad_dysplasia_10_clean_tumorales.csv,topology_dysplasia_14_clean_tumorales.csv,topology_dysplasia_16_clean_tumorales.csv,topology_carcinoma_9_clean_tumorales.csv,topology_carcinoma_17_clean_tumorales.csv,topology_carcinoma_18_clean_tumorales.csv,topology_ad_carcinoma_7_clean_tumorales.csv,topology_carcinoma_6_clean_tumorales.csv,topology_ad_carcinoma_14_clean_tumorales.csv,topology_dysplasia_19_clean_tumorales.csv,topology_carcinoma_3_clean_tumorales.csv,topology_dysplasia_4_clean_tumorales.csv,topology_ad_carcinoma_4_clean_tumorales.csv,topology_ad_carcinoma_10_clean_tumorales.csv,topology_ad_carcinoma_1_clean_tumorales.csv,topology_dysplasia_1_clean_tumorales.csv,topology_dysplasia_13_clean_tumorales.csv,topology_ad_carcinoma_6_clean_tumorales.csv,topology_ad_carcinoma_5_clean_tumorales.csv,topology_ad_carcinoma_13_clean_tumorales.csv,topology_dysplasia_11_clean_tumorales.csv,topology_dysplasia_2_clean_tumorales.csv,topology_carcinoma_2_clean_tumorales.csv,topology_carcinoma_7_clean_tumorales.csv,topology_carcinoma_8_clean_tumorales.csv,topology_ad_dysplasia_6_clean_tumorales.csv,topology_carcinoma_15_clean_tumorales.csv,topology_ad_carcinoma_3_clean_tumorales.csv,topology_ad_dysplasia_9_clean_tumorales.csv,topology_ad_carcinoma_9_clean_tumorales.csv,topology_ad_carcinoma_11_clean_tumorales.csv,topology_dysplasia_7_clean_tumorales.csv,topology_dysplasia_6_clean_tumorales.csv,topology_dysplasia_5_clean_tumorales.csv,topology_carcinoma_14_clean_tumorales.csv,topology_dysplasia_3_clean_tumorales.csv,topology_carcinoma_13_clean_tumorales.csv,topology_ad_dysplasia_2_clean_tumorales.csv,topology_carcinoma_16_clean_tumorales.csv,topology_ad_dysplasia_7_clean_tumorales.csv,topology_dysplasia_8_clean_tumorales.csv,topology_ad_dysplasia_8_clean_tumorales.csv
topology_ad_carcinoma_2_clean_tumorales.csv,0.0,8831.978596655004,23661.59654692978,16893.76870761154,5521.117422314466,11528.347185267596,14047.704114077149,13421.608851905747,9422.506177766032,23107.27348926084,25376.732839370572,12765.971440591458,22874.215885430705,17561.225577310608,17592.45134563767,17229.99308110107,6575.697912576778,25511.70335381205,18460.0598979083,27313.887218645024,20706.501933831274,11728.749558411168,6875.1158804670395,17363.82486450834,16524.051058367306,20323.849523505054,21372.649311200916,19753.426455251465,3622.132464812152,20273.963084296993,5701.058412893132,13526.912097230865,17406.126955026604,25719.366621321707,5387.58289450726,9002.182267261496,1944.1667139846406,20909.165348111397,14529.797160207705,13547.652235107036,4276.162375065815,10045.31516649699,15793.038096622742,18211.89203593165,23916.050625010004,15663.231333362226,17801.842524411688,11531.889700406218,21320.39225131219,7515.2333221895915,17387.49319001582,2847.2421855225098,5549.871328502564,23817.16234965789,17274.511952240948,17490.45784757636,11289.11384918735,19229.276647838036,17488.258500709926,5577.316326200517,24508.306432788053,2751.7772820985174,14413.884684537827,18162.31224324122
topology_ad_dysplasia_1_clean_tumorales.csv,8831.978596655004,0.0,18050.371994781748,12116.177722127293,10817.851944187965,8384.581613496248,19463.175797006817,12530.184842633,14497.435997210992,18819.05990748988,27822.900167375676,17922.411291072578,19247.314389695366,17840.241299215497,15359.676677361287,20383.76956619253,11078.307031877783,17218.58703227009,16495.548024880038,20883.4848247612,16696.403082141653,15093.373294850948,2135.375111811997,20522.34312728912,21351.026096523437,16452.641894483746,24551.613154518403,18780.65321093047,9735.879677144485,12378.372546504794,7489.306407844269,11720.95785155007,16913.136221602235,17843.107344958276,11001.430989491791,6182.369974528587,6949.682321696453,19931.283961988833,14226.020012836787,19350.46963942087,10153.73171638707,16160.23810189232,14366.967425225343,10921.388719874998,16705.01590214434,13770.644733233748,15719.60888159658,16113.287182433673,15143.23214200175,7288.484607431552,23070.98353609458,7066.421511162782,4290.5733408149235,15352.442596949053,8826.524309351249,15718.982668676685,12483.966014498877,16574.065077971176,17233.674867829555,11212.251475384153,24485.652684542132,8966.65772888153,12413.700860728895,24183.816281881376
topology_carcinoma_4_clean_tumorales.csv,23661.59654692978,18050.371994781748,0.0,9102.44741395097,20736.835581331485,26315.916432921927,25886.591007917887,16710.305253461825,21255.730623296677,4261.558650273681,23295.940205501087,24137.128933997315,6584.419162977299,17771.314533261397,10363.965297486197,23715.027734957934,18971.99452266436,8639.29900339637,10599.774559088017,4805.216030054572,5869.032156306141,21447.562650532203,19555.663143096874,23913.068575016638,27432.32563650382,6791.543024601313,24093.531538375464,13492.121305868417,26151.760553670418,9996.731633174357,18362.311484170925,15656.454936872828,15946.334160672934,8292.957813847906,21383.56465788522,23931.170905721134,22094.172082740577,12661.478010392924,15638.031448767948,25837.48762830903,21841.735481781292,23364.705540498482,14413.658695155691,7799.171072995777,5771.79327777075,13138.72025561078,10661.124039070777,22541.083781433026,3480.3046254242468,25029.261767217944,29404.641467403195,22981.633607629534,18508.75957408951,22804.314082589328,13327.582345977407,12239.627463107929,17309.598329475186,10170.455453717661,15001.775667975908,20348.575972810195,16183.539494711187,24111.784993461883,12836.89047969471,30538.158941615642
topology_dysplasia_10_clean_tumorales.csv,16893.76870761154,12116.177722127293,9102.44741395097,0.0,13520.263022788109,20438.266530442972,17397.486693885883,7988.262840511793,13477.715573309919,6929.716091821983,20933.85423795292,15889.524187099234,7408.88720249542,10351.879136614169,5827.032027976857,15805.612877115687,11737.874565473629,14683.430624705697,6788.783451402338,12590.128097770636,5507.398742667802,12716.802328885438,13386.512463028172,15901.683131877675,18702.313746320124,5049.031712816835,19074.561069229403,9427.476817923212,19560.125349762897,8830.89453260017,11399.543436079846,6926.798283112685,8649.344936604433,13244.005952897587,14207.823957246821,17752.599162925064,15417.356752830874,10366.369398594703,7958.18099555038,17776.30676490929,14834.371189388565,15662.902971504142,6188.636498622269,8989.35191757091,11584.949994271477,4830.0652827450685,6249.595147742735,14156.73410836373,8657.463946825621,18756.8926092979,20677.45397559479,16426.85802279049,11948.178817267813,19916.35697481913,9390.522232957484,6611.769294435085,9479.457528589113,6258.114637114101,9025.92898678928,13166.946179022594,15346.46753443286,17570.041610441505,4971.785546924358,21830.689989467264
topology_ad_carcinoma_12_clean_tumorales.csv,5521.117422314466,10817.851944187965,20736.835581331485,13520.263022788109,0.0,15930.65422808792,9386.867386300148,8506.41350403945,4323.117933790061,19076.1340951267,20116.346512620174,8124.772938511231,18485.031828146435,12200.506418560173,12965.480821691104,12003.917324495951,2100.131409431617,24987.998467002355,13636.45107184307,24596.26336318052,16761.23488026846,6337.809727489181,9818.231729430065,12160.27512640561,11745.617914318285,16253.83710934912,16224.11762442113,14558.163509787266,8978.50151049515,19304.938137869296,3621.834867412634,8985.258764244278,12172.916986634105,24594.01223176149,1083.4381156480788,13350.576815500102,5619.370843531735,15712.267041227211,9443.760126484382,9226.899812542735,2549.0820505456036,5717.973377452651,10856.759782210862,17654.68274455331,22195.888808855863,11047.704109138065,13095.531347353079,6369.115013888404,18908.595159121876,11880.93753831199,13025.14353884589,7418.911521781533,6669.693677529178,25647.655144442906,17255.524869091852,12619.151706109598,5966.088633228469,14651.99737411075,12225.356871181195,1421.6335580616271,19131.84329595492,7506.147140375456,9964.41220866146,13857.768670069408
topology_ad_carcinoma_8_clean_tumorales.csv,11528.347185267596,8384.581613496248,26315.916432921927,20438.266530442972,15930.65422808792,0.0,25253.29212568791,20416.550288887807,20097.84897450543,27164.05122460354,35145.76838023386,23980.352621136637,27614.978525929437,25675.084157731137,23628.858085940385,27364.34927120414,16804.383429669575,24245.642928249945,24742.925476735985,28890.123928510828,25068.688032647016,21024.77088572447,7764.300670727441,27520.102237505944,27565.89018549888,24810.940237324085,31614.94087101202,26895.960976232887,8997.315978438834,19657.508279823283,13967.070276103736,19586.58327175524,24870.52094980344,25179.044676595433,16272.309296607831,3692.2641426767905,10533.917937386364,28051.99763126479,22085.17093020741,25025.040852845195,14927.689803565992,21488.056552891885,22441.989429046313,18957.197132857866,24438.305599898216,21924.17755280048,23947.722898615826,21966.66212479666,23277.46933742307,4237.117672451831,28841.275990825256,9242.55915323933,10265.435229099568,17562.066974892106,15777.553888187362,23890.853440288432,19849.604630525635,24885.381714694184,25156.392681904417,16545.08838486087,32461.114791348424,9907.52642572193,20526.780904517294,29622.365934068977
topology_ad_dysplasia_5_clean_tumorales.csv,14047.704114077149,19463.175797006817,25886.591007917887,17397.486693885883,9386.867386300148,25253.29212568791,0.0,9725.792029830356,5184.673085423446,21968.50449313735,12376.432393580344,2014.5286881572401,19866.345182538935,9320.131600879748,15602.11467777764,4682.026877464558,8628.918520682511,31831.09668094378,15355.642199620248,29601.60823166764,20213.543701195715,5135.40184565167,18741.600686373695,4705.906153175191,2556.653032473915,19290.41925995221,7875.911946487385,13225.988319697452,17369.913038884908,25890.521223001215,12522.591590877199,10866.280990900737,10663.142649551792,30508.421954750662,9036.911848524196,22365.264595275516,14802.450941005462,14306.284784003992,10561.402158607902,1676.4311755034105,10787.797443015019,4440.656619472482,11784.80442377412,25758.814889253787,28624.640939381083,12946.933536114546,15285.684123707102,3509.3987323245783,25454.797651022174,21096.99677871274,3760.1799812417657,16331.12181777798,15597.274391338327,33532.26029677724,24334.53932285413,13880.987384775304,8753.243763489045,16464.76969123215,11059.216431743132,9003.693942994798,15591.789866386698,16140.307974932086,13171.68323576904,4775.435428906883
topology_dysplasia_17_clean_tumorales.csv,13421.608851905747,12530.184842633,16710.305253461825,7988.262840511793,8506.41350403945,20416.550288887807,9725.792029830356,0.0,6828.006750538897,12664.398316487055,15593.285614934599,8420.674498926,10639.041869812676,5377.9259347867655,6969.867718756583,8674.028231273533,7010.09705802039,22597.915933892353,7113.837092214331,20444.072525755397,11072.762148693342,4813.8301133528985,12740.829478424146,8799.855764619082,10779.461424940422,10144.094789701823,12652.92923706979,6605.345335714975,16706.377317552306,16652.663273050457,7832.335984041661,2180.298556784921,4480.3709407264,21149.49760214987,9205.064235471613,17010.362392119812,12598.487664630622,7838.569835239999,2357.031144377977,10358.10326223055,10219.83504159087,8921.5055390435,2965.4261149154686,16629.835960184057,19481.569690832723,4146.781335662364,6881.028261054113,6724.302093177864,16323.544463836854,17407.136403835924,12766.598758810766,13966.903048807597,10278.445415288876,24994.43688010959,15143.771261871172,5061.4986487937485,3002.1838502946375,7078.647863287436,5145.386421174469,8508.052381478541,12085.37211427329,14415.875082197734,4021.129435394959,13904.604292138392
topology_ad_dysplasia_3_clean_tumorales.csv,9422.506177766032,14497.435997210992,21255.730623296677,13477.715573309919,4323.117933790061,20097.84897450543,5184.673085423446,6828.006750538897,0.0,18282.031076168405,15963.648360740262,3924.773045996241,17137.41116456612,9200.685728573711,11645.69991744719,7815.791971201821,3690.870627072094,27137.57690553377,11957.490349564363,25146.111263702227,16094.26212685865,3354.117108882119,13769.57073834972,7952.247707344231,7499.509954008289,15441.554460143328,11994.681958771598,12056.439420850935,12988.308798282285,21240.287456952734,7556.133213670886,7832.3386038680155,9594.376637251244,26093.08690205429,4198.459312719014,17370.580081396387,9741.709552425536,13160.474916036877,7516.126180649675,5126.392769369694,5923.837575574042,2202.809039904691,9075.987580453737,20797.03100958288,23851.754305396615,9658.401652130073,11541.112102365425,2186.1263503166765,20505.294252369917,15962.564659271822,8803.251405777297,11389.568971460149,10596.49298541646,28634.726657263043,19592.978673844133,10879.8876750866,4125.196650928948,13322.046398361039,9584.635567845895,4117.285251858431,15941.021839980715,11445.445286367665,9086.966252586217,9778.788755081336
topology_carcinoma_10_clean_tumorales.csv,23107.27348926084,18819.05990748988,4261.558650273681,6929.716091821983,19076.1340951267,27164.05122460354,21968.50449313735,12664.398316487055,18282.031076168405,0.0,19972.63099143716,20354.17064169793,2565.4129852503434,13761.460206177273,6820.511724082657,19687.69242635737,17339.747407393294,12169.35779425625,6847.28389502729,8048.050812870442,2509.6114605889256,17397.45884879872,20048.37303952411,19857.366706933484,23368.376076614666,3000.040973788519,20630.12715572232,9696.009599894194,25962.349685698788,12313.749052997091,17447.348927860454,11804.2687561057,11881.21221762093,11213.154343000255,19816.359414099406,24440.98345379978,21777.086556633218,9109.851105643344,11667.050032018029,22272.83672486218,20563.798528371426,20461.522598297364,10360.830739207318,9640.037127124415,8976.746706598633,9105.63585598532,6983.454510935591,18712.002511041723,6179.0419525387815,25420.22791684195,25341.036796242166,22829.26957310737,18462.903792862915,25250.135209966407,15243.154872378474,8341.708567192301,14180.84212523673,6562.058378090085,11031.156352914451,18863.344785292687,12895.286901155405,23753.38303381894,9263.773500031632,26471.727696371992
topology_carcinoma_20_clean_tumorales.csv,25376.732839370572,27822.900167375676,23295.940205501087,20933.85423795292,20116.346512620174,35145.76838023386,12376.432393580344,15593.285614934599,15963.648360740262,19972.63099143716,0.0,13164.300573860277,17888.442600672653,10788.365661810707,16068.634774866867,8320.629390452099,19264.571166439033,29549.995235786795,15119.305162482038,27678.83248173516,19261.36903367589,14288.79306718464,27640.950028925155,8254.740329748069,10853.607602936796,18806.8289608484,5282.612522640088,11751.686487167322,28943.92078175559,29142.443591761865,21217.63600866397,17505.91560889139,12318.616121466515,29709.347564356365,20007.33255450438,31648.47662575372,25458.49851748734,11381.583945716819,14000.643151550094,13724.059135554815,21208.414336913072,16330.398338526502,14933.262864131464,25390.16898517968,28539.004036313203,16276.920631460109,15798.664478675413,13885.368645113373,25627.91934821702,31431.27104697609,12634.391364579196,26900.225692105334,24965.771462295885,40241.59562282343,29484.77681538956,14436.21408554378,15402.442630564523,14991.337676545758,12057.65569415514,20057.471596922845,7674.228112804701,26587.4262044939,16655.462681104083,13769.749431701417
topology_ad_dysplasia_4_clean_tumorales.csv,12765.971440591458,17922.411291072578,24137.128933997315,15889.524187099234,8124.772938511231,23980.352621136637,2014.5286881572401,8420.674498926,3924.773045996241,20354.17064169793,13164.300573860277,0.0,18492.79448054438,8636.17302686873,13854.452254254991,5181.358006096968,7201.553923774629,30084.524138293855,13639.944334688274,27898.581554491142,18490.53863675376,4251.755620708622,17267.92776468759,5285.295859592039,4161.784645845135,17613.06758150793,8872.52120340386,12178.826340743797,16129.756547034982,24335.94490209591,11039.527126167068,9820.69334466001,9735.823743837758,28791.147700791604,7743.819471403803,20927.367025069438,13506.745661034256,13248.66256821714,8968.212082637341,1986.535264577738,9165.080739467776,3219.5198943072446,10399.402436145077,24003.56515351116,26934.373074580777,11377.086030454204,13603.364606024568,2266.7951108543593,23779.267990996752,19822.65329230685,5378.885524919174,14794.087000513211,14314.082756311052,32054.64881687382,22650.044297281915,12301.640487538343,7105.975666487209,14904.281145414569,9717.826247283727,7699.193799827328,14989.17652748661,14428.26949667521,11544.570888607892,6488.423123400092
topology_carcinoma_19_clean_tumorales.csv,22874.215885430705,19247.314389695366,6584.419162977299,7408.88720249542,18485.031828146435,27614.978525929437,19866.345182538935,10639.041869812676,17137.41116456612,2565.4129852503434,17888.442600672653,18492.79448054438,0.0,11404.544177145555,5661.549222828525,17325.73402551167,16812.537416372234,13623.249378196666,5282.092029140825,10314.561150750527,2626.226767335935,15091.470157948288,20339.62099527204,17504.757188121246,21020.645119465196,2855.0077520620493,18356.486770426593,7329.457378089713,25883.875699458185,13485.234690601168,17181.94551261323,9898.612079397264,9546.250329837121,12526.814962995553,19210.077043124482,24735.982696255767,21705.81065097724,6887.398307711416,9784.392003117127,20449.599808144783,20035.555200054197,19247.993993635995,8206.4604254758,10542.929951278593,10745.956927623327,7522.933242906676,5668.142045251008,16948.114309286753,7807.660088928494,25627.62255433765,22993.725907809327,22805.310383948952,18540.74419842355,26398.726898195986,16237.423251421613,6446.4594021421235,13082.3158977959,4701.273468524802,8918.622682293733,18348.25936918521,10990.248806293059,23588.701462702054,8540.917304832647,24127.954334228158
topology_dysplasia_12_clean_tumorales.csv,17561.225577310608,17840.241299215497,17771.314533261397,10351.879136614169,12200.506418560173,25675.084157731137,9320.131600879748,5377.9259347867655,9200.685728573711,13761.460206177273,10788.365661810707,8636.17302686873,11404.544177145555,0.0,7570.324225428219,6044.473739173057,11026.97775373812,23682.37385666121,7303.365700220767,21559.46618846541,12085.328971396239,5941.4267083063,17932.535638580466,6216.392577972426,9697.184666033321,11146.857398587415,8794.465794033924,4446.596671448943,21066.693818019656,18881.9871940531,12341.544790216205,6926.006015507106,2145.6967347666327,22247.26359135322,12629.265667372287,22198.599835746016,17073.730891070172,5696.497720798925,3735.6160278949383,10365.931531826964,13692.049440423467,10712.308724562818,4282.482980834691,17716.46120084872,20654.788798154095,5793.231368363445,7323.918539794924,7627.934099132491,17587.856230126195,22389.80742367819,11685.697673731529,18534.73228811095,15431.124929588854,29577.129025174003,18798.74181757291,5637.333516730852,6280.977097558999,8076.35527615851,2913.861641798243,12318.28785988703,7405.418686736516,18549.213674832703,5981.469105331249,12804.326088462569
topology_carcinoma_12_clean_tumorales.csv,17592.45134563767,15359.676677361287,10363.965297486197,5827.032027976857,12965.480821691104,23628.858085940385,15602.11467777764,6969.867718756583,11645.69991744719,6820.511724082657,16068.634774866867,13854.452254254991,5661.549222828525,7570.324225428219,0.0,13493.345896869458,11349.519402749249,16344.993628766006,1242.3164032591249,14139.554353940623,4774.452033513343,11276.181124380098,16055.818290412419,13683.6481543992,17195.445661410184,3978.936868774134,15212.101670683302,4396.65490684528,20781.60296597945,13306.949516306744,11926.07222359451,6805.863675533296,5761.386006632988,15165.162674247746,13682.078855374508,20415.534323562166,16641.288287213763,5121.869958671639,5566.77095682215,15609.739059893023,14536.928491005408,13808.208613236206,4262.795112175199,10372.32926771855,13412.470822498537,3072.530259302668,933.6629054539595,12255.448002582742,10463.006119962449,21071.32762569508,19166.700844582097,17851.725632778667,13860.695895285042,25173.1869475339,14519.946830648165,2243.455291794286,7558.85925992772,2405.876450777162,4824.525524000226,12874.44727649916,10113.26617853292,18367.076786464917,3699.5231726192683,20295.904702870685
topology_dysplasia_15_clean_tumorales.csv,17229.99308110107,20383.76956619253,23715.027734957934,15805.612877115687,12003.917324495951,27364.34927120414,4682.026877464558,8674.028231273533,7815.791971201821,19687.69242635737,8320.629390452099,5181.358006096968,17325.73402551167,6044.473739173057,13493.345896869458,0.0,11176.207557505815,29608.347588023098,13219.800816021325,27457.06643858726,18034.44000318259,6351.088670181994,20026.376079526435,410.4989110195515,3772.377629209783,17081.620938736498,4335.639861309056,10339.059038541725,20788.37208209419,24455.14879336844,13421.0766388412,10687.292223497148,8018.255823505895,28191.349406873094,11859.319768324905,23882.52779142619,17404.093725499177,11599.699644765975,8173.827375939809,6108.491859377815,13086.656683865309,8221.159340346187,9827.611600265876,23630.39873462572,26586.742908927037,11299.152645790084,13243.37645730102,5733.632447852345,23508.38044289595,23473.229974371272,5765.242228170455,18811.357088608427,17256.659585492594,33605.19648612243,23436.5835051291,11529.900272210802,8169.963453382496,13971.58134921684,8789.186192392412,11915.911198110467,12448.043327948526,18633.99630643073,11265.908007650474,6868.092998599756
topology_ad_carcinoma_15_clean_tumorales.csv,6575.697912576778,11078.307031877783,18971.99452266436,11737.874565473629,2100.131409431617,16804.383429669575,8628.918520682511,7010.09705802039,3690.870627072094,17339.747407393294,19264.571166439033,7201.553923774629,16812.537416372234,11026.97775373812,11349.519402749249,11176.207557505815,0.0,23840.834300210645,12105.279066298841,22857.808529674247,15010.759078463698,5394.013447837371,10340.276104338667,11333.401790401656,10958.53439329099,14516.23827428955,15395.405957240966,13198.80193742524,10043.883547171312,18063.523454156388,4273.427837818187,7469.4336238348,10844.362253797204,23174.90849829773,2639.950792244795,13978.751986377632,6370.419254505906,14356.610080009608,8013.464747198276,8451.023138246941,3816.003282640397,5359.430553531421,9368.529143637552,17368.159592391603,20731.75341030251,9428.777725877033,11514.725179157045,5790.023940446065,17332.812706330933,12675.731857024632,12089.89939513908,7788.421765526782,7279.934536385829,25218.43338957312,16271.011588383673,11107.51936430748,4780.433668724574,13024.234914977493,10927.429992942267,1577.3420708781566,17981.071511643855,7985.377407742269,8286.850626382648,13165.382700576321
topology_dysplasia_9_clean_tumorales.csv,25511.70335381205,17218.58703227009,8639.29900339637,14683.430624705697,24987.998467002355,24245.642928249945,31831.09668094378,22597.915933892353,27137.57690553377,12169.35779425625,29549.995235786795,30084.524138293855,13623.249378196666,23682.37385666121,16344.993628766006,29608.347588023098,23840.834300210645,0.0,16584.60522899963,8336.36250515831,12189.497108574162,27349.059397599274,19253.324258964323,29828.03114439717,33339.879099108635,12801.456449497136,29584.143283345737,19367.77856121822,26887.29010837542,6162.975937624356,21880.56959533794,21545.307650318948,21860.312218657,2992.032574820933,25492.278950722553,23224.485105791147,23666.304912699463,18761.67636959991,21523.234001754292,31791.840913860895,25396.155418733473,29126.635422418945,20330.79202093158,7700.580685202259,5338.213689754912,19023.626577469313,16628.3190757405,28488.467061716052,8236.99679635478,24381.05151334463,35312.10340660347,24012.94972222932,20005.14391799405,15305.522145210978,8535.567558493447,18167.53082602818,23244.79514053284,15864.30064483581,20933.725668347746,24776.817122406308,22868.90278542984,25657.019160135125,18742.602538174444,36442.22767451545
topology_carcinoma_11_clean_tumorales.csv,18460.0598979083,16495.548024880038,10599.774559088017,6788.783451402338,13636.45107184307,24742.925476735985,15355.642199620248,7113.837092214331,11957.490349564363,6847.28389502729,15119.305162482038,13639.944334688274,5282.092029140825,7303.365700220767,1242.3164032591249,13219.800816021325,12105.279066298841,16584.60522899963,0.0,14358.09725915808,4993.321575888713,11145.056693615312,17143.3769053936,13420.347747273416,16930.716830619545,4181.499633933061,14686.725481858313,3593.0446936937246,21687.547778172935,14319.968960475202,12814.897588122563,7103.692694769664,5490.998173824663,15436.410383753035,14337.215811161457,21500.027283228,17555.765444909786,3988.949178952161,5498.470923306907,15508.067415226926,15252.571942624685,14063.894830977133,4223.429119868933,10960.169464626164,13863.796809131718,3325.97428983972,971.6982662550286,12035.511940226977,10917.801368670509,22113.054059803213,18902.253085155844,18805.81436902952,14899.90564214731,26314.691589355334,15636.608071344748,2187.0704186123294,7965.716157600249,2372.181984771197,4534.386918424282,13616.12165012164,8988.759284144096,19266.022660712257,4450.672188031707,20032.828888706466
topology_carcinoma_5_clean_tumorales.csv,27313.887218645024,20883.4848247612,4805.216030054572,12590.128097770636,24596.26336318052,28890.123928510828,29601.60823166764,20444.072525755397,25146.111263702227,8048.050812870442,27678.83248173516,27898.581554491142,10314.561150750527,21559.46618846541,14139.554353940623,27457.06643858726,22857.808529674247,8336.36250515831,14358.09725915808,0.0,9633.108328468137,25194.584685896356,22615.63046502498,27670.29613520715,31180.94735870768,10503.331123225245,28388.825174856556,17461.564892756716,29585.318383116817,10420.284683825215,22184.944728618535,19395.54114200547,19684.580147870976,7051.904309758507,25230.49099117863,26952.78550126352,25673.39276880998,16855.53150339427,19419.35272080398,29681.86398865278,25699.484235109067,27286.12580844097,18153.898381783765,10306.695786159122,4957.982750404553,16852.791705531043,14379.20964781269,26253.638250489614,6049.237898971836,28075.434306620533,33153.8802717767,26462.987562091403,21995.772583974263,22441.019088678073,14244.009220202228,16077.31624485342,21138.457560923147,14319.775600109464,18773.6444951321,24206.927323667158,20478.32712748181,27799.24358778489,16578.540533764015,34283.56949601472
topology_carcinoma_1_clean_tumorales.csv,20706.501933831274,16696.403082141653,5869.032156306141,5507.398742667802,16761.23488026846,25068.688032647016,20213.543701195715,11072.762148693342,16094.26212685865,2509.6114605889256,19261.36903367589,18490.53863675376,2626.226767335935,12085.328971396239,4774.452033513343,18034.44000318259,15010.759078463698,12189.497108574162,4993.321575888713,9633.108328468137,0.0,15750.905812494038,17828.345751303765,18217.757319556673,21727.9979801156,1205.5303424006158,19280.126291517936,8182.667853712263,23575.49900253242,11478.665628991948,15059.03055918937,10337.795312852088,10248.773571151612,10975.519874554846,17499.579651084503,22221.734804101856,19389.662204402794,7987.404539472107,9996.692337106153,20302.89132312112,18201.54088887076,18283.59531679726,8725.970735812305,8353.870277336904,9383.40183119843,7433.592580736781,5073.660352372528,16882.10268170361,6501.980614525639,23151.774723534403,23700.859772315802,20449.969911182136,16125.497648558337,24307.841210173498,13969.005523895148,6660.533748941392,12012.080801265536,5074.549053004792,9329.558741122164,16527.45414399143,12520.357413806676,21305.203578430584,7284.641718189994,24834.79095940303
topology_dysplasia_18_clean_tumorales.csv,11728.749558411168,15093.373294850948,21447.562650532203,12716.802328885438,6337.809727489181,21024.77088572447,5135.40184565167,4813.8301133528985,3354.117108882119,17397.45884879872,14288.79306718464,4251.755620708622,15091.470157948288,5941.4267083063,11276.181124380098,6351.088670181994,5394.013447837371,27349.059397599274,11145.056693615312,25194.584685896356,15750.905812494038,0.0,14374.919267704701,6512.412597978007,6657.861409006479,14814.779546600443,10655.570333462307,8984.711957417261,15282.750893055249,21389.708604437983,8284.936639467767,5945.398337196346,6458.8431176075255,25897.714492972627,6729.953674775117,17996.483971138496,11415.367745927946,10348.162547199276,5962.256625337341,5940.638097321601,8102.577458604252,5074.279767098175,7146.751073288177,21378.940645268147,24232.02153393052,8489.825042352857,11012.187150648704,2478.654512296242,21073.84057007717,17212.84955904143,8112.341297669901,13074.231013400895,11257.975726247038,29123.87624380352,19855.797767472082,9311.91705869367,4675.141744969018,11745.702804422504,7567.64435105804,6446.295642503388,12899.866019021005,13216.0956376014,8693.127868490197,9156.196575319578
topology_ad_dysplasia_10_clean_tumorales.csv,6875.1158804670395,2135.375111811997,19555.663143096874,13386.512463028172,9818.231729430065,7764.300670727441,18741.600686373695,12740.829478424146,13769.57073834972,20048.37303952411,27640.950028925155,17267.92776468759,20339.62099527204,17932.535638580466,16055.818290412419,20026.376079526435,10340.276104338667,19253.324258964323,17143.3769053936,22615.63046502498,17828.345751303765,14374.919267704701,0.0,20168.251242164788,20817.670459149642,17543.929539548037,24250.27678023483,19200.32787482201,7671.811177997857,14379.26447838162,6794.847458727681,12204.009774331565,17152.53256494814,19836.32238321488,9930.588239419067,4515.008000662511,5085.878016707445,20354.551281414813,14344.293271598008,18579.917072883884,8781.557673913965,15397.587941798802,14786.206096625236,12720.31063807428,18577.438869774796,14292.999139545362,16354.422231149829,15399.309512532755,16779.38678436897,5490.582059984071,22350.04081589347,5018.834407914744,3357.649601730137,17092.79615694157,10882.731069474079,16241.469321639977,12270.368467979128,17360.233211703795,17423.39048938554,10476.882955518724,24726.02911403006,6952.662945024468,12880.742460875575,23443.13068486783
topology_dysplasia_14_clean_tumorales.csv,17363.82486450834,20522.34312728912,23913.068575016638,15901.683131877675,12160.27512640561,27520.102237505944,4705.906153175191,8799.855764619082,7952.247707344231,19857.366706933484,8254.740329748069,5285.295859592039,17504.757188121246,6216.392577972426,13683.6481543992,410.4989110195515,11333.401790401656,29828.03114439717,13420.347747273416,27670.29613520715,18217.757319556673,6512.412597978007,20168.251242164788,0.0,3569.8613620678707,17272.40159736367,4174.9201580855515,10553.689534998552,20912.98515993825,24549.37334170986,13572.582651859024,10814.792041025405,8147.245445263123,28380.144791872346,11998.753928534343,24034.89507391915,17567.783271396565,11812.757366194244,8401.6405481045,6153.274085818488,13229.793152083272,8331.92225236147,9913.83167831944,23848.501938610883,26731.710036709854,11398.037345737286,13386.423456316741,5865.93666925828,23637.363612692858,23636.075501023373,5548.252596604589,18968.151206791743,17406.074421186775,33733.40527531258,23556.246944466246,11735.521628844252,8298.554229870595,14183.934885410343,8980.686375677531,12056.320899546605,12670.886317545896,18793.286533404076,11362.43640070574,6665.197061811405
topology_dysplasia_16_clean_tumorales.csv,16524.051058367306,21351.026096523437,27432.32563650382,18702.313746320124,11745.617914318285,27565.89018549888,2556.653032473915,10779.461424940422,7499.509954008289,23368.376076614666,10853.607602936796,4161.784645845135,21020.645119465196,9697.184666033321,17195.445661410184,3772.377629209783,10958.53439329099,33339.879099108635,16930.716830619545,31180.94735870768,21727.9979801156,6657.861409006479,20817.670459149642,3569.8613620678707,0.0,20781.598565347216,5787.6862241081,14058.363196630638,19871.339875370424,27365.105844561753,14289.017636123965,12124.549519121376,11521.576619259338,31887.47643007652,11400.17344146588,24384.331876004282,17189.167672102503,15328.184851424048,11852.97378225991,4063.7207118648194,12944.915078546439,6931.53964729939,13059.647318741174,27364.75733385518,30219.455078993025,14365.768560853143,16876.74903226787,5642.941423593066,27054.187098984916,23431.010678565355,2189.4500466338322,18648.02526307535,17719.824287580832,35175.944569450556,25863.907687293606,15248.168611387468,10364.865691410207,17699.401268783484,12475.57171695364,11404.489158828981,16181.688407667833,18403.37281786276,14648.531533911639,3305.3811219511217
topology_carcinoma_9_clean_tumorales.csv,20323.849523505054,16452.641894483746,6791.543024601313,5049.031712816835,16253.83710934912,24810.940237324085,19290.41925995221,10144.094789701823,15441.554460143328,3000.040973788519,18806.8289608484,17613.06758150793,2855.0077520620493,11146.857398587415,3978.936868774134,17081.620938736498,14516.23827428955,12801.456449497136,4181.499633933061,10503.331123225245,1205.5303424006158,14814.779546600443,17543.929539548037,17272.40159736367,20781.598565347216,0.0,18596.91558807208,7486.943733962513,23237.721533802454,11506.741279073774,14649.05588495454,9411.135795672175,9307.623120634968,11477.195588556364,16993.467729326407,21936.35913501483,19051.31641663961,7476.484295912568,9033.316581910613,19471.155770745027,17733.49229188882,17622.072516482734,7781.330032220119,8531.341729010515,10002.692720975176,6500.561166420536,4226.635856276726,15991.387601455493,7069.150625011742,22864.34375446411,22756.048619847046,20125.483571937337,15826.690929702883,24264.927559063806,13884.487607103783,5770.377210555347,11343.885241822658,4402.673772861045,8380.015356471573,16040.38326881936,12210.712575530033,20967.714532738184,6476.855499944531,23887.21661775151
topology_carcinoma_17_clean_tumorales.csv,21372.649311200916,24551.613154518403,24093.531538375464,19074.561069229403,16224.11762442113,31614.94087101202,7875.911946487385,12652.92923706979,11994.681958771598,20630.12715572232,5282.612522640088,8872.52120340386,18356.486770426593,8794.465794033924,15212.101670683302,4335.639861309056,15395.405957240966,29584.143283345737,14686.725481858313,28388.825174856556,19280.126291517936,10655.570333462307,24250.27678023483,4174.9201580855515,5787.6862241081,18596.91558807208,0.0,11204.553767685784,24872.36149042996,27603.410826243835,17667.176901798186,14691.028265980549,10646.164672629031,29660.98586560044,16036.79975507555,28129.41367671784,21645.304968645985,11567.382950298868,11359.340404143424,9188.002397313481,17248.344729657096,12076.427006176262,12924.506531344312,24673.584758233534,28520.655699788156,14478.544149190153,15118.297452745443,9902.941367652737,25566.55360256692,27725.189028722347,7551.211682680753,23025.185082647073,21497.782590900904,37582.92697944846,27106.435934317138,13213.055540793075,12197.56806449831,14353.957934283046,10872.235174341202,16094.936564675932,10730.67704057688,22749.71399704919,14522.33378324582,8718.867646485198
topology_carcinoma_18_clean_tumorales.csv,19753.426455251465,18780.65321093047,13492.121305868417,9427.476817923212,14558.163509787266,26895.960976232887,13225.988319697452,6605.345335714975,12056.439420850935,9696.009599894194,11751.686487167322,12178.826340743797,7329.457378089713,4446.596671448943,4396.65490684528,10339.059038541725,13198.80193742524,19367.77856121822,3593.0446936937246,17461.564892756716,8182.667853712263,8984.711957417261,19200.32787482201,10553.689534998552,14058.363196630638,7486.943733962513,11204.553767685784,0.0,23141.60223022407,17465.739917834595,14281.244715930818,7411.0888128329125,2729.311968082195,18527.601217127256,15142.995612879618,23533.428150184292,19081.77856659879,1635.1982736339282,5256.389939933421,14029.366197361636,16148.487037043436,13819.61705671662,4464.742270970589,13883.080489818081,17370.52799875192,5073.685742663548,4177.063464819611,10883.568500765688,14428.54022816389,23986.092247346452,16035.05185369652,20441.917473474638,16839.44462139302,29223.91072899794,18459.973362746132,3180.874316905228,8609.91370102666,4094.209864055829,2605.243070445204,14655.430321372643,6015.366284408879,20623.15213534609,6404.444629127962,17159.155881207087
topology_ad_carcinoma_7_clean_tumorales.csv,3622.132464812152,9735.879677144485,26151.760553670418,19560.125349762897,8978.50151049515,8997.315978438834,17369.913038884908,16706.377317552306,12988.308798282285,25962.349685698788,28943.92078175559,16129.756547034982,25883.875699458185,21066.693818019656,20781.60296597945,20788.37208209419,10043.883547171312,26887.29010837542,21687.547778172935,29585.318383116817,23575.49900253242,15282.750893055249,7671.811177997857,20912.98515993825,19871.339875370424,23237.721533802454,24872.36149042996,23141.60223022407,0.0,21857.955988090096,8887.817098521473,16664.470753987727,20816.418233688695,27356.47542634873,8950.504583779692,6573.118565342267,4196.892581607579,24291.70777997667,17905.731644644267,16557.11143437227,7793.474538602813,12950.6682969677,19075.79694648227,20017.523462168112,25883.5037602202,18838.00346378497,21013.23605313258,15063.901887427981,23624.04800266197,5024.57103547501,20416.559300235793,3196.4071534800996,7651.390114232077,23659.373937657765,18514.45156993449,20723.591717782005,14795.96562460377,22362.92648321774,20927.02653770763,8927.651355861466,28020.27661695506,2963.936284424337,17536.96290871056,20799.33171035882
topology_carcinoma_6_clean_tumorales.csv,20273.963084296993,12378.372546504794,9996.731633174357,8830.89453260017,19304.938137869296,19657.508279823283,25890.521223001215,16652.663273050457,21240.287456952734,12313.749052997091,29142.443591761865,24335.94490209591,13485.234690601168,18881.9871940531,13306.949516306744,24455.14879336844,18063.523454156388,6162.975937624356,14319.968960475202,10420.284683825215,11478.665628991948,21389.708604437983,14379.26447838162,24549.37334170986,27365.105844561753,11506.741279073774,27603.410826243835,17465.739917834595,21857.955988090096,0.0,16301.993905611007,15572.079214783967,17046.013321701117,5585.457599073621,19856.27358835685,18432.63706126465,18465.422590525504,18160.102089739234,16545.53124818887,26086.288564300725,19969.678585257923,23253.278238032704,14751.61098606726,6179.5674490891615,5638.741415873117,13214.725580082457,13710.332281531215,22546.064064749673,7113.380990260748,19569.548145658213,29348.081969684536,18971.063701465166,14752.645755776348,12992.687153006327,4134.731508840616,14728.345467054256,17436.891575488327,14191.186378942428,17126.19661613935,19054.68252372754,23145.256633519326,20737.174413770328,13240.0966398564,30520.829610404715
