,carcinoma_FA_HN14_3_tumorales.csv,carcinoma_FA_HN15_1_tumorales.csv,carcinoma_FA_HN11A_5_tumorales.csv,stroma_ad_dysplasia_FA_HN14_3_tumorales.csv,stroma_ad_dysplasia_FA_HN14_4_tumorales.csv,stroma_ad_dysplasia_FA_HN15_1_tumorales.csv,carcinoma_FA_HN11A_2_tumorales.csv,dysplasia_FA_HN15_1_tumorales.csv,carcinoma_FA_HN14_2_tumorales.csv,carcinoma_FA_HN11A_4_tumorales.csv,dysplasia_FA_HN15_3_tumorales.csv,stroma_ad_dysplasia_FA_HN11A_1_tumorales.csv,stroma_ad_carcinoma_FA_HN15_3_tumorales.csv,dysplasia_FA_HN11A_5_tumorales.csv,stroma_ad_dysplasia_FA_HN14_1_tumorales.csv,stroma_ad_dysplasia_FA_HN11A_2_tumorales.csv,carcinoma_FA_HN14_1_tumorales.csv,stroma_ad_carcinoma_FA_HN11A_1_tumorales.csv,stroma_ad_dysplasia_FA_HN11A_5_tumorales.csv,carcinoma_FA_HN15_2_tumorales.csv,dysplasia_FA_HN15_5_tumorales.csv,carcinoma_FA_HN14_4_tumorales.csv,stroma_ad_carcinoma_FA_HN14_4_tumorales.csv,stroma_ad_carcinoma_FA_HN11A_2_tumorales.csv,stroma_ad_carcinoma_FA_HN15_1_tumorales.csv,stroma_ad_carcinoma_FA_HN15_4_tumorales.csv,stroma_ad_dysplasia_FA_HN15_2_tumorales.csv,dysplasia_FA_HN11A_1_tumorales.csv,stroma_ad_carcinoma_FA_HN15_2_tumorales.csv,dysplasia_FA_HN14_1_tumorales.csv,stroma_ad_carcinoma_FA_HN14_2_tumorales.csv,carcinoma_FA_HN11A_1_tumorales.csv,dysplasia_FA_HN14_2_tumorales.csv,stroma_ad_carcinoma_FA_HN14_5_tumorales.csv,stroma_ad_dysplasia_FA_HN11A_4_tumorales.csv,stroma_ad_carcinoma_FA_HN14_3_tumorales.csv,carcinoma_FA_HN11A_3_tumorales.csv,dysplasia_FA_HN15_2_tumorales.csv,stroma_ad_carcinoma_FA_HN14_1_tumorales.csv,dysplasia_FA_HN11A_2_tumorales.csv,stroma_ad_dysplasia_FA_HN15_3_tumorales.csv,dysplasia_FA_HN11A_4_tumorales.csv,stroma_ad_dysplasia_FA_HN14_2_tumorales.csv,dysplasia_FA_HN11A_3_tumorales.csv,stroma_ad_dysplasia_FA_HN11A_3_tumorales.csv
carcinoma_FA_HN14_3_tumorales.csv,1.3312746568651583e-308,44.43288064808446,inf,47.52989185198142,38.26818802503418,25.323422185926013,56.82078311049274,60.22549600635911,49.31063325382276,25.917521897254517,64.53940712116119,25.323422185926013,45.284368679646846,65.39038576746387,61.249342407858805,25.323422185926013,44.13829163421485,25.323422185926013,25.323422185926013,inf,32.837731052713664,42.842039319474225,32.72714499848193,36.0784779915825,31.491140916035754,25.323422185926013,25.323422185926013,25.323422185926013,60.662395226503335,18.45957743185322,25.323422185926013,54.86652097621243,29.219994739069534,30.506970487020766,25.323422185926013,33.44506842156693,66.58474353949342,33.91035024099547,53.00718659418726,25.323422185926013,52.25151725805517,41.508250172038146,57.13891985048973,36.28922808121527,25.323422185926013
carcinoma_FA_HN15_1_tumorales.csv,44.43288064808446,1.4153968066362267e-308,inf,26.258037527254743,30.62856106455422,44.43288064808446,55.51071167569518,30.822003069651757,25.57916037143636,35.56314884809508,26.142625783863707,44.43288064808446,33.877942352344434,65.39038576746387,32.73762147426743,44.43288064808446,35.67230162809935,44.43288064808446,44.43288064808446,inf,24.945789345273056,39.639495218662375,43.421873686801405,44.43288064808446,39.639495218662375,44.43288064808446,39.639495218662375,44.43288064808446,52.94785144607525,44.43288064808446,44.43288064808446,54.86652097621243,44.43288064808446,39.53317095476211,44.43288064808446,30.83896175793403,66.58474353949342,25.57916037143636,53.00718659418726,44.43288064808446,25.57916037143636,41.508250172038146,34.463429383727345,23.997912271318228,44.43288064808446
carcinoma_FA_HN11A_5_tumorales.csv,inf,inf,1.8806282682887347e-308,inf,inf,inf,inf,inf,inf,inf,inf,inf,inf,inf,inf,inf,inf,inf,inf,115.13593609927307,inf,inf,inf,inf,inf,inf,inf,inf,inf,inf,inf,inf,inf,inf,inf,inf,inf,inf,inf,inf,inf,inf,inf,inf,inf
stroma_ad_dysplasia_FA_HN14_3_tumorales.csv,47.52989185198142,26.258037527254743,inf,1.5335079016892704e-308,28.727884155084922,47.52989185198142,56.82078311049274,34.138159998487254,22.147535625600412,32.15938052106975,30.445760970535872,47.52989185198142,33.877942352344434,65.39038576746387,36.616838750823746,47.52989185198142,28.89276788012033,47.52989185198142,47.52989185198142,inf,24.65241038421007,31.480156904825265,42.83772555480007,47.52989185198142,35.80167953342479,47.52989185198142,44.21669780651425,47.52989185198142,60.662395226503335,47.52989185198142,47.52989185198142,54.86652097621243,45.195664973668016,38.94902282276078,47.52989185198142,26.896307160436976,66.58474353949342,25.475641264448,53.00718659418726,47.52989185198142,37.41744968903484,41.508250172038146,35.047577515728676,36.224192166661936,47.52989185198142
stroma_ad_dysplasia_FA_HN14_4_tumorales.csv,38.26818802503418,30.62856106455422,inf,28.727884155084922,8.777773276958617e-309,38.26818802503418,56.82078311049274,35.438216992483746,42.20617667648621,28.990711220111024,30.763619803618496,38.26818802503418,33.877942352344434,65.39038576746387,37.91689574482024,38.26818802503418,31.23418312193032,38.26818802503418,38.26818802503418,inf,24.10155271522254,35.48046584575259,38.26818802503418,38.26818802503418,31.25782869813429,38.26818802503418,27.300255347417107,38.26818802503418,60.662395226503335,38.26818802503418,38.26818802503418,54.86652097621243,38.26818802503418,37.64896582876429,38.26818802503418,14.620231060583293,66.58474353949342,27.86335336586255,53.00718659418726,38.26818802503418,38.71750668303133,41.508250172038146,36.34763450972517,30.85960027265243,38.26818802503418
stroma_ad_dysplasia_FA_HN15_1_tumorales.csv,25.323422185926013,44.43288064808446,inf,47.52989185198142,38.26818802503418,0.0,56.82078311049274,60.22549600635911,49.31063325382276,26.719273321475967,64.53940712116119,0.0,45.284368679646846,65.39038576746387,61.249342407858805,1.3203578616136564,46.208948129955985,0.7792709047279587,0.0,inf,32.837731052713664,42.842039319474225,32.72714499848193,36.0784779915825,31.491140916035754,16.951808927528305,24.318253059343107,0.0,60.662395226503335,29.80169958988907,14.110335207937666,54.86652097621243,31.575286921645954,32.17390706714549,0.7336046399177043,33.44506842156693,66.58474353949342,38.539598130152086,53.00718659418726,0.0,52.25151725805517,41.508250172038146,57.13891985048973,36.28922808121527,0.0
carcinoma_FA_HN11A_2_tumorales.csv,56.82078311049274,55.51071167569518,inf,56.82078311049274,56.82078311049274,56.82078311049274,1.352098021021837e-308,55.51071167569518,55.51071167569518,56.82078311049274,55.51071167569518,56.82078311049274,48.5813500952049,65.39038576746387,55.51071167569518,56.82078311049274,56.82078311049274,56.82078311049274,56.82078311049274,inf,55.51071167569518,56.82078311049274,56.82078311049274,56.82078311049274,43.73818867394354,56.82078311049274,55.51071167569518,56.82078311049274,41.85013330258245,56.82078311049274,56.82078311049274,55.51071167569518,56.82078311049274,56.82078311049274,56.82078311049274,56.82078311049274,42.1944383474129,56.82078311049274,40.08219165720061,56.82078311049274,55.51071167569518,52.559951635901285,55.51071167569518,55.51071167569518,56.82078311049274
dysplasia_FA_HN15_1_tumorales.csv,60.22549600635911,30.822003069651757,inf,34.138159998487254,35.438216992483746,60.22549600635911,55.51071167569518,1.304994484375673e-308,25.86247127348993,60.22549600635911,31.83270460700996,60.22549600635911,46.71039006225482,65.39038576746387,26.945841301452504,60.22549600635911,34.32455131954313,60.22549600635911,60.22549600635911,inf,31.205837918865797,60.22549600635911,60.22549600635911,60.22549600635911,46.170971934863275,60.22549600635911,57.56008743698601,60.22549600635911,35.83801805513011,60.22549600635911,60.22549600635911,54.86652097621243,60.22549600635911,60.22549600635911,60.22549600635911,48.14650823298567,48.183288818707496,33.227316611569904,60.22549600635911,60.22549600635911,29.80305035346541,58.98817279690604,27.877989046418975,38.70644972246396,60.22549600635911
carcinoma_FA_HN14_2_tumorales.csv,49.31063325382276,25.57916037143636,inf,22.147535625600412,42.20617667648621,49.31063325382276,55.51071167569518,25.86247127348993,1.8497587659103493e-308,47.15091053971497,23.009380385198327,49.31063325382276,33.877942352344434,65.39038576746387,42.20617667648621,49.31063325382276,42.20617667648621,49.31063325382276,49.31063325382276,inf,29.12266241322989,47.00080317348514,49.31063325382276,49.31063325382276,42.20617667648621,49.31063325382276,47.00080317348514,49.31063325382276,51.723177872078736,49.31063325382276,49.31063325382276,54.86652097621243,49.31063325382276,49.31063325382276,49.31063325382276,34.79370576632505,65.4613064915873,28.813421718988224,53.00718659418726,49.31063325382276,25.265441372598268,42.20617667648621,30.831465242184095,30.880894927617007,49.31063325382276
carcinoma_FA_HN11A_4_tumorales.csv,25.917521897254517,35.56314884809508,inf,32.15938052106975,28.990711220111024,26.719273321475967,56.82078311049274,60.22549600635911,47.15091053971497,1.1632344100395143e-308,57.017542129972554,26.719273321475967,32.982824965772735,65.39038576746387,61.249342407858805,26.719273321475967,37.952501480442606,26.719273321475967,26.719273321475967,inf,32.837731052713664,41.85569976192863,26.650794457997534,26.719273321475967,28.460261067601323,25.917521897254517,26.719273321475967,26.719273321475967,60.662395226503335,25.917521897254517,24.63481010733463,54.86652097621243,25.917521897254517,25.917521897254517,26.719273321475967,25.917521897254517,66.58474353949342,28.001264082294625,52.751106982614886,26.719273321475967,52.25151725805517,35.96175963953914,57.13891985048973,36.28922808121527,26.719273321475967
dysplasia_FA_HN15_3_tumorales.csv,64.53940712116119,26.142625783863707,inf,30.445760970535872,30.763619803618496,64.53940712116119,55.51071167569518,31.83270460700996,23.009380385198327,57.017542129972554,2.082304144492085e-308,64.53940712116119,40.19708637961668,65.39038576746387,25.97855965345377,64.53940712116119,36.373003505379046,64.53940712116119,64.53940712116119,inf,39.608900300651484,57.001888097682084,64.53940712116119,64.53940712116119,55.7734359805268,64.53940712116119,54.965809117012384,64.53940712116119,49.61057007113686,64.53940712116119,64.53940712116119,54.86652097621243,64.53940712116119,64.53940712116119,64.53940712116119,43.315105171878216,55.59467490132971,35.37079329463808,57.001888097682084,64.53940712116119,35.26645549938185,51.57678671428383,36.78058693761993,46.223448686890336,64.53940712116119
stroma_ad_dysplasia_FA_HN11A_1_tumorales.csv,25.323422185926013,44.43288064808446,inf,47.52989185198142,38.26818802503418,0.0,56.82078311049274,60.22549600635911,49.31063325382276,26.719273321475967,64.53940712116119,0.0,45.284368679646846,65.39038576746387,61.249342407858805,1.3203578616136564,46.208948129955985,0.7792709047279587,0.0,inf,32.837731052713664,42.842039319474225,32.72714499848193,36.0784779915825,31.491140916035754,16.951808927528305,24.318253059343107,0.0,60.662395226503335,29.80169958988907,14.110335207937666,54.86652097621243,31.575286921645954,32.17390706714549,0.7336046399177043,33.44506842156693,66.58474353949342,38.539598130152086,53.00718659418726,0.0,52.25151725805517,41.508250172038146,57.13891985048973,36.28922808121527,0.0
stroma_ad_carcinoma_FA_HN15_3_tumorales.csv,45.284368679646846,33.877942352344434,inf,33.877942352344434,33.877942352344434,45.284368679646846,48.5813500952049,46.71039006225482,33.877942352344434,32.982824965772735,40.19708637961668,45.284368679646846,2.040093394198392e-308,65.39038576746387,49.18906881459131,45.284368679646846,33.877942352344434,45.284368679646846,45.284368679646846,inf,33.877942352344434,33.877942352344434,33.877942352344434,45.284368679646846,27.603306002210516,35.82975015446179,37.39103623961432,45.284368679646846,57.805928388105116,45.284368679646846,45.284368679646846,54.86652097621243,33.877942352344434,33.877942352344434,45.284368679646846,33.877942352344434,63.29411749845346,33.877942352344434,42.76154858708874,45.284368679646846,34.03251767277378,33.22615387500812,45.52741863961117,33.877942352344434,45.284368679646846
dysplasia_FA_HN11A_5_tumorales.csv,65.39038576746387,65.39038576746387,inf,65.39038576746387,65.39038576746387,65.39038576746387,65.39038576746387,65.39038576746387,65.39038576746387,65.39038576746387,65.39038576746387,65.39038576746387,65.39038576746387,1.589681197089358e-308,65.39038576746387,65.39038576746387,65.39038576746387,65.39038576746387,65.39038576746387,inf,65.39038576746387,65.39038576746387,65.39038576746387,65.39038576746387,65.39038576746387,65.39038576746387,65.39038576746387,65.39038576746387,65.39038576746387,65.39038576746387,65.39038576746387,47.323909392517095,65.39038576746387,65.39038576746387,65.39038576746387,65.39038576746387,66.58474353949342,65.39038576746387,65.39038576746387,65.39038576746387,65.39038576746387,65.39038576746387,65.39038576746387,65.39038576746387,65.39038576746387
stroma_ad_dysplasia_FA_HN14_1_tumorales.csv,61.249342407858805,32.73762147426743,inf,36.616838750823746,37.91689574482024,61.249342407858805,55.51071167569518,26.945841301452504,42.20617667648621,61.249342407858805,25.97855965345377,61.249342407858805,49.18906881459131,65.39038576746387,1.6992788361723225e-308,61.249342407858805,36.803230071879625,61.249342407858805,61.249342407858805,inf,33.68451667120229,61.249342407858805,61.249342407858805,61.249342407858805,48.64965068719977,61.249342407858805,60.0387661893225,61.249342407858805,33.39839280190981,61.249342407858805,61.249342407858805,54.86652097621243,61.249342407858805,61.249342407858805,61.249342407858805,50.62518698532216,45.704610066371,35.705995363906396,61.249342407858805,61.249342407858805,24.42318581466148,61.249342407858805,21.182940060446725,38.90501329348146,61.249342407858805
stroma_ad_dysplasia_FA_HN11A_2_tumorales.csv,25.323422185926013,44.43288064808446,inf,47.52989185198142,38.26818802503418,1.3203578616136564,56.82078311049274,60.22549600635911,49.31063325382276,26.719273321475967,64.53940712116119,1.3203578616136564,45.284368679646846,65.39038576746387,61.249342407858805,1.9382870298204033e-308,46.208948129955985,1.3203578616136562,1.3203578616136564,inf,32.837731052713664,42.842039319474225,32.72714499848193,36.078477991582496,31.491140916035754,16.951808927528305,24.318253059343107,1.3203578616136564,60.662395226503335,29.80169958988907,14.110335207937666,54.86652097621243,31.575286921645954,32.17390706714549,1.3203578616136562,33.44506842156693,66.58474353949342,38.539598130152086,53.00718659418726,1.3203578616136564,52.25151725805517,41.508250172038146,57.13891985048973,36.28922808121527,1.3203578616136564
carcinoma_FA_HN14_1_tumorales.csv,44.13829163421485,35.67230162809935,inf,28.89276788012033,31.23418312193032,46.208948129955985,56.82078311049274,34.32455131954313,42.20617667648621,37.952501480442606,36.373003505379046,46.208948129955985,33.877942352344434,65.39038576746387,36.803230071879625,46.208948129955985,7.669145656520257e-309,46.208948129955985,46.208948129955985,inf,27.47802659964865,27.755446383479637,42.651334233744194,46.208948129955985,38.982848160407244,42.68753059264097,35.305927301557105,46.208948129955985,60.662395226503335,42.68753059264097,46.208948129955985,54.86652097621243,42.68753059264097,38.7626315017049,46.208948129955985,24.33249354902935,66.58474353949342,28.169071277184003,53.00718659418726,46.208948129955985,37.60384101009072,41.508250172038146,35.233968836784555,43.65126695470177,46.208948129955985
stroma_ad_carcinoma_FA_HN11A_1_tumorales.csv,25.323422185926013,44.43288064808446,inf,47.52989185198142,38.26818802503418,0.7792709047279587,56.82078311049274,60.22549600635911,49.31063325382276,26.719273321475967,64.53940712116119,0.7792709047279587,45.284368679646846,65.39038576746387,61.249342407858805,1.3203578616136562,46.208948129955985,1.9917686483822695e-308,0.7792709047279587,inf,32.837731052713664,42.842039319474225,32.72714499848193,36.0784779915825,31.491140916035754,16.951808927528305,24.318253059343107,0.7792709047279587,60.662395226503335,29.80169958988907,14.110335207937666,54.86652097621243,31.575286921645954,32.17390706714549,0.7792709047279587,33.44506842156693,66.58474353949342,38.539598130152086,53.00718659418726,0.7792709047279587,52.25151725805517,41.508250172038146,57.13891985048973,36.28922808121527,0.7792709047279587
stroma_ad_dysplasia_FA_HN11A_5_tumorales.csv,25.323422185926013,44.43288064808446,inf,47.52989185198142,38.26818802503418,0.0,56.82078311049274,60.22549600635911,49.31063325382276,26.719273321475967,64.53940712116119,0.0,45.284368679646846,65.39038576746387,61.249342407858805,1.3203578616136564,46.208948129955985,0.7792709047279587,0.0,inf,32.837731052713664,42.842039319474225,32.72714499848193,36.0784779915825,31.491140916035754,16.951808927528305,24.318253059343107,0.0,60.662395226503335,29.80169958988907,14.110335207937666,54.86652097621243,31.575286921645954,32.17390706714549,0.7336046399177043,33.44506842156693,66.58474353949342,38.539598130152086,53.00718659418726,0.0,52.25151725805517,41.508250172038146,57.13891985048973,36.28922808121527,0.0
carcinoma_FA_HN15_2_tumorales.csv,inf,inf,115.13593609927307,inf,inf,inf,inf,inf,inf,inf,inf,inf,inf,inf,inf,inf,inf,inf,inf,1.61153400866951e-308,inf,inf,inf,inf,inf,inf,inf,inf,inf,inf,inf,inf,inf,inf,inf,inf,inf,inf,inf,inf,inf,inf,inf,inf,inf
dysplasia_FA_HN15_5_tumorales.csv,32.837731052713664,24.945789345273056,inf,24.65241038421007,24.10155271522254,32.837731052713664,55.51071167569518,31.205837918865797,29.12266241322989,32.837731052713664,39.608900300651484,32.837731052713664,33.877942352344434,65.39038576746387,33.68451667120229,32.837731052713664,27.47802659964865,32.837731052713664,32.837731052713664,inf,1.424518541955772e-308,32.83773105271368,32.837731052713664,36.0784779915825,24.10155271522254,32.837731052713664,26.354249518120213,32.837731052713664,56.155149278010924,32.837731052713664,32.837731052713664,54.86652097621243,32.837731052713664,32.837731052713664,32.837731052713664,21.04636491830894,66.58474353949342,23.949755401532457,53.00718659418726,32.837731052713664,34.48512760941338,41.508250172038146,32.11525543610722,22.77593265700655,32.837731052713664
carcinoma_FA_HN14_4_tumorales.csv,42.842039319474225,39.639495218662375,inf,31.480156904825265,35.48046584575259,42.842039319474225,56.82078311049274,60.22549600635911,47.00080317348514,41.85569976192863,57.001888097682084,42.842039319474225,33.877942352344434,65.39038576746387,61.249342407858805,42.842039319474225,27.755446383479637,42.842039319474225,42.842039319474225,inf,32.83773105271368,7.61805545705087e-309,19.435379202973564,42.842039319474225,35.28691220026029,34.83919651404284,35.28691220026029,42.842039319474225,60.662395226503335,32.93788550903078,42.842039319474225,54.86652097621243,17.562844722799042,24.173875307480444,42.842039319474225,32.41841381218515,66.58474353949342,31.756844071604718,53.00718659418726,42.842039319474225,52.25151725805517,41.508250172038146,57.13891985048973,36.883852489591604,42.842039319474225
stroma_ad_carcinoma_FA_HN14_4_tumorales.csv,32.72714499848193,43.421873686801405,inf,42.83772555480007,38.26818802503418,32.72714499848193,56.82078311049274,60.22549600635911,49.31063325382276,26.650794457997534,64.53940712116119,32.72714499848193,33.877942352344434,65.39038576746387,61.249342407858805,32.72714499848193,42.651334233744194,32.72714499848193,32.72714499848193,inf,32.837731052713664,19.435379202973564,1.7682552748391876e-308,36.0784779915825,25.108643795273792,25.837330144284465,24.318253059343107,32.72714499848193,60.662395226503335,17.91302133996868,32.72714499848193,54.86652097621243,21.202070977536145,15.582184790680344,32.72714499848193,28.82937732030166,66.58474353949342,31.756844071604718,53.00718659418726,32.72714499848193,52.25151725805517,41.508250172038146,57.13891985048973,36.28922808121527,32.72714499848193
stroma_ad_carcinoma_FA_HN11A_2_tumorales.csv,36.0784779915825,44.43288064808446,inf,47.52989185198142,38.26818802503418,36.0784779915825,56.82078311049274,60.22549600635911,49.31063325382276,26.719273321475967,64.53940712116119,36.0784779915825,45.284368679646846,65.39038576746387,61.249342407858805,36.078477991582496,46.208948129955985,36.0784779915825,36.0784779915825,inf,36.0784779915825,42.842039319474225,36.0784779915825,2.1839196808213735e-308,36.0784779915825,33.714702507472936,19.259581673360756,36.0784779915825,60.662395226503335,36.0784779915825,31.758849947149855,47.323909392517095,36.0784779915825,36.0784779915825,36.0784779915825,36.0784779915825,66.58474353949342,38.539598130152086,53.00718659418726,36.0784779915825,52.25151725805517,37.536980849169026,57.13891985048973,36.28922808121527,36.0784779915825
stroma_ad_carcinoma_FA_HN15_1_tumorales.csv,31.491140916035754,39.639495218662375,inf,35.80167953342479,31.25782869813429,31.491140916035754,43.73818867394354,46.170971934863275,42.20617667648621,28.460261067601323,55.7734359805268,31.491140916035754,27.603306002210516,65.39038576746387,48.64965068719977,31.491140916035754,38.982848160407244,31.491140916035754,31.491140916035754,inf,24.10155271522254,35.28691220026029,25.108643795273792,36.0784779915825,1.484079869978277e-308,17.641128345436215,24.318253059343107,31.491140916035754,49.5543532728514,29.801699589889076,31.491140916035754,54.86652097621243,29.219994739069534,22.85213963273631,31.491140916035754,27.078505030563164,57.58382776857829,34.25702467006437,46.2673995822727,31.491140916035754,49.45026162541086,41.508250172038146,47.0803894521047,36.28922808121527,31.491140916035754
stroma_ad_carcinoma_FA_HN15_4_tumorales.csv,25.323422185926013,44.43288064808446,inf,47.52989185198142,38.26818802503418,16.951808927528305,56.82078311049274,60.22549600635911,49.31063325382276,25.917521897254517,64.53940712116119,16.951808927528305,35.82975015446179,65.39038576746387,61.249342407858805,16.951808927528305,42.68753059264097,16.951808927528305,16.951808927528305,inf,32.837731052713664,34.83919651404284,25.837330144284465,33.714702507472936,17.641128345436215,2.1080023049740356e-308,23.1322740543188,16.951808927528305,60.662395226503335,28.400371309273815,16.951808927528305,54.86652097621243,31.575286921645954,27.043997899947655,16.951808927528305,33.44506842156693,66.58474353949342,37.589447204681235,53.00718659418726,16.951808927528305,52.25151725805517,40.99917559763034,57.13891985048973,36.28922808121527,16.951808927528305
stroma_ad_dysplasia_FA_HN15_2_tumorales.csv,25.323422185926013,39.639495218662375,inf,44.21669780651425,27.300255347417107,24.318253059343107,55.51071167569518,57.56008743698601,47.00080317348514,26.719273321475967,54.965809117012384,24.318253059343107,37.39103623961432,65.39038576746387,60.0387661893225,24.318253059343107,35.305927301557105,24.318253059343107,24.318253059343107,inf,26.354249518120213,35.28691220026029,24.318253059343107,19.259581673360756,24.318253059343107,23.1322740543188,1.561803827298573e-308,24.318253059343107,47.313025211191075,29.80169958988907,19.259581673360756,53.01738505363022,29.070185603265912,24.318253059343107,24.318253059343107,30.0553991801837,61.05115383069963,38.539598130152086,53.00718659418726,24.318253059343107,52.25151725805517,26.84144374024764,57.13891985048973,32.21012579510172,24.318253059343107
dysplasia_FA_HN11A_1_tumorales.csv,25.323422185926013,44.43288064808446,inf,47.52989185198142,38.26818802503418,0.0,56.82078311049274,60.22549600635911,49.31063325382276,26.719273321475967,64.53940712116119,0.0,45.284368679646846,65.39038576746387,61.249342407858805,1.3203578616136564,46.208948129955985,0.7792709047279587,0.0,inf,32.837731052713664,42.842039319474225,32.72714499848193,36.0784779915825,31.491140916035754,16.951808927528305,24.318253059343107,0.0,60.662395226503335,29.80169958988907,14.110335207937666,54.86652097621243,31.575286921645954,32.17390706714549,0.7336046399177043,33.44506842156693,66.58474353949342,38.539598130152086,53.00718659418726,0.0,52.25151725805517,41.508250172038146,57.13891985048973,36.28922808121527,0.0
stroma_ad_carcinoma_FA_HN15_2_tumorales.csv,60.662395226503335,52.94785144607525,inf,60.662395226503335,60.662395226503335,60.662395226503335,41.85013330258245,35.83801805513011,51.723177872078736,60.662395226503335,49.61057007113686,60.662395226503335,57.805928388105116,65.39038576746387,33.39839280190981,60.662395226503335,60.662395226503335,60.662395226503335,60.662395226503335,inf,56.155149278010924,60.662395226503335,60.662395226503335,60.662395226503335,49.5543532728514,60.662395226503335,47.313025211191075,60.662395226503335,9.8808424255564e-309,60.662395226503335,60.662395226503335,60.662395226503335,60.662395226503335,60.662395226503335,60.662395226503335,60.662395226503335,39.67054997164038,60.662395226503335,45.74718836609301,60.662395226503335,37.02236230816294,60.662395226503335,40.08251650122034,42.981696806668054,60.662395226503335
dysplasia_FA_HN14_1_tumorales.csv,18.45957743185322,44.43288064808446,inf,47.52989185198142,38.26818802503418,29.80169958988907,56.82078311049274,60.22549600635911,49.31063325382276,25.917521897254517,64.53940712116119,29.80169958988907,45.284368679646846,65.39038576746387,61.249342407858805,29.80169958988907,42.68753059264097,29.80169958988907,29.80169958988907,inf,32.837731052713664,32.93788550903078,17.91302133996868,36.0784779915825,29.801699589889076,28.400371309273815,29.80169958988907,29.80169958988907,60.662395226503335,9.27324572264786e-309,29.80169958988907,54.86652097621243,15.375040786231736,17.631882647334123,29.80169958988907,33.44506842156693,66.58474353949342,33.91035024099547,53.00718659418726,29.80169958988907,52.25151725805517,41.508250172038146,57.13891985048973,36.28922808121527,29.80169958988907
stroma_ad_carcinoma_FA_HN14_2_tumorales.csv,25.323422185926013,44.43288064808446,inf,47.52989185198142,38.26818802503418,14.110335207937666,56.82078311049274,60.22549600635911,49.31063325382276,24.63481010733463,64.53940712116119,14.110335207937666,45.284368679646846,65.39038576746387,61.249342407858805,14.110335207937666,46.208948129955985,14.110335207937666,14.110335207937666,inf,32.837731052713664,42.842039319474225,32.72714499848193,31.758849947149855,31.491140916035754,16.951808927528305,19.259581673360756,14.110335207937666,60.662395226503335,29.80169958988907,1.487132899584176e-308,54.86652097621243,29.93463079141432,32.17390706714549,14.110335207937666,33.44506842156693,66.58474353949342,34.25702467006437,53.00718659418726,14.110335207937666,52.25151725805517,37.536980849169026,57.13891985048973,36.28922808121527,14.110335207937666
carcinoma_FA_HN11A_1_tumorales.csv,54.86652097621243,54.86652097621243,inf,54.86652097621243,54.86652097621243,54.86652097621243,55.51071167569518,54.86652097621243,54.86652097621243,54.86652097621243,54.86652097621243,54.86652097621243,54.86652097621243,47.323909392517095,54.86652097621243,54.86652097621243,54.86652097621243,54.86652097621243,54.86652097621243,inf,54.86652097621243,54.86652097621243,54.86652097621243,47.323909392517095,54.86652097621243,54.86652097621243,53.01738505363022,54.86652097621243,60.662395226503335,54.86652097621243,54.86652097621243,1.8430306403146847e-308,54.86652097621243,54.86652097621243,54.86652097621243,54.86652097621243,66.58474353949342,54.86652097621243,54.86652097621243,54.86652097621243,54.86652097621243,36.504292371551685,54.86652097621243,54.86652097621243,54.86652097621243
dysplasia_FA_HN14_2_tumorales.csv,29.219994739069534,44.43288064808446,inf,45.195664973668016,38.26818802503418,31.575286921645954,56.82078311049274,60.22549600635911,49.31063325382276,25.917521897254517,64.53940712116119,31.575286921645954,33.877942352344434,65.39038576746387,61.249342407858805,31.575286921645954,42.68753059264097,31.575286921645954,31.575286921645954,inf,32.837731052713664,17.562844722799042,21.202070977536145,36.0784779915825,29.219994739069534,31.575286921645954,29.070185603265912,31.575286921645954,60.662395226503335,15.375040786231736,29.93463079141432,54.86652097621243,1.593950998189265e-308,17.432927716547212,31.575286921645954,31.187316739169603,66.58474353949342,31.756844071604718,53.00718659418726,31.575286921645954,52.25151725805517,41.508250172038146,57.13891985048973,36.28922808121527,31.575286921645954
stroma_ad_carcinoma_FA_HN14_5_tumorales.csv,30.506970487020766,39.53317095476211,inf,38.94902282276078,37.64896582876429,32.17390706714549,56.82078311049274,60.22549600635911,49.31063325382276,25.917521897254517,64.53940712116119,32.17390706714549,33.877942352344434,65.39038576746387,61.249342407858805,32.17390706714549,38.7626315017049,32.17390706714549,32.17390706714549,inf,32.837731052713664,24.173875307480444,15.582184790680344,36.0784779915825,22.85213963273631,27.043997899947655,24.318253059343107,32.17390706714549,60.662395226503335,17.631882647334123,32.17390706714549,54.86652097621243,17.432927716547212,1.8581102370897847e-308,32.17390706714549,24.940674588262368,66.58474353949342,30.305003443987744,53.00718659418726,32.17390706714549,52.25151725805517,41.508250172038146,57.13891985048973,36.28922808121527,32.17390706714549
stroma_ad_dysplasia_FA_HN11A_4_tumorales.csv,25.323422185926013,44.43288064808446,inf,47.52989185198142,38.26818802503418,0.7336046399177043,56.82078311049274,60.22549600635911,49.31063325382276,26.719273321475967,64.53940712116119,0.7336046399177043,45.284368679646846,65.39038576746387,61.249342407858805,1.3203578616136562,46.208948129955985,0.7792709047279587,0.7336046399177043,inf,32.837731052713664,42.842039319474225,32.72714499848193,36.0784779915825,31.491140916035754,16.951808927528305,24.318253059343107,0.7336046399177043,60.662395226503335,29.80169958988907,14.110335207937666,54.86652097621243,31.575286921645954,32.17390706714549,2.1538650996180383e-308,33.44506842156693,66.58474353949342,38.539598130152086,53.00718659418726,0.7336046399177043,52.25151725805517,41.508250172038146,57.13891985048973,36.28922808121527,0.7336046399177043
stroma_ad_carcinoma_FA_HN14_3_tumorales.csv,33.44506842156693,30.83896175793403,inf,26.896307160436976,14.620231060583293,33.44506842156693,56.82078311049274,48.14650823298567,34.79370576632505,25.917521897254517,43.315105171878216,33.44506842156693,33.877942352344434,65.39038576746387,50.62518698532216,33.44506842156693,24.33249354902935,33.44506842156693,33.44506842156693,inf,21.04636491830894,32.41841381218515,28.82937732030166,36.0784779915825,27.078505030563164,33.44506842156693,30.0553991801837,33.44506842156693,60.662395226503335,33.44506842156693,33.44506842156693,54.86652097621243,31.187316739169603,24.940674588262368,33.44506842156693,1.4504013843654984e-308,66.58474353949342,30.40028100540107,53.00718659418726,33.44506842156693,51.42579792353325,41.508250172038146,49.05592575022709,36.28922808121527,33.44506842156693
carcinoma_FA_HN11A_3_tumorales.csv,66.58474353949342,66.58474353949342,inf,66.58474353949342,66.58474353949342,66.58474353949342,42.1944383474129,48.183288818707496,65.4613064915873,66.58474353949342,55.59467490132971,66.58474353949342,63.29411749845346,66.58474353949342,45.704610066371,66.58474353949342,66.58474353949342,66.58474353949342,66.58474353949342,inf,66.58474353949342,66.58474353949342,66.58474353949342,66.58474353949342,57.58382776857829,66.58474353949342,61.05115383069963,66.58474353949342,39.67054997164038,66.58474353949342,66.58474353949342,66.58474353949342,66.58474353949342,66.58474353949342,66.58474353949342,66.58474353949342,1.4427896625946047e-308,66.58474353949342,31.182894160937593,66.58474353949342,44.90399912815991,66.58474353949342,47.27387130146607,56.71982542617661,66.58474353949342
dysplasia_FA_HN15_2_tumorales.csv,33.91035024099547,25.57916037143636,inf,25.475641264448,27.86335336586255,38.539598130152086,56.82078311049274,33.227316611569904,28.813421718988224,28.001264082294625,35.37079329463808,38.539598130152086,33.877942352344434,65.39038576746387,35.705995363906396,38.539598130152086,28.169071277184003,38.539598130152086,38.539598130152086,inf,23.949755401532457,31.756844071604718,31.756844071604718,38.539598130152086,34.25702467006437,37.589447204681235,38.539598130152086,38.539598130152086,60.662395226503335,33.91035024099547,34.25702467006437,54.86652097621243,31.756844071604718,30.305003443987744,38.539598130152086,30.40028100540107,66.58474353949342,9.20665829119575e-309,53.00718659418726,38.539598130152086,36.50660630211749,41.508250172038146,34.13673412881133,36.69115218453287,38.539598130152086
stroma_ad_carcinoma_FA_HN14_1_tumorales.csv,53.00718659418726,53.00718659418726,inf,53.00718659418726,53.00718659418726,53.00718659418726,40.08219165720061,60.22549600635911,53.00718659418726,52.751106982614886,57.001888097682084,53.00718659418726,42.76154858708874,65.39038576746387,61.249342407858805,53.00718659418726,53.00718659418726,53.00718659418726,53.00718659418726,inf,53.00718659418726,53.00718659418726,53.00718659418726,53.00718659418726,46.2673995822727,53.00718659418726,53.00718659418726,53.00718659418726,45.74718836609301,53.00718659418726,53.00718659418726,54.86652097621243,53.00718659418726,53.00718659418726,53.00718659418726,53.00718659418726,31.182894160937593,53.00718659418726,1.988738992268514e-308,53.00718659418726,46.1102521552678,52.8982888163539,56.65705604750161,53.00718659418726,53.00718659418726
dysplasia_FA_HN11A_2_tumorales.csv,25.323422185926013,44.43288064808446,inf,47.52989185198142,38.26818802503418,0.0,56.82078311049274,60.22549600635911,49.31063325382276,26.719273321475967,64.53940712116119,0.0,45.284368679646846,65.39038576746387,61.249342407858805,1.3203578616136564,46.208948129955985,0.7792709047279587,0.0,inf,32.837731052713664,42.842039319474225,32.72714499848193,36.0784779915825,31.491140916035754,16.951808927528305,24.318253059343107,0.0,60.662395226503335,29.80169958988907,14.110335207937666,54.86652097621243,31.575286921645954,32.17390706714549,0.7336046399177043,33.44506842156693,66.58474353949342,38.539598130152086,53.00718659418726,0.0,52.25151725805517,41.508250172038146,57.13891985048973,36.28922808121527,0.0
stroma_ad_dysplasia_FA_HN15_3_tumorales.csv,52.25151725805517,25.57916037143636,inf,37.41744968903484,38.71750668303133,52.25151725805517,55.51071167569518,29.80305035346541,25.265441372598268,52.25151725805517,35.26645549938185,52.25151725805517,34.03251767277378,65.39038576746387,24.42318581466148,52.25151725805517,37.60384101009072,52.25151725805517,52.25151725805517,inf,34.48512760941338,52.25151725805517,52.25151725805517,52.25151725805517,49.45026162541086,52.25151725805517,52.25151725805517,52.25151725805517,37.02236230816294,52.25151725805517,52.25151725805517,54.86652097621243,52.25151725805517,52.25151725805517,52.25151725805517,51.42579792353325,44.90399912815991,36.50660630211749,46.1102521552678,52.25151725805517,9.85555781581875e-309,52.25151725805517,36.40941623441772,34.98980580951421,52.25151725805517
dysplasia_FA_HN11A_4_tumorales.csv,41.508250172038146,41.508250172038146,inf,41.508250172038146,41.508250172038146,41.508250172038146,52.559951635901285,58.98817279690604,42.20617667648621,35.96175963953914,51.57678671428383,41.508250172038146,33.22615387500812,65.39038576746387,61.249342407858805,41.508250172038146,41.508250172038146,41.508250172038146,41.508250172038146,inf,41.508250172038146,41.508250172038146,41.508250172038146,37.536980849169026,41.508250172038146,40.99917559763034,26.84144374024764,41.508250172038146,60.662395226503335,41.508250172038146,37.536980849169026,36.504292371551685,41.508250172038146,41.508250172038146,41.508250172038146,41.508250172038146,66.58474353949342,41.508250172038146,52.8982888163539,41.508250172038146,52.25151725805517,1.2204951611853233e-308,57.13891985048973,41.508250172038146,41.508250172038146
stroma_ad_dysplasia_FA_HN14_2_tumorales.csv,57.13891985048973,34.463429383727345,inf,35.047577515728676,36.34763450972517,57.13891985048973,55.51071167569518,27.877989046418975,30.831465242184095,57.13891985048973,36.78058693761993,57.13891985048973,45.52741863961117,65.39038576746387,21.182940060446725,57.13891985048973,35.233968836784555,57.13891985048973,57.13891985048973,inf,32.11525543610722,57.13891985048973,57.13891985048973,57.13891985048973,47.0803894521047,57.13891985048973,57.13891985048973,57.13891985048973,40.08251650122034,57.13891985048973,57.13891985048973,54.86652097621243,57.13891985048973,57.13891985048973,57.13891985048973,49.05592575022709,47.27387130146607,34.13673412881133,56.65705604750161,57.13891985048973,36.40941623441772,57.13891985048973,1.2514467926657126e-308,32.25342941383836,57.13891985048973
dysplasia_FA_HN11A_3_tumorales.csv,36.28922808121527,23.997912271318228,inf,36.224192166661936,30.85960027265243,36.28922808121527,55.51071167569518,38.70644972246396,30.880894927617007,36.28922808121527,46.223448686890336,36.28922808121527,33.877942352344434,65.39038576746387,38.90501329348146,36.28922808121527,43.65126695470177,36.28922808121527,36.28922808121527,inf,22.77593265700655,36.883852489591604,36.28922808121527,36.28922808121527,36.28922808121527,36.28922808121527,32.21012579510172,36.28922808121527,42.981696806668054,36.28922808121527,36.28922808121527,54.86652097621243,36.28922808121527,36.28922808121527,36.28922808121527,36.28922808121527,56.71982542617661,36.69115218453287,53.00718659418726,36.28922808121527,34.98980580951421,41.508250172038146,32.25342941383836,1.5104437620291825e-308,36.28922808121527
stroma_ad_dysplasia_FA_HN11A_3_tumorales.csv,25.323422185926013,44.43288064808446,inf,47.52989185198142,38.26818802503418,0.0,56.82078311049274,60.22549600635911,49.31063325382276,26.719273321475967,64.53940712116119,0.0,45.284368679646846,65.39038576746387,61.249342407858805,1.3203578616136564,46.208948129955985,0.7792709047279587,0.0,inf,32.837731052713664,42.842039319474225,32.72714499848193,36.0784779915825,31.491140916035754,16.951808927528305,24.318253059343107,0.0,60.662395226503335,29.80169958988907,14.110335207937666,54.86652097621243,31.575286921645954,32.17390706714549,0.7336046399177043,33.44506842156693,66.58474353949342,38.539598130152086,53.00718659418726,0.0,52.25151725805517,41.508250172038146,57.13891985048973,36.28922808121527,0.0
