,topology_carcinoma_10_clean.csv,topology_dysplasia_18_clean.csv,topology_ad_carcinoma_2_clean.csv,topology_carcinoma_2_clean.csv,topology_ad_carcinoma_10_clean.csv,topology_ad_carcinoma_9_clean.csv,topology_dysplasia_5_clean.csv,topology_ad_carcinoma_3_clean.csv,topology_dysplasia_14_clean.csv,topology_ad_carcinoma_1_clean.csv,topology_dysplasia_13_clean.csv,topology_ad_dysplasia_7_clean.csv,topology_dysplasia_17_clean.csv,topology_carcinoma_8_clean.csv,topology_dysplasia_10_clean.csv,topology_carcinoma_20_clean.csv,topology_dysplasia_11_clean.csv,topology_ad_carcinoma_8_clean.csv,topology_carcinoma_13_clean.csv,topology_ad_carcinoma_4_clean.csv,topology_carcinoma_9_clean.csv,topology_ad_carcinoma_12_clean.csv,topology_carcinoma_4_clean.csv,topology_ad_carcinoma_15_clean.csv,topology_ad_carcinoma_5_clean.csv,topology_ad_dysplasia_8_clean.csv,topology_dysplasia_7_clean.csv,topology_carcinoma_17_clean.csv,topology_dysplasia_19_clean.csv,topology_carcinoma_5_clean.csv,topology_dysplasia_8_clean.csv,topology_carcinoma_7_clean.csv,topology_carcinoma_19_clean.csv,topology_ad_carcinoma_11_clean.csv,topology_dysplasia_2_clean.csv,topology_carcinoma_18_clean.csv,topology_carcinoma_11_clean.csv,topology_carcinoma_16_clean.csv,topology_dysplasia_12_clean.csv,topology_ad_dysplasia_1_clean.csv,topology_dysplasia_1_clean.csv,topology_ad_dysplasia_3_clean.csv,topology_ad_carcinoma_6_clean.csv,topology_dysplasia_16_clean.csv,topology_dysplasia_15_clean.csv,topology_dysplasia_4_clean.csv,topology_ad_dysplasia_2_clean.csv,topology_ad_carcinoma_7_clean.csv,topology_ad_carcinoma_13_clean.csv,topology_ad_dysplasia_6_clean.csv,topology_ad_dysplasia_9_clean.csv,topology_ad_carcinoma_14_clean.csv,topology_carcinoma_3_clean.csv,topology_carcinoma_6_clean.csv,topology_ad_dysplasia_4_clean.csv,topology_dysplasia_6_clean.csv,topology_ad_dysplasia_10_clean.csv,topology_ad_dysplasia_5_clean.csv,topology_carcinoma_14_clean.csv,topology_carcinoma_12_clean.csv,topology_carcinoma_15_clean.csv,topology_carcinoma_1_clean.csv
topology_carcinoma_10_clean.csv,0.0,1114.5586008208902,7933.849988616226,1006.1132296792396,8250.614865991614,8102.841234187318,1384.7051707929345,8004.346668732033,1586.479469541313,8956.270059424978,1996.7720743313128,10780.708407035028,3236.638242914864,2522.6615877134377,1398.5216337127365,2836.1471070624734,2333.595488525746,10380.409460374633,2333.454590690926,9654.189865925277,1780.0995977222253,6741.893360069162,1156.5305913718432,4121.855430128608,9993.639220092491,10240.187144628724,4079.627359936058,2466.1481781458533,568.3803058050948,1272.95737227738,4116.192508064529,1933.3556757087297,719.9003374082524,4473.179668931031,5253.086563047902,1383.7591034316029,1249.9142853737849,1825.8386242523532,2607.234548788085,5587.564606016162,1364.9717688471383,4962.9739180437555,9678.854386412484,3539.0204340420128,2313.5770264143384,839.2734791660304,5901.518164532024,10196.696525981493,10131.355390791097,3928.0388061051603,8550.007262573987,7880.251330706822,1372.3475194177902,3069.901079613626,6291.47601702186,3560.8445408017615,5044.877236948331,9211.291587783446,4075.4946893064184,3382.66683964348,3136.293839571606,1577.6220979455568
topology_dysplasia_18_clean.csv,1114.5586008208902,0.0,7659.86063275498,695.5399511641747,8071.888442475416,7894.734216856833,1025.31828317718,7813.035403618714,638.0655210971734,8734.234958616784,1938.4380790510145,10662.301429318915,2405.4819812592004,2122.957504331903,1110.818961405955,2327.4949015163456,2080.991522115563,10129.432545418562,1966.666888867928,9519.723471402653,1182.926033482052,6595.381109104201,1114.2955083028817,3802.968396994599,9849.130155548088,10408.355428756608,3379.931716179655,2065.0385113406505,839.6573177152592,906.4038041231486,3670.631459549053,1526.5933141596367,1670.734858623991,4477.373260670436,5166.183556979707,1743.5119866651626,1942.410171588915,1996.9141950262742,3199.0877577917995,5264.4161131937935,504.7249248868157,4729.231730066835,9527.148947973383,3594.601165087385,2066.4747611796106,918.6100770166269,5606.678327728966,9969.986487656246,9986.391540620647,3893.523833267758,8791.520863103377,7681.171603595463,780.4305490805131,2140.74798740819,6078.22487460995,3034.907658923176,4867.054540591833,9005.534984210202,3923.4210365561066,3105.9083659826574,2589.684353209789,1138.825522099023
topology_ad_carcinoma_2_clean.csv,7933.849988616226,7659.86063275498,0.0,7104.231315075209,1057.2055533573478,512.0508457662378,6855.96084695918,565.0459968650543,7129.359436026028,1281.4929246202887,5947.3243339104465,3362.3392515727105,5774.706264956692,5701.425039736613,6894.942800987157,5392.022484550013,5628.02005170834,2493.8943374369615,5728.111970558963,2211.712325162967,6555.734122984043,1585.2940999366417,7975.226149626633,3952.0315059425743,2469.855225246967,6685.986873730612,4956.334605029736,5608.19033975081,7866.720102158665,6779.995489049183,4087.0558827413206,6150.378009843015,7806.260458686159,3555.661425247903,2800.462657095339,9201.599098489818,6887.838013163865,9612.77267444571,5611.047994343779,2406.7611151222063,7842.136057060479,2985.3439921277345,2165.3495756723114,5030.44308488837,5637.309735921109,7126.024432671224,2097.4829628922585,2361.915625172087,2561.9415019180783,4077.5032922660525,5104.532791720601,737.0321097795514,8382.664570754943,6221.920585872695,1675.2317665609678,4722.018057540563,2926.6693863287833,1474.2378893495895,3881.8441086706466,4590.987040052256,5259.6740405590635,6535.064079090795
topology_carcinoma_2_clean.csv,1006.1132296792396,695.5399511641747,7104.231315075209,0.0,7489.749061124977,7321.797993732177,840.6235377465382,7276.6922220671995,736.0307787497904,8158.749270995016,1422.9608188472273,10061.682278759648,2255.2436891969774,1670.2410378138277,927.5830671642061,1872.9436304362496,1497.3676174037364,9563.320671348483,1418.2324257468406,8922.378611647007,1028.5785195700096,6017.36087206851,1537.1616930141456,3302.701497196623,9259.534829520591,9796.443360320198,3137.42746647224,1524.2199486759264,913.6667692590918,384.30272270061585,3171.4872243931545,998.7148963189697,1538.8209815751577,3977.230742910901,4651.799488085668,2147.620188321078,1653.2104456121779,2523.5576401360036,2718.24812214805,4718.244494294929,1099.8105061877138,4183.885802223055,8938.936377110822,2984.8756542031397,1505.713124900337,499.1362720109048,5049.078123410908,9396.641622846677,9391.776385724097,3397.8531088757513,8154.614189980297,7101.195707546097,1418.9392188219751,2102.136729392691,5504.083916804261,2592.158928375728,4341.870585129131,8424.979954017024,3436.14734890238,2536.0087418167536,2201.1793086701427,615.9534701979859
topology_ad_carcinoma_10_clean.csv,8250.614865991614,8071.888442475416,1057.2055533573478,7489.749061124977,0.0,772.9608336071898,7265.444255213044,1370.3576892516385,7564.869861054077,1004.1433444917137,6280.8636740582815,2684.282294342067,6325.1068133549,6159.796790792008,7291.37893130044,5862.809468629114,6000.672443786691,2222.3092531971374,6127.010479677629,1522.240582064538,6996.684293460561,1539.553407491754,8387.394591335606,4430.416231327783,1814.3832244421733,5912.397094723321,5579.804041835468,6053.454746547965,8204.565881688764,7186.782766752659,4598.969239687561,6573.749207927899,8107.61951340474,3876.351753424454,3010.4600985245597,9524.158329596576,7218.795455161976,9985.851372670462,5816.296328304666,2908.3557993948716,8274.572511013059,3359.4120681901873,1489.3463943492404,5106.823666405516,6023.6735478081455,7469.6467263969835,2559.246210001716,2035.7539447445079,1938.5716594192709,4399.799872246493,4526.305436171393,474.6222028104024,8806.711554697757,6758.06074815725,2009.6021757294784,5245.213269017408,3228.1789835281184,1024.7893754249826,4273.587272721167,4978.860525916319,5788.339979359229,6956.234631799952
topology_ad_carcinoma_9_clean.csv,8102.841234187318,7894.734216856833,512.0508457662378,7321.797993732177,772.9608336071898,0.0,7087.320407524788,756.687066101274,7376.652024464708,1293.0610795612115,6119.346609712316,2988.8414227417643,6090.927295009754,5957.357314817995,7113.719259567651,5657.178504571704,5828.783658129258,2302.742005252487,5948.271239885264,1824.7866678904586,6795.858391930682,1449.9625397566992,8210.082777482592,4215.46292820637,2095.162298837233,6407.146089449286,5295.948940498455,5857.508791137754,8047.1469957939335,7011.5818676585595,4381.518094225198,6385.975952436414,7972.824460946041,3711.1158769072076,2867.5823397536533,9378.824348714452,7071.376717909233,9824.98811742507,5709.856926769771,2680.169027550437,8089.654790297398,3177.79415055421,1773.173436631759,5048.33709010768,5853.153887112171,7314.938924551378,2369.3503896411034,2110.5779842627367,2198.115822879621,4234.419956832016,4813.214281979547,534.623517533611,8618.774155224728,6530.434446701928,1826.7687006007093,5016.945340541998,3068.4185559069474,1225.55318102765,4087.7430124389125,4803.958495909829,5564.79404808556,6774.030012827829
topology_dysplasia_5_clean.csv,1384.7051707929345,1025.31828317718,6855.96084695918,840.6235377465382,7265.444255213044,7087.320407524788,0.0,6996.01206135489,806.5775095524511,7929.272415804373,1317.3389285585,9861.188963708197,2000.7304162909736,1315.670146935308,670.7910809370929,1587.1168205449171,1490.4383855814299,9324.156073786342,1173.702914790944,8716.240082742532,840.2213297003299,5794.199728966173,1150.6608262402851,2990.8109802534273,9043.450246759043,10223.742142299174,2718.6142952616283,1496.143867374586,1328.7959388419147,749.9173512899235,2876.6867835769535,1000.285990339853,1578.5516197336508,3622.5002064831647,4345.353450510922,2500.3806168764513,1334.2901088734711,2790.7632576186675,2373.480200820318,4462.897733149467,1091.3573869964928,3922.376956818378,8720.715643722913,3420.2332369477153,1697.208620766566,851.582277682744,4803.787696726635,9165.56384644916,9181.725123081143,3037.3670845195793,8462.968870290088,6879.069970458844,1578.9567623639364,1982.2856573467495,5270.865184910774,2263.8128774808,4056.49547266615,8199.718158162485,3079.2470031068033,2300.3352776275965,1797.5966741487398,937.0662823626568
topology_ad_carcinoma_3_clean.csv,8004.346668732033,7813.035403618714,565.0459968650543,7276.6922220671995,1370.3576892516385,756.687066101274,6996.01206135489,0.0,7296.137367531883,1572.5943687688025,6039.109489916529,3395.024731631475,6011.97919479308,5796.799643409448,6980.980719135017,5592.41197790172,5811.764172728119,2454.42903052728,5923.643572503515,2309.301168082549,6674.823821424809,1698.1719358975856,8116.829464522466,4036.084037459102,2509.033592997232,6995.63939104714,5093.919777125437,5787.6042131231625,7946.2079018229715,6934.753000993773,4357.954475549145,6329.431327756826,7888.33359485818,3594.1789634574257,2904.669557855488,9312.378616051983,6981.544809590202,9710.624706295024,5641.914580488307,2629.766726271206,7972.975241693551,3122.913371456075,2252.957902765115,5239.117390341591,5781.086530329976,7267.578779102669,2425.189563096753,2325.717314153865,2598.867051438975,4117.521893517206,5193.0862193189705,1152.5130419158254,8494.016635395143,6463.817789037889,1875.2008663313225,4975.357883601507,3045.11887917822,1571.6784306820061,3972.4224343183405,4770.523844490669,5432.001045368642,6706.458878754258
topology_dysplasia_14_clean.csv,1586.479469541313,638.0655210971734,7129.359436026028,736.0307787497904,7564.869861054077,7376.652024464708,806.5775095524511,7296.137367531883,0.0,8204.237580314195,1669.6410656247226,10172.00512943547,1805.8819526338061,1596.2714736951345,898.364001331304,1759.691694760938,1628.68153513579,9590.070052110472,1476.5087314001905,9015.173774814442,750.4596167209229,6114.4132211466995,1295.4704691271163,3293.1110194823877,9352.946476979745,10283.126535947085,2783.117273919366,1531.4074430356843,1367.4619829908813,735.7302086716239,3094.251882631705,1046.6863040993037,2049.9223032847417,4066.6894531719736,4792.63574020478,2363.5147822902045,2070.0085410825045,2578.650207474259,3125.546447088671,4735.265328750321,746.6910609775667,4243.731909004767,9027.142827617474,3475.0278888199455,1617.6898271059933,1133.8390408511102,5063.945232331292,9437.996324898331,9476.521954019896,3497.7669069554013,8590.185178616417,7169.286609657932,1299.9045877547471,1555.9663243380194,5566.682532055244,2452.0431869933677,4415.077870828393,8478.777258931312,3503.917288319383,2627.096733456574,2006.5349991670262,793.8192860787875
topology_ad_carcinoma_1_clean.csv,8956.270059424978,8734.234958616784,1281.4929246202887,8158.749270995016,1004.1433444917137,1293.0610795612115,7929.272415804373,1572.5943687688025,8204.237580314195,0.0,6973.194491064736,2175.2699697907174,6928.098499926791,6800.157101439704,7960.790497065743,6490.5696384037765,6666.60705752911,1430.162646778525,6780.826481235172,1088.5362759514878,7641.9555807084735,2383.646094362224,9040.516874158264,5058.985455830804,1296.1418093230295,6045.577006114452,6146.396966564729,6690.7947325466175,8900.598918311978,7841.391508259981,5199.458668083976,7223.068774511068,8823.5588372491,4565.642966458785,3737.648568478956,10229.625698928365,7918.11943814079,10668.58860420156,6574.24943319719,3516.844620672315,8928.593666923438,4024.603717668771,1048.176171207668,5924.833273971685,6692.516656421456,8164.3507035533885,3166.6784577635017,1244.941234456273,1363.580816921322,5087.341527544309,4849.73589587317,1189.0834894931147,9465.243517377074,7365.755777547229,2670.0462575769193,5846.377283615279,3923.123244011368,357.16230319049316,4937.147212071243,5641.999431742457,6402.050699867302,7603.541540343217
topology_dysplasia_13_clean.csv,1996.7720743313128,1938.4380790510145,5947.3243339104465,1422.9608188472273,6280.8636740582815,6119.346609712316,1317.3389285585,6039.109489916529,1669.6410656247226,6973.194491064736,0.0,8843.863494566782,2197.2660690748994,1070.3369836074098,1196.7805692273846,1332.102971332201,531.5135734116576,8394.005902861554,682.0965449323576,7708.774735389899,1186.6837789414328,4781.765114173583,2263.9997701194334,2242.1893618873446,8043.098310391875,9032.01606623708,2604.590900309293,1085.2467738857665,1949.7995209767892,1167.7988732697977,2286.260269896362,924.9076977760275,2079.127691576102,2597.109221693661,3324.8458218340893,3289.626483695306,1485.5182563417106,3724.020784397385,1664.4986957362746,3623.870357140725,2164.7465201730047,2977.231256190502,7722.053322259308,2258.201436822174,758.7452816690609,1281.9711420633666,3917.0405885320934,8212.675818655764,8180.191662255361,2010.3417654462337,7238.1521896302465,5903.8634668154045,2622.7410361886737,2304.5323113529153,4309.5335240938075,2001.3344529413098,3076.227226493685,7233.264046744814,2149.041743348474,1415.1030908270984,1557.2256365582787,1171.277784535158
topology_ad_dysplasia_7_clean.csv,10780.708407035028,10662.301429318915,3362.3392515727105,10061.682278759648,2684.282294342067,2988.8414227417643,9861.188963708197,3395.024731631475,10172.00512943547,2175.2699697907174,8843.863494566782,0.0,8995.10851718807,8786.836341468997,9882.876788206831,8498.265396489245,8590.30973352801,1356.4634867659831,8727.809335507782,1190.5754024459368,9613.590399680099,4083.814922603439,10973.74974709971,7084.783422011265,908.4951216167957,5425.1839094044135,8259.903110281866,8675.864145876109,10748.701131000114,9775.451833686264,7264.162511099987,9181.234986499016,10620.843357445545,6469.591597295618,5567.720440387848,12051.328215895142,9751.07195088093,12539.906181360107,8291.364522598777,5585.002982390803,10879.408396661607,5971.340796475053,1223.905915671754,7503.603133276129,8619.326863647533,10019.764467066427,5221.359494890375,1454.3937428916245,879.8114346351815,6989.959061897898,4687.255156022967,3076.8458059693603,11403.540806489671,9420.006419873216,4657.070250587988,7910.026850115171,5830.632685278418,1949.9701866016742,6881.317400257864,7576.53202609596,8442.72445843795,9556.942821311624
topology_dysplasia_17_clean.csv,3236.638242914864,2405.4819812592004,5774.706264956692,2255.2436891969774,6325.1068133549,6090.927295009754,2000.7304162909736,6011.97919479308,1805.8819526338061,6928.098499926791,2197.2660690748994,8995.10851718807,0.0,1395.9564827709762,1952.9361162592015,1071.3693517295744,1772.0760148396923,8230.03685300388,1655.1313507259763,7834.286531490085,1480.1106704543906,5079.415145560866,2468.792516290937,2295.5320873551173,8133.884463086122,9863.797548138018,1259.11952019415,1150.8133506880858,3078.1856991070904,2035.8300992136155,1755.8336141460513,1545.0242248373381,3562.657910291342,3437.3622074006257,4414.996857026669,4140.6435512993985,3088.1779856945554,4215.711877273267,3691.5450535420005,3480.4570006274635,2403.407272214676,3348.4525516136246,7800.4214556529905,3135.0910759501066,1617.6455652610982,2598.4965909282987,3794.782002352729,8103.610442593074,8251.5153497279,3056.9307590047706,8190.518712314705,5957.691822442674,2948.4923507408635,489.04451852984755,4408.141448886353,1130.5655959106289,3603.807204728166,7193.377797417695,3024.8106320918523,2544.859163033311,1225.402471765203,1751.4410529462405
topology_carcinoma_8_clean.csv,2522.6615877134377,2122.957504331903,5701.425039736613,1670.2410378138277,6159.796790792008,5957.357314817995,1315.670146935308,5796.799643409448,1596.2714736951345,6800.157101439704,1070.3369836074098,8786.836341468997,1395.9564827709762,0.0,1302.881914718242,603.4063543277272,825.4958714548222,8177.443205625657,669.1793487236838,7632.374728465673,1004.1442306600178,4723.281338513394,2427.849996067011,1796.053981490234,7954.925903876065,9513.689250305386,1827.1284457544434,566.7651531303942,2460.6917901889783,1335.327797635819,1740.3251339478152,753.8411343334675,2601.638431490513,2670.4686344680667,3573.695221331259,3731.1894104810476,1857.5210963974314,4067.81673027419,2437.078912073393,3334.0537819394726,2271.5500653003514,2861.0460493363976,7624.443641081537,2704.5769432211923,842.1774286517981,1778.4283590567861,3654.0600080238446,8025.511659138688,8087.85883592334,2114.0551716433542,7708.76334532863,5761.10133946579,2808.5134492377188,1530.3920866733981,4161.021110001293,1228.3487883562275,3030.024584639224,7073.261518444215,2168.0649427244084,1580.017944865271,802.5761493424437,1110.1580725025203
topology_dysplasia_10_clean.csv,1398.5216337127365,1110.818961405955,6894.942800987157,927.5830671642061,7291.37893130044,7113.719259567651,670.7910809370929,6980.980719135017,898.364001331304,7960.790497065743,1196.7805692273846,9882.876788206831,1952.9361162592015,1302.881914718242,0.0,1635.9277189393833,1385.468430382085,9362.775884116727,1214.9134397662874,8738.525640615619,582.8161064758558,5809.716920669169,1493.7890521728045,2987.8345264870895,9067.295090707768,10027.556609007452,2778.8071241074176,1322.1858402158662,1367.381210549837,780.1882524105325,2960.9589549714383,833.8800997367803,1778.4496200417843,3530.288545281887,4334.735992381521,2519.854481219092,1539.52490021809,2804.4719109246134,2383.027491945638,4505.719079187065,1262.1964063120079,3941.2227918137164,8744.650956379925,3222.0115066281896,1335.0550016063914,1022.3295213281193,4846.06398803967,9199.304708800502,9205.66093863376,2955.6079831343322,8272.57192388987,6902.489018823157,1669.9743200982766,1878.1056820322713,5300.670383110374,2344.2934816886373,4074.5152968411653,8229.405920131163,3048.2224196664347,2333.881643147211,1912.2594027667033,778.4884459207642
topology_carcinoma_20_clean.csv,2836.1471070624734,2327.4949015163456,5392.022484550013,1872.9436304362496,5862.809468629114,5657.178504571704,1587.1168205449171,5592.41197790172,1759.691694760938,6490.5696384037765,1332.102971332201,8498.265396489245,1071.3693517295744,603.4063543277272,1635.9277189393833,0.0,940.0739791098398,7859.1588398513695,765.1911766532097,7341.910763334047,1249.9552682495003,4480.344536558045,2627.781698884265,1613.1412477135925,7665.601042660652,9255.708958047342,1427.3557389196728,452.6640317840326,2773.124445597302,1581.66381319808,1355.456998489696,927.7557959558254,2954.3379658217536,2579.8491421951617,3473.077440192713,3994.5009855426792,2261.0354957714085,4306.008939438695,2705.1809648491917,3007.3667247484523,2481.70054414516,2626.406907747189,7333.572603025561,2452.88212034346,731.6198118638184,2036.0531814797434,3337.848676514091,7715.5394530858575,7790.782238204496,2088.626916477982,7539.558148796454,5470.960048622286,3033.6720640233184,1305.4382400095744,3868.3883197011783,796.5436828181963,2826.570166798709,6765.303606325938,2084.017567203716,1521.9340374629842,651.4682424395875,1292.8722641526756
topology_dysplasia_11_clean.csv,2333.595488525746,2080.991522115563,5628.02005170834,1497.3676174037364,6000.672443786691,5828.783658129258,1490.4383855814299,5811.764172728119,1628.68153513579,6666.60705752911,531.5135734116576,8590.30973352801,1772.0760148396923,825.4958714548222,1385.468430382085,940.0739791098398,0.0,8074.283473764387,585.9723795283726,7445.094419487764,1222.0364583810226,4556.148796392382,2465.071463244586,2039.8587669693566,7778.6395030142,8847.82335968519,2300.2492651129937,674.4681761460681,2259.3504396146113,1196.5298636961943,1927.8713544719499,695.2949980811543,2382.1464470540986,2597.3028814628638,3413.368807248699,3592.426312043033,1887.5641715229153,4006.722947718931,2122.1750180831327,3289.456839937793,2301.6062119193653,2713.6708564733844,7456.48960745481,2053.9745765802677,414.31786151167194,1514.6135631101592,3572.708554146344,7906.977461887638,7911.511613228889,2080.882439075826,7130.010704670021,5616.907242233721,2818.4561045006276,1868.774182639368,4015.711985028095,1632.061766805707,2895.2072249148746,6933.514900238963,2186.64987748068,1425.2006384348283,1257.2657150018076,992.3025521613911
topology_ad_carcinoma_8_clean.csv,10380.409460374633,10129.432545418562,2493.8943374369615,9563.320671348483,2222.3092531971374,2302.742005252487,9324.156073786342,2454.42903052728,9590.070052110472,1430.162646778525,8394.005902861554,1356.4634867659831,8230.03685300388,8177.443205625657,9362.775884116727,7859.1588398513695,8074.283473764387,0.0,8174.553576852543,1253.4591952594153,9027.743271573469,3713.219236777165,10435.550996282469,6429.021058818001,1128.058911174211,6452.7776729671305,7418.753195046142,8073.0113904378595,10319.125835153181,9239.426038983716,6534.872108984691,8610.496902765175,10249.100367051573,5989.888146659962,5146.100550063262,11652.307895946593,9338.110838001843,12078.021954672879,7996.605102036519,4879.8410150824975,10316.797883674428,5431.003421178732,1269.394742297617,7319.597838121046,8097.588427832696,9581.227427569978,4527.9027682117385,324.1621531340268,960.9108935818864,6509.928551609016,5553.745898900493,2535.3392437476764,10856.703393811556,8677.267025919467,4092.4770637597426,7183.592644384873,5343.004195841182,1240.1981182141856,6341.104515336706,7044.210236906399,7748.7577803422755,8996.831467969072
topology_carcinoma_13_clean.csv,2333.454590690926,1966.666888867928,5728.111970558963,1418.2324257468406,6127.010479677629,5948.271239885264,1173.702914790944,5923.643572503515,1476.5087314001905,6780.826481235172,682.0965449323576,8727.809335507782,1655.1313507259763,669.1793487236838,1214.9134397662874,765.1911766532097,585.9723795283726,8174.553576852543,0.0,7576.852060385159,998.4982584537585,4708.172012407442,2274.5654346146707,1956.2299966659484,7911.1165047067825,9246.009957422317,2128.890768059335,617.3992549491803,2266.683576188961,1111.6201454548793,1820.6591994393343,560.6125402545822,2300.434708651613,2674.2867363278074,3405.9896890509563,3547.9602304149885,1599.2592098161613,3921.16490318359,2114.329559809427,3350.4159801949954,2166.146749474885,2847.0312981289726,7586.36682319497,2476.596511101388,695.1637180493751,1507.630287847156,3656.1217296095633,8015.6020099776,8040.045335905568,2116.770242050892,7539.184896107494,5744.853668837366,2694.2541064423604,1781.9499729361078,4148.949462655293,1471.9028620852869,3020.3808730339747,7050.366228020202,2119.337241731481,1228.9244830918628,1072.3170483844012,922.5145268915717
topology_ad_carcinoma_4_clean.csv,9654.189865925277,9519.723471402653,2211.712325162967,8922.378611647007,1522.240582064538,1824.7866678904586,8716.240082742532,2309.301168082549,9015.173774814442,1088.5362759514878,7708.774735389899,1190.5754024459368,7834.286531490085,7632.374728465673,8738.525640615619,7341.910763334047,7445.094419487764,1253.4591952594153,7576.852060385159,0.0,8462.11996484232,2937.1430188064746,9823.957315960755,5925.1486732136045,416.25055666339415,5520.467404614438,7090.990919907306,7520.446454680579,9619.323695844754,8626.422462692393,6093.15456820378,8033.69277565352,9500.03690005058,5321.628324995006,4431.051216700361,10924.81666660808,8624.120821674,11408.566004560458,7180.508618892766,4421.837483655116,9732.49609775733,4818.4207624505825,278.96831752651053,6412.787378917261,7473.57285453538,8886.706335066072,4052.827227590432,1156.5927656006772,526.5604923884572,5843.251919958121,4408.976099810154,1910.7917664018232,10258.876056282521,8260.453345897275,3498.2573365769945,6746.899048945657,4680.864226824062,871.2632412668879,5730.310208181574,6428.904701304032,7284.52278533243,8404.546260549152
topology_carcinoma_9_clean.csv,1780.0995977222253,1182.926033482052,6555.734122984043,1028.5785195700096,6996.684293460561,6795.858391930682,840.2213297003299,6674.823821424809,750.4596167209229,7641.9555807084735,1186.6837789414328,9613.590399680099,1480.1106704543906,1004.1442306600178,582.8161064758558,1249.9552682495003,1222.0364583810226,9027.743271573469,998.4982584537585,8462.11996484232,0.0,5542.5497170527815,1649.5307259277135,2667.8667584323243,8786.722223782235,9924.64851229149,2362.3799183577435,966.550264861643,1625.5206184853469,797.7380643525267,2584.18292275086,678.5274915877651,2150.0964764171945,3359.8915799553934,4117.569470445564,2774.9087140023694,1899.1012945475084,3089.689356367577,2689.8520345594034,4161.110321190893,1325.1757417486024,3657.2376450358847,8458.207316840862,3107.0067801956834,1142.7330645734883,1282.7080105758369,4503.0938062191935,8872.510360880451,8920.885794511129,2776.7027773770824,8170.883888205666,6598.917334359969,1842.3187918674244,1376.8087252721018,4993.89933176822,1955.9490363709983,3792.5584475530686,7916.3091317490735,2801.2783887248447,2141.840793007287,1524.4621097229385,690.7710131902165
topology_ad_carcinoma_12_clean.csv,6741.893360069162,6595.381109104201,1585.2940999366417,6017.36087206851,1539.553407491754,1449.9625397566992,5794.199728966173,1698.1719358975856,6114.4132211466995,2383.646094362224,4781.765114173583,4083.814922603439,5079.415145560866,4723.281338513394,5809.716920669169,4480.344536558045,4556.148796392382,3713.219236777165,4708.172012407442,2937.1430188064746,5542.5497170527815,0.0,6916.388384307481,3034.710554931391,3268.9549191043925,6656.7563496238945,4305.225365020137,4631.352491822824,6704.429409705211,5712.322503539932,3422.213146492751,5140.636770555264,6599.417187928752,2396.0148526710345,1550.7340955982343,8017.416479373799,5710.908442795211,8484.942336318152,4313.279194669099,1908.550049808869,6809.306031737256,1911.8792643808388,2951.127430744814,3698.442505786339,4555.272917861943,5971.851372910321,1521.0120089523957,3519.0928015040586,3407.355100057354,2913.2411778620817,4895.631972745495,1252.6626228797486,7334.239424502898,5490.316568574051,780.7430573154434,3994.8343641660804,1765.3414089677606,2511.678755788172,2806.9563130051747,3536.3838307433425,4405.040350059477,5502.69292929165
topology_carcinoma_4_clean.csv,1156.5305913718432,1114.2955083028817,7975.226149626633,1537.1616930141456,8387.394591335606,8210.082777482592,1150.6608262402851,8116.829464522466,1295.4704691271163,9040.516874158264,2263.9997701194334,10973.74974709971,2468.792516290937,2427.849996067011,1493.7890521728045,2627.781698884265,2465.071463244586,10435.550996282469,2274.5654346146707,9823.957315960755,1649.5307259277135,6916.388384307481,0.0,4107.2595125696225,10163.81993598593,11140.94953640582,3485.8638576469375,2394.0931106365983,1336.6268313249288,1632.4650640477992,3961.666521773603,1889.5289540979707,1400.1897568636111,4716.6991073408135,5423.094034766481,1739.5859842892507,1664.3747212273124,1782.598538418838,3151.2111479355635,5584.817812752826,904.6052025691203,5044.996130786777,9842.132352825485,4369.905697801684,2582.198287550101,1579.9778217640933,5911.096655563406,10276.580685752346,10290.895541201731,4136.054383796059,9403.07715921054,7992.545856488488,1043.0345113216958,2288.337953132188,6394.215474184461,3310.0916724281956,5178.782509558703,9310.739860252474,4181.946443882459,3412.822823654175,2825.635467564245,1810.3108449060976
topology_ad_carcinoma_15_clean.csv,4121.855430128608,3802.968396994599,3952.0315059425743,3302.701497196623,4430.416231327783,4215.46292820637,2990.8109802534273,4036.084037459102,3293.1110194823877,5058.985455830804,2242.1893618873446,7084.783422011265,2295.5320873551173,1796.053981490234,2987.8345264870895,1613.1412477135925,2039.8587669693566,6429.021058818001,1956.2299966659484,5925.1486732136045,2667.8667584323243,3034.710554931391,4107.2595125696225,0.0,6236.7831301765655,8526.992158026029,1551.0016138322771,1831.15673203986,4054.4265756908435,2956.7112047027163,939.2571073366348,2341.588757604567,4055.1848538085696,1247.4631136676182,2334.4068830223496,5361.805234414052,3127.6147304343494,5729.372284691588,2684.2538774947843,1595.3013254439747,3963.5141216468523,1212.5978940629277,5901.7911742086635,2435.7863067351295,1937.8897121358223,3346.2011400033857,1904.6777391752298,6280.717111848705,6364.508262708631,1167.9621410891891,6723.324401584498,4030.881986071336,4484.152410479964,2678.70824649844,2437.6290949794325,1298.6360696098568,1413.0206181207295,5332.855409268942,929.9406675355149,1268.6390015243073,1567.4737143078396,2732.7161986198525
topology_ad_carcinoma_5_clean.csv,9993.639220092491,9849.130155548088,2469.855225246967,9259.534829520591,1814.3832244421733,2095.162298837233,9043.450246759043,2509.033592997232,9352.946476979745,1296.1418093230295,8043.098310391875,908.4951216167957,8133.884463086122,7954.925903876065,9067.295090707768,7665.601042660652,7778.6395030142,1128.058911174211,7911.1165047067825,416.25055666339415,8786.722223782235,3268.9549191043925,10163.81993598593,6236.7831301765655,0.0,5540.1865722167495,7377.706322832706,7849.371480324581,9958.46288101372,8964.498039203334,6408.880829180118,8362.27673147489,9841.68260997618,5648.312833174126,4765.77964850786,11264.977017152145,8966.094742223388,11746.5898352912,7522.6467266864,4717.089776242015,10059.978220596931,5143.879687663983,360.59310566481855,6752.839313866498,7803.10851589023,9222.644431840505,4369.821673056487,1059.62739557014,420.2113440308652,6170.503650675755,4541.796803853071,2222.301517739709,10587.542934032099,8568.118592991008,3811.993129179379,7055.093457374279,5007.730126915591,1105.3068755779987,6056.115099520689,6760.3814137889485,7597.708051046477,8740.710358871705
topology_ad_dysplasia_8_clean.csv,10240.187144628724,10408.355428756608,6685.986873730612,9796.443360320198,5912.397094723321,6407.146089449286,10223.742142299174,6995.63939104714,10283.126535947085,6045.577006114452,9032.01606623708,5425.1839094044135,9863.797548138018,9513.689250305386,10027.556609007452,9255.708958047342,8847.82335968519,6452.7776729671305,9246.009957422317,5520.467404614438,9924.64851229149,6656.7563496238945,11140.94953640582,8526.992158026029,5540.1865722167495,0.0,9851.691610423431,9179.340477017407,10080.09118053955,9700.254816304554,8514.30282280882,9459.029542215076,10297.844412835499,7980.202734240487,7756.892906089311,10965.265926315851,9991.37289605913,11818.550413640329,8830.665713292672,7446.034117873493,10808.458357030382,7566.723953087981,5494.179069915905,6860.592050305843,8859.413675918515,9664.623686663605,7294.361469016342,6433.882658091394,5622.324843191647,8363.119705990917,1872.999445904632,6067.413182092968,11014.138678825555,10068.37765686704,6906.137633219631,9001.380395806744,7713.088306892939,6096.5346106823245,8398.01733187255,8707.651149651243,9700.175830423634,9607.119955975664
topology_dysplasia_7_clean.csv,4079.627359936058,3379.931716179655,4956.334605029736,3137.42746647224,5579.804041835468,5295.948940498455,2718.6142952616283,5093.919777125437,2783.117273919366,6146.396966564729,2604.590900309293,8259.903110281866,1259.11952019415,1827.1284457544434,2778.8071241074176,1427.3557389196728,2300.2492651129937,7418.753195046142,2128.890768059335,7090.990919907306,2362.3799183577435,4305.225365020137,3485.8638576469375,1551.0016138322771,7377.706322832706,9851.691610423431,0.0,1765.1104018171484,3975.156135602975,2846.8182451774496,1413.617383998634,2288.4967282868756,4265.258591482717,2733.3885586564857,3723.4738672145404,5111.274830502538,3493.6066792855745,5236.998112591266,3602.0797516711823,2709.1378766817515,3406.6846388474723,2596.9107227436707,7047.136282971888,3153.549941238875,2081.5558778513223,3361.1021207719086,3082.7198566073453,7300.433689176697,7487.469294624511,2503.932186675763,8087.302860702623,5205.168554168792,3960.934057318599,1683.9221001311755,3675.8283098404713,1051.9885429449034,2818.9365729974324,6411.243598352952,2353.46498882163,2219.5833219325455,1148.6093504107935,2569.258371469449
topology_carcinoma_17_clean.csv,2466.1481781458533,2065.0385113406505,5608.19033975081,1524.2199486759264,6053.454746547965,5857.508791137754,1496.143867374586,5787.6042131231625,1531.4074430356843,6690.7947325466175,1085.2467738857665,8675.864145876109,1150.8133506880858,566.7651531303942,1322.1858402158662,452.6640317840326,674.4681761460681,8073.0113904378595,617.3992549491803,7520.446454680579,966.550264861643,4631.352491822824,2394.0931106365983,1831.15673203986,7849.371480324581,9179.340477017407,1765.1104018171484,0.0,2404.5255281448826,1216.4673537916635,1666.640483612139,590.718636221983,2615.5164920958173,2739.879837332077,3636.894812000074,3659.7588382019712,2072.279116442489,4032.6109768156753,2654.025687295341,3219.001561458138,2249.6560650675,2776.376911479614,7520.891040829989,2369.6464217316484,542.4194022291389,1669.9012470847167,3547.6614613188785,7920.499616871533,7976.952789744354,2241.889087400286,7450.967073086703,5657.80951212727,2787.6423560599496,1278.265943190912,4052.5842572766733,1135.8469474044355,2999.3966088382795,6965.78534081807,2253.367242016208,1647.7263191933705,990.6522124880507,944.1774007995854
topology_dysplasia_19_clean.csv,568.3803058050948,839.6573177152592,7866.720102158665,913.6667692590918,8204.565881688764,8047.1469957939335,1328.7959388419147,7946.2079018229715,1367.4619829908813,8900.598918311978,1949.7995209767892,10748.701131000114,3078.1856991070904,2460.6917901889783,1367.381210549837,2773.124445597302,2259.3504396146113,10319.125835153181,2266.683576188961,9619.323695844754,1625.5206184853469,6704.429409705211,1336.6268313249288,4054.4265756908435,9958.46288101372,10080.09118053955,3975.156135602975,2404.5255281448826,0.0,1207.3640616129476,4049.6100623819307,1868.8424696471789,1131.5783515384474,4483.899108489814,5217.676448916512,1380.3003071958565,1624.7914944638267,1896.9924452512817,2841.4775770369797,5514.731365056279,1071.8068797150902,4896.230254520208,9641.879421875044,3381.3122100555465,2241.023309405058,769.9842540900995,5828.065167449023,10141.12106929373,10094.71315803562,3893.0835281908207,8505.60696637447,7835.60482367563,1105.5196256822232,2880.427767309073,6236.514111111835,3496.032784613814,4995.11084221691,9160.28166783073,4016.446046578594,3308.95562022695,3076.1792489360705,1501.69247533882
topology_carcinoma_5_clean.csv,1272.95737227738,906.4038041231486,6779.995489049183,384.30272270061585,7186.782766752659,7011.5818676585595,749.9173512899235,6934.753000993773,735.7302086716239,7841.391508259981,1167.7988732697977,9775.451833686264,2035.8300992136155,1335.327797635819,780.1882524105325,1581.66381319808,1196.5298636961943,9239.426038983716,1111.6201454548793,8626.422462692393,797.7380643525267,5712.322503539932,1632.4650640477992,2956.7112047027163,8964.498039203334,9700.254816304554,2846.8182451774496,1216.4673537916635,1207.3640616129476,0.0,2868.0265877909496,689.7075788244845,1650.7930056053588,3634.9972467699977,4345.617252394947,2460.4847041420653,1611.52372101679,2847.2320342835237,2596.1310682220997,4397.441263403004,1227.9153873961047,3851.6444241097447,8642.086010336941,2894.336216526318,1183.9299694310685,626.4704677676735,4723.0367151123855,9077.955351070548,9092.501752577862,3075.9670939114453,7987.72116308614,6786.255342446943,1653.5080071553414,1930.6967691804664,5195.319589713044,2301.1167980502455,3996.2861171998175,8112.447248272678,3087.9860218003746,2254.3660801981528,1901.2636290676883,323.63862788884114
topology_dysplasia_8_clean.csv,4116.192508064529,3670.631459549053,4087.0558827413206,3171.4872243931545,4598.969239687561,4381.518094225198,2876.6867835769535,4357.954475549145,3094.251882631705,5199.458668083976,2286.260269896362,7264.162511099987,1755.8336141460513,1740.3251339478152,2960.9589549714383,1355.456998489696,1927.8713544719499,6534.872108984691,1820.6591994393343,6093.15456820378,2584.18292275086,3422.213146492751,3961.666521773603,939.2571073366348,6408.880829180118,8514.30282280882,1413.617383998634,1666.640483612139,4049.6100623819307,2868.0265877909496,0.0,2189.8062734546515,4103.922820685165,2037.094668028866,3148.570925170949,5310.876869745381,3193.253483592802,5652.745697238813,3129.4729789911844,1777.9361803566346,3827.383296830169,1833.6812813838608,6074.740278116369,2439.33686116196,1876.4091831280014,3296.115304096544,2052.1059628390803,6401.00290568234,6518.105695477262,1935.3874572636084,6851.8286808786,4224.652626491354,4383.032086161505,2191.212043849047,2706.208313502679,738.1388012990872,2116.294411152635,5469.048898008516,1807.748547699673,1622.8825871043828,1472.5513012366137,2571.1980949353815
topology_carcinoma_7_clean.csv,1933.3556757087297,1526.5933141596367,6150.378009843015,998.7148963189697,6573.749207927899,6385.975952436414,1000.285990339853,6329.431327756826,1046.6863040993037,7223.068774511068,924.9076977760275,9181.234986499016,1545.0242248373381,753.8411343334675,833.8800997367803,927.7557959558254,695.2949980811543,8610.496902765175,560.6125402545822,8033.69277565352,678.5274915877651,5140.636770555264,1889.5289540979707,2341.588757604567,8362.27673147489,9459.029542215076,2288.4967282868756,590.718636221983,1868.8424696471789,689.7075788244845,2189.8062734546515,0.0,2087.262185038401,3159.839797601773,3924.8808809905395,3129.4903882327285,1696.9733323525106,3499.678142313434,2470.4481826415845,3758.1754669721413,1711.9866625064171,3275.3212022702,8036.3236290559125,2668.746874479556,807.5691496307797,1144.2082811807177,4086.6468837505613,8457.205475085355,8495.100823339792,2623.1109219991567,7737.941057734784,6191.781272188175,2250.421087335262,1592.9562567312132,4583.50482148902,1666.7184359974804,3467.4807740714728,7496.299867777239,2625.2030084474063,1751.1729695432678,1288.0150133177563,419.07200485602084
