,topology_carcinoma_10_clean.csv,topology_dysplasia_18_clean.csv,topology_ad_carcinoma_2_clean.csv,topology_carcinoma_2_clean.csv,topology_ad_carcinoma_10_clean.csv,topology_ad_carcinoma_9_clean.csv,topology_dysplasia_5_clean.csv,topology_ad_carcinoma_3_clean.csv,topology_dysplasia_14_clean.csv,topology_ad_carcinoma_1_clean.csv,topology_dysplasia_13_clean.csv,topology_ad_dysplasia_7_clean.csv,topology_dysplasia_17_clean.csv,topology_carcinoma_8_clean.csv,topology_dysplasia_10_clean.csv,topology_carcinoma_20_clean.csv,topology_dysplasia_11_clean.csv,topology_ad_carcinoma_8_clean.csv,topology_carcinoma_13_clean.csv,topology_ad_carcinoma_4_clean.csv,topology_carcinoma_9_clean.csv,topology_ad_carcinoma_12_clean.csv,topology_carcinoma_4_clean.csv,topology_ad_carcinoma_15_clean.csv,topology_ad_carcinoma_5_clean.csv,topology_ad_dysplasia_8_clean.csv,topology_dysplasia_7_clean.csv,topology_carcinoma_17_clean.csv,topology_dysplasia_19_clean.csv,topology_carcinoma_5_clean.csv,topology_dysplasia_8_clean.csv,topology_carcinoma_7_clean.csv,topology_carcinoma_19_clean.csv,topology_ad_carcinoma_11_clean.csv,topology_dysplasia_2_clean.csv,topology_carcinoma_18_clean.csv,topology_carcinoma_11_clean.csv,topology_carcinoma_16_clean.csv,topology_dysplasia_12_clean.csv,topology_ad_dysplasia_1_clean.csv,topology_dysplasia_1_clean.csv,topology_ad_dysplasia_3_clean.csv,topology_ad_carcinoma_6_clean.csv,topology_dysplasia_16_clean.csv,topology_dysplasia_15_clean.csv,topology_dysplasia_4_clean.csv,topology_ad_dysplasia_2_clean.csv,topology_ad_carcinoma_7_clean.csv,topology_ad_carcinoma_13_clean.csv,topology_ad_dysplasia_6_clean.csv,topology_ad_dysplasia_9_clean.csv,topology_ad_carcinoma_14_clean.csv,topology_carcinoma_3_clean.csv,topology_carcinoma_6_clean.csv,topology_ad_dysplasia_4_clean.csv,topology_dysplasia_6_clean.csv,topology_ad_dysplasia_10_clean.csv,topology_ad_dysplasia_5_clean.csv,topology_carcinoma_14_clean.csv,topology_carcinoma_12_clean.csv,topology_carcinoma_15_clean.csv,topology_carcinoma_1_clean.csv
topology_carcinoma_10_clean.csv,1.138460662446294e-308,7.965152602482581,9.394480327050093,6.661445495839401,12.886477441959668,9.447938104313938,7.46873569865405,9.561594113584967,10.135218602587742,12.111933800483653,6.957567726937439,15.787940968640704,11.10526479311391,36.774477576679615,35.692353610031134,8.4363452285589,8.135806638234447,18.03390644417135,8.83541574440627,14.313438634205049,7.609758720582988,8.1666810946002,9.537795110944359,19.178713568227924,15.372935874277054,15.744119862016891,8.187605439433343,7.3083094206384445,7.588652213984601,8.816936909998915,11.521053684177515,8.205843743851894,5.599275146908856,6.635423922090979,7.308283853912471,7.095406704206787,6.129103196408335,9.13230592792974,8.418562811371913,7.6932511046546175,8.427768724329804,7.482790168926641,15.054400780940659,10.452838617870082,7.061352531963106,6.779968833231203,10.343089004326727,15.48430557406504,16.226349061229406,16.797658393584463,14.302110491568026,9.580428185601491,8.960934009323555,10.292698797669615,7.6467504957584955,9.270356666429826,5.980674547338314,16.188842751418694,5.876188571544601,7.9227294788028,7.585826487487983,8.64801662402481
topology_dysplasia_18_clean.csv,7.965152602482581,8.25261556174375e-309,8.708778860287298,7.904934609330107,9.003837185702931,8.74392903125986,6.65498482813968,12.367107694835873,7.329705021336835,10.361566738852096,8.455536427526877,12.595538637126026,7.7832936568133935,39.57999115793052,38.49786719128204,5.76450032747503,8.455536427526877,15.228392862920444,7.366372970945174,11.036272398133246,5.834170293093269,8.280059714376694,7.9123839057411915,21.984227149478833,11.343392022868237,15.336997511779478,10.640075569853307,7.372625216064078,10.394165795235509,7.659210097427789,8.715540102926608,7.366372970945174,7.384678736286035,11.897932571031745,7.4153093981475475,7.659210097427789,6.082474893220128,8.202293689607831,11.22407639262282,7.852564984604454,7.544282332870907,8.25854573563243,10.910280994494567,10.904629258738696,8.472190435006762,8.277963231723891,7.659210097427789,11.923449705629203,13.4208354799785,19.60317197483537,13.896131418913924,8.807345337015523,7.802168270259857,8.195213863858147,8.091859899201676,5.804674778177802,7.470019236161125,12.301150483408918,7.138916981064801,7.272128914186732,7.010017862917355,7.470019236161125
topology_ad_carcinoma_2_clean.csv,9.394480327050093,8.708778860287298,6.48821582339844e-309,8.240861088118198,7.351920723092306,7.2138284113060465,8.288936181720873,13.925294403985992,8.191718869295457,6.071509806024061,7.3397273535384775,10.72978614889842,7.237641307133618,41.13817786708064,40.05605390043216,6.205372227996796,6.9747397910564,13.670206153770323,6.863446682482657,8.630431059219239,7.445363900573373,5.8220308728227135,9.482694454959276,23.542413858628954,9.865591202832633,10.991919976574305,9.150731771928205,6.779991063791019,11.95235250438563,7.976866308802278,7.157353393776489,7.394158620267226,10.04159010419946,13.573691417401427,6.783809736059052,10.33237692397744,9.605049931409013,10.717854383153366,12.78226310177294,5.776311294298426,8.836149570236906,6.762932941516745,9.87568537737566,7.324656011700842,6.480556479291031,8.490517414428043,5.744879029818721,10.093512901297963,11.862648770828379,21.16135868398549,13.260602272066896,5.937366503882414,9.286791841987068,7.639063676756258,5.879531259755111,5.6286814340537,6.077551031635856,10.742963774258797,7.45198963412561,6.89942121797591,6.620225936750614,7.719665623397474
topology_carcinoma_2_clean.csv,6.661445495839401,7.904934609330107,8.240861088118198,8.464585873104045e-309,8.597291001638357,8.707028782100231,7.459132723948425,15.418494774780179,7.977756779279084,10.138048360340306,7.60231245785063,12.347484928845596,8.431015549655658,42.63137823787483,41.54925427122635,7.196367730036327,7.276962627347942,12.177005782976137,6.258165829560676,10.638389537009822,7.6377499518503384,7.501684581275565,8.545771230202854,25.035614229423135,10.922530050615453,15.220988214814358,11.42668080255146,6.056860943907089,13.445552875179814,6.109732141377053,6.70145341423205,6.37784606039531,7.414560421893725,12.684537803729896,6.708741065435742,6.980802238874938,6.011023073350847,9.101842325538513,14.275463472567125,5.998916600108235,8.403926777317398,8.25613331231093,10.55538066878695,10.38378439917884,7.332538055795683,7.115993929506098,5.862647991847708,11.428260970138371,11.493420397279237,22.654559054779675,14.753802642861082,8.550142000019223,10.391076829833452,8.858040497775294,6.732686016530183,7.126673690940967,5.5823206558267024,11.113469851806789,8.904196097221728,5.8597801246248,7.56206276030546,6.424494330416877
topology_ad_carcinoma_10_clean.csv,12.886477441959668,9.003837185702931,7.351920723092306,8.597291001638357,1.5239066566988674e-308,5.5094184944567814,9.22672591577907,16.419686568372228,8.668079171443292,8.29965630867521,11.551192427545821,4.968241644688753,8.806921423102427,38.9100313644295,37.82790739778102,7.639696390997445,7.330626920645474,15.898352656421473,7.374395942987788,10.386991558752568,9.301983856539437,8.944057962417887,9.970235902137814,21.3142673559778,4.345154485147308,10.838817156151732,14.912276276137874,7.3493279805731575,12.187101573022764,8.33450875055897,9.385499896427637,7.704619109068453,11.938893793144315,18.696914886923246,9.183459168184907,10.986425458655322,11.10961744974695,11.304745792804908,15.346688039941611,6.830848795036616,10.449260983272787,7.802160735325522,3.9648152266509684,8.638974963646156,8.622160677666868,8.807277935846056,7.7869015611808265,7.144265660684283,14.090795273479527,20.80334253824062,15.107164007420955,7.874817185068451,10.03023747218861,9.33644333831857,7.123086046752789,7.67051961360655,8.805080317374154,12.971110276909945,10.863297103811313,7.515023492298105,9.165041912040634,8.31157787241655
topology_ad_carcinoma_9_clean.csv,9.447938104313938,8.74392903125986,7.2138284113060465,8.707028782100231,5.5094184944567814,2.1002823459247236e-308,8.520063506291134,15.050819833481732,12.985346723492759,13.285338217330105,9.484932097184824,7.372078472470868,7.741007187404158,33.9243494557746,32.84222548912612,7.948330472779745,8.449676086582237,20.884034565076366,10.160702369106033,15.372673467407466,8.087370044840581,5.52935321689533,12.387923231849378,16.328585447322904,6.480168428413947,10.886778941509164,13.69766246443902,8.52842956738383,9.199188305783665,11.667065030903935,14.371181805082536,7.41780061917536,10.287210233345798,14.955519465617456,6.808158186074259,10.527440106906322,9.904172785120107,10.912300100896521,12.736422796418104,5.282963148865795,8.94306172061387,5.407297517304639,5.692171772576998,7.424361151947302,6.699964693224619,8.571744725346559,12.772583469835721,12.12994756933918,19.076477182134425,19.588728726541767,13.095742990173859,10.546117478300694,9.467891607065631,8.060463380446379,5.7404190089730625,9.41760504573481,7.590466505675302,17.95679218556484,6.993228515490798,8.327595712354501,6.847573649106879,11.49814474492983
topology_dysplasia_5_clean.csv,7.46873569865405,6.65498482813968,8.288936181720873,7.459132723948425,9.22672591577907,8.520063506291134,4.833736864799516e-309,11.34547697605442,8.351335740118287,10.964775521115477,7.792490644460267,14.194967560467823,7.4542751616257945,38.55836043914907,37.47623647250059,6.608041301650429,7.792490644460268,16.400931867281827,8.177127389407275,12.095612470788645,6.307451661312805,7.5313220084643895,7.753912248474904,20.96259643069738,13.090892562789946,15.019652054360531,7.525081067386976,7.117082275213033,9.372535076454055,7.358063291600875,9.737170821708062,7.205165673086199,7.128703323992992,11.889414876765969,6.76589634108371,7.358063291600874,6.730542336996024,7.106430909184192,10.202445673841366,7.438704446706378,6.2815318272389895,7.714658260751096,12.57269066064122,10.035014398905052,7.802652128000544,7.7253079551281,8.738611117521854,13.558694312867367,14.44246619875995,18.581541256053917,13.522648757300626,8.278627226806112,6.318059031107694,9.314905337349805,7.589332663102136,7.681719397983265,7.295208272613657,13.32278120219037,6.811023962337311,7.264441123803806,6.513401001486611,7.295208272613657
topology_ad_carcinoma_3_clean.csv,9.561594113584967,12.367107694835873,13.925294403985992,15.418494774780179,16.419686568372228,15.050819833481732,11.34547697605442,5.63194877894693e-309,19.696812716172705,19.996804210010055,7.816182316929548,21.23367528986934,16.00710732234282,27.212883463094652,26.130759496446174,14.659796465459692,15.161142079262182,27.595500557756317,16.87216836178598,22.08413946008741,10.405881910001995,12.240819209575278,19.099389224529325,9.617119454642959,20.129600292191462,16.193071889460104,10.251933298708423,15.239895560063777,9.116017158876131,18.378531023583882,21.082647797762483,14.243873402487715,11.337628321947768,6.343086738279688,13.39179110776979,10.90727526395537,13.075911853142278,12.800719496959067,9.304970942925287,11.697330827172316,12.544743453046662,12.38463269815555,19.956243310169565,11.758862108702694,13.13562280491793,11.053496184821526,19.48404946251567,20.597402042268882,25.787943174814373,7.236064279999495,9.572150674161058,17.257583470980638,9.066628898671429,16.353613066751322,12.51914327854201,16.129071038414754,12.402906395392883,24.66825817824479,8.747088916011663,15.039061705034447,13.441447393342962,18.20961073760978
topology_dysplasia_14_clean.csv,10.135218602587742,7.329705021336835,8.191718869295457,7.977756779279084,8.668079171443292,12.985346723492759,8.351335740118287,19.696812716172705,6.82693621314841e-309,10.015402207769318,11.88063039924316,12.115348132368034,7.31493471741598,45.741085307427916,45.200023324103675,6.366190659016947,8.36355054146896,11.892353652564601,7.344722269512424,10.289695285162985,11.916067893242866,8.193342609823532,7.607632451282613,29.31393217081567,10.557955397759162,14.90353578492418,12.55998108511568,7.4491705061786995,17.723870816572344,7.844147189296085,7.11285079760868,7.344722269512424,8.547860704457944,13.817838086294117,7.206779907118287,8.789537452217338,7.05497116344916,7.597670991600182,18.55378141395965,8.255645362861008,7.1520692631260445,12.534451253703459,10.25520998645845,10.723874339019186,8.405958268143868,8.643316531351182,7.844147189296084,11.46976867192038,10.961649425087588,26.932876996172205,19.03212058425361,8.290280982047715,14.669394771225981,7.673332877509345,8.199740383911156,5.412344260413846,7.72870550485949,10.392833990260366,13.182514038614256,7.291507515991217,6.698692068119396,7.618224695936295
topology_ad_carcinoma_1_clean.csv,12.111933800483653,10.361566738852096,6.071509806024061,10.138048360340306,8.29965630867521,13.285338217330105,10.964775521115477,19.996804210010055,10.015402207769318,1.009787121786033e-308,12.180621893080506,6.168405936498011,8.480662556522123,45.741085307427916,45.200023324103675,8.190363528764898,8.611930072249526,7.787902995712137,9.305122043414785,5.131817691041036,12.216059387080215,7.755985000434777,11.775136657387987,29.613923664653015,9.268673491819342,14.913112186840905,14.298579231928493,8.11890746148078,18.023862310409687,9.593350625352468,6.78656317678322,9.115054662017469,12.41606387764647,17.251649485635596,10.487048110052072,12.384376979205342,12.48677414337495,13.00608915997531,18.853772907796998,8.555636856698356,10.687469951433112,12.834442747540805,9.79841958853705,8.23794210130736,8.403513227285936,10.811420427140263,5.624200453040089,6.062558100973355,6.676222847880489,27.232868490009547,19.332112078090958,5.0465545078853244,14.969386265063326,8.952811709325623,7.544919208357044,7.178645662230359,9.145167138627102,6.387760870931984,13.482505532451604,9.586287810311969,8.622083455646337,9.194162886019585
topology_dysplasia_13_clean.csv,6.957567726937439,8.455536427526877,7.3397273535384775,7.60231245785063,11.551192427545821,9.484932097184824,7.792490644460267,7.816182316929548,11.88063039924316,12.180621893080506,1.490116579978791e-308,15.667787553572431,9.566185822650636,35.0290657800242,33.946941813375716,8.046491387124618,8.246593343356466,19.77931824082677,9.649947382511883,14.267957143157865,7.997732850527558,6.090283405154562,11.283206907599777,17.43330177157251,14.563712555894554,14.514509699625904,8.373152507155469,7.42371324313423,6.2604840418055945,10.562348706654333,13.266465480832935,8.677985666190807,6.3096820259819655,8.179012539848193,7.171823858627483,8.293013112273615,6.862878593194335,9.556066323589267,6.673151014716495,6.370276960128053,8.80067386499403,5.943711198463369,14.04551065374583,9.360663917382102,5.3194404879883805,5.71743106274652,11.667867145586122,15.031514305971974,17.97176085788482,15.052246596929043,12.970074455630312,9.441401154051093,9.288484282483907,10.787725330454414,6.078221778849829,9.154539391087873,5.444663709016049,16.85207586131524,6.45110916194975,8.737261116908414,7.777305463174202,10.39342842068023
topology_ad_dysplasia_7_clean.csv,15.787940968640704,12.595538637126026,10.72978614889842,12.347484928845596,4.968241644688753,7.372078472470868,14.194967560467823,21.23367528986934,12.115348132368034,6.168405936498011,15.667787553572431,8.30556898287289e-309,10.253991387675049,41.296427928245464,40.21430396159698,10.346189626036349,10.693274501330304,13.511956092605502,11.440340214704579,8.000594994936598,14.270225501228188,11.845521489098921,13.961027129915607,23.700663919793776,4.306243745717836,9.14055890102786,19.880517920826627,10.243174573726844,15.357976953866553,11.82733499020577,8.493688233712348,11.34213410863336,15.868397540168893,21.598378413604276,12.19760547182033,14.537059516560696,14.164282427305302,15.120796923576979,18.91927825280571,10.851030202063164,14.74721134832594,10.148414563587039,3.885159843677812,13.607216608334909,12.348467964963376,12.86094418214903,7.649580039583373,5.469902375661705,11.704398709663558,25.771584182929374,19.278598446561467,10.262817357496749,14.998479116877363,10.359900639667645,10.140903696602898,9.084789345834908,13.773321962062909,10.584713713093974,13.030850717053886,11.779846674120714,12.468133430787105,11.458828216088735
topology_dysplasia_17_clean.csv,11.10526479311391,7.7832936568133935,7.237641307133618,8.431015549655658,8.806921423102427,7.741007187404158,7.4542751616257945,16.00710732234282,7.31493471741598,8.480662556522123,9.566185822650636,10.253991387675049,6.73626197742424e-309,40.69746947764418,39.6153455109957,7.757937656292911,8.735304664677788,14.110914543206789,8.225701075450255,8.929561218455838,7.642406739368642,8.628993479093232,5.614803209979797,23.10170546919249,9.072001579032218,13.891823939741698,11.825030088490271,8.225713464039625,11.511644114949162,8.388857637565778,7.881267030039515,8.225701075450255,8.880961624504323,15.76280783652929,7.923358181582152,8.388857637565778,9.181125896013619,9.149212468314005,13.05795536008272,8.409787531129616,10.331458484993297,8.637968789210575,8.951975661799903,10.367972292860362,8.76027497386541,8.637968789210575,8.388857637565778,8.634261835828614,12.303357160264845,20.720650294549024,13.56385300639301,8.669956953933628,8.85943844432713,5.765195788160562,8.559874273852556,7.416023729731684,8.372972243963105,11.183672163695263,8.108747893514774,8.179847554315497,8.052380567454463,8.305272026007627
topology_carcinoma_8_clean.csv,36.774477576679615,39.57999115793052,41.13817786708064,42.63137823787483,38.9100313644295,33.9243494557746,38.55836043914907,27.212883463094652,45.741085307427916,45.741085307427916,35.0290657800242,41.296427928245464,40.69746947764418,5.54875904648046e-309,16.42022124351151,41.87267992855434,42.37402554235684,45.741085307427916,44.08505182488063,45.741085307427916,34.99362828602449,39.453702672669934,45.741085307427916,17.59576400845169,37.94101418128536,32.2965754862638,34.522751996964374,42.45277902315843,29.18582536269502,45.59141448667854,45.741085307427916,40.81836629842966,38.55051178504242,33.55597020137434,40.60467457086445,38.120158727050026,40.288795316236936,40.01360296005372,28.355914765307705,38.65405081640635,39.75762691614131,34.375244925563905,37.41126808456765,38.97174557179734,40.348506268012585,38.266379647916175,45.741085307427916,45.741085307427916,45.741085307427916,19.97681918309516,27.877575595013752,44.47046693407529,32.240301408041375,41.573878120832475,39.66476846474766,43.341954501509406,39.61578985848753,45.741085307427916,33.727182140653106,42.2519451681291,40.65433085643761,45.422494200704435
topology_dysplasia_10_clean.csv,35.692353610031134,38.49786719128204,40.05605390043216,41.54925427122635,37.82790739778102,32.84222548912612,37.47623647250059,26.130759496446174,45.200023324103675,45.200023324103675,33.946941813375716,40.21430396159698,39.6153455109957,16.42022124351151,2.045762735410112e-308,40.79055596190586,41.29190157570835,45.200023324103675,43.00292785823215,45.200023324103675,33.91150431937601,38.37157870602145,45.200023324103675,16.51364004180321,36.85889021463689,31.21445151961532,33.44062803031589,41.370655056509946,28.103701396046535,44.50929052003005,45.200023324103675,39.73624233178118,37.468387818393936,32.473846234725855,39.522550604215965,37.038034760401544,39.20667134958845,38.931478993405236,27.273790798659228,37.57192684975787,38.67550294949284,33.29312095891542,36.32914411791917,37.88962160514886,39.266382301364104,37.1842556812677,45.200023324103675,44.9721730584653,45.200023324103675,18.894695216446678,26.79545162836527,43.388342967426816,31.158177441392898,40.49175415418399,38.582644498099185,42.259830534860924,38.53366589183905,45.200023324103675,32.64505817400462,41.169821201480616,39.57220688978913,44.34037023405595
topology_carcinoma_20_clean.csv,8.4363452285589,5.76450032747503,6.205372227996796,7.196367730036327,7.639696390997445,7.948330472779745,6.608041301650429,14.659796465459692,6.366190659016947,8.190363528764898,8.046491387124618,10.346189626036349,7.757937656292911,41.87267992855434,40.79055596190586,6.615277765781e-309,7.585895617915259,12.935704092296623,6.745526855049933,8.398876570744038,6.879051642529852,7.323643080480264,7.902422548391588,24.27691592010265,8.74613030911605,13.986231668294119,12.259221754378812,6.755228797334697,12.686854565859326,7.044435279959723,6.422851332302791,6.745526855049933,8.24710137372108,13.51707875555725,6.182816651808315,7.044435279959723,6.512206331458607,8.128119775566597,13.516765163246639,7.185595968315563,7.662538920438287,7.497435002990443,8.447987521723991,9.834942399010993,7.639696390997446,7.515874569552453,7.044435279959723,9.896316456790593,11.128146709354679,21.89586074545919,13.995104333540594,7.515874569552453,9.632378520512965,8.10907302985822,7.422414613361017,5.689298389336165,6.920722404905672,10.281500505841393,8.145497787901242,6.568448247338576,6.982262266850324,6.920722404905672
topology_dysplasia_11_clean.csv,8.135806638234447,8.455536427526877,6.9747397910564,7.276962627347942,7.330626920645474,8.449676086582237,7.792490644460268,15.161142079262182,8.36355054146896,8.611930072249526,8.246593343356466,10.693274501330304,8.735304664677788,42.37402554235684,41.29190157570835,7.585895617915259,1.296241568973622e-308,12.434358478494131,6.923485326441092,9.09257911866774,7.997732850527558,6.167034109533237,8.750644619476844,24.77826153390514,9.36782142159154,14.333868001384538,12.45932371061066,7.148034426185046,13.18820017966182,7.115991994932553,7.139355744794779,7.150403850036154,8.447203329952927,13.717180711789098,5.44326550566961,8.293013112273615,6.862878593194336,9.556066323589267,14.018110777049131,6.370276960128054,8.80067386499403,7.998780616792935,9.037061480610484,9.292005736259071,5.208401396987312,5.717431062746521,5.90067843143255,10.30495321405758,10.626801095552189,22.397206359261677,14.496449947343086,6.990061477420543,10.133724134315457,9.21232479817574,5.413439093799208,7.623459645842338,6.352127751846943,9.987834459960906,8.646843401703734,6.288095797703567,7.777305463174202,7.262864499062874
topology_ad_carcinoma_8_clean.csv,18.03390644417135,15.228392862920444,13.670206153770323,12.177005782976137,15.898352656421473,20.884034565076366,16.400931867281827,27.595500557756317,11.892353652564601,7.787902995712137,19.77931824082677,13.511956092605502,14.110914543206789,45.741085307427916,45.200023324103675,12.935704092296623,12.434358478494131,7.213341581043476e-309,11.143990675921625,5.662952061468557,19.814755734826477,15.354681348181039,13.62645463240142,36.94320330320207,16.8673698395656,22.511808534587168,22.08648222764063,12.355604997692538,25.622558658155953,11.43858215235679,8.14372732990889,13.990017722421314,18.074361846982896,23.344339228819063,14.203709449986526,16.688225293800944,15.726001353441482,15.39223014312519,26.45246925554326,16.15433320444462,16.665985297807353,20.433139095287064,17.39711593628331,15.836638449053623,14.55443227177738,16.542004372934787,8.111451095240646,8.75408699573719,5.616836568141255,34.831564837755806,26.93080842583722,11.8204077454549,22.56808261280959,13.234505900018497,15.143615556103306,11.46642951934156,15.979286268876912,5.40910981299882,21.081201880197863,12.556438852721868,14.154053164413355,11.003944845348924
topology_carcinoma_13_clean.csv,8.83541574440627,7.366372970945174,6.863446682482657,6.258165829560676,7.374395942987788,10.160702369106033,8.177127389407275,16.87216836178598,7.344722269512424,9.305122043414785,9.649947382511883,11.440340214704579,8.225701075450255,44.08505182488063,43.00292785823215,6.745526855049933,6.923485326441092,11.143990675921625,8.092878265393946e-309,9.454894239189194,9.09142353885614,6.441341665882424,8.346187946793101,26.48928781642894,9.742114705442427,14.499128184944503,13.862677749766078,5.1881203767841235,14.899226462185615,6.018556167105029,6.3840322908126215,3.2666855264509778,9.850557369108344,15.120534750944513,5.2559041162500035,6.01855616710503,7.502196875566931,8.711223585605444,15.729137059572926,6.178741005059911,8.442180819932801,9.709806899316732,9.265817211239625,9.56700338318986,6.935956307304606,6.78962832281805,6.018556167105029,10.905929693563742,10.404873145523576,24.108232641785477,16.20747622986688,7.118541617165651,11.844750416839252,8.54007719648134,6.551419146899162,6.6977027898015375,7.755481791002359,9.240226313982813,10.35786968422753,5.11762471593817,7.275245760727259,5.667868311290434
topology_ad_carcinoma_4_clean.csv,14.313438634205049,11.036272398133246,8.630431059219239,10.638389537009822,10.386991558752568,15.372673467407466,12.095612470788645,22.08413946008741,10.289695285162985,5.131817691041036,14.267957143157865,8.000594994936598,8.929561218455838,45.741085307427916,45.200023324103675,8.398876570744038,9.09257911866774,5.662952061468557,9.454894239189194,1.1135045306743153e-308,14.303394637157574,10.113855581306098,11.890622053822987,31.701258914730374,11.356008741896702,17.000447436918265,17.781162831147448,9.072704494905963,20.111197560487046,10.407170828611648,7.156807342500408,9.678088412234416,14.320811430937432,19.88217662111674,11.617978960738874,12.835337192114137,13.22932889571199,13.174107882903044,20.941108157874357,10.642972106775716,12.544446467618597,14.921777997618165,11.88575483861441,11.507861518655728,11.456903656409288,11.030643275265888,6.889701513360897,5.508178657112085,4.053654067514579,29.320203740086907,21.419447328168317,9.162179585804289,17.056721515140687,9.696309603910091,9.632254458434403,7.713545391351978,11.67396687238373,5.026895574525473,15.569840782528964,9.761617581722545,11.30923937831237,9.850674929802999
topology_carcinoma_9_clean.csv,7.609758720582988,5.834170293093269,7.445363900573373,7.6377499518503384,9.301983856539437,8.087370044840581,6.307451661312805,10.405881910001995,11.916067893242866,12.216059387080215,7.997732850527558,14.270225501228188,7.642406739368642,34.99362828602449,33.91150431937601,6.879051642529852,7.997732850527558,19.814755734826477,9.09142353885614,14.303394637157574,2.061264408747476e-308,7.647976323109948,11.318644401599485,17.3978642775728,13.166150503550313,14.562996917875244,7.693400671125545,7.459150737133939,7.805938668402012,10.597786200654042,13.301902974832643,7.2804236138465654,6.912019056702807,10.101630238259972,6.422660448798353,7.198608386414308,6.0983933477542545,7.905886883062774,7.846259892454919,7.437340914793536,7.162408397710262,7.811020723513791,12.647948601401586,10.46827062035688,8.021666207538662,7.842661203083627,11.70330463958583,13.633952253627731,18.007198351884533,15.016809102929336,13.10991992492092,9.476838648050801,7.5897749189518,9.39016327811017,7.751346120939288,8.348326215484917,7.007686768256937,16.88751335531495,6.645056424756032,7.339699064564171,6.847573649106879,10.428865914679939
topology_ad_carcinoma_12_clean.csv,8.1666810946002,8.280059714376694,5.8220308728227135,7.501684581275565,8.944057962417887,5.52935321689533,7.5313220084643895,12.240819209575278,8.193342609823532,7.755985000434777,6.090283405154562,11.845521489098921,8.628993479093232,39.453702672669934,38.37157870602145,7.323643080480264,6.167034109533237,15.354681348181039,6.441341665882424,10.113855581306098,7.647976323109948,1.300775799109922e-308,8.67892425220008,21.85793866421824,11.430516394735271,11.834063567333333,9.142881678878403,6.435591645295046,10.267877309974912,7.183145386455244,8.841828588187205,6.606078962936296,8.496787392066384,12.663958520117305,5.164882154879151,9.703629548870202,7.9285237637356465,10.018983671678358,11.097787907362223,5.755036225076072,8.74329407133908,5.078457747106028,9.857001533357199,6.7972335699297,6.211850373555928,7.6012212161483745,7.243230252940393,11.810069021167259,13.547123965239095,19.476883489574774,11.576127077656182,5.016764261405363,9.38824383324799,9.256633026911562,4.112955259010305,7.200104042765257,4.832661529097667,12.427438968669513,5.907515022672671,6.018207217367671,7.621475735740598,7.099042971168906
topology_carcinoma_4_clean.csv,9.537795110944359,7.9123839057411915,9.482694454959276,8.545771230202854,9.970235902137814,12.387923231849378,7.753912248474904,19.099389224529325,7.607632451282613,11.775136657387987,11.283206907599777,13.961027129915607,5.614803209979797,45.741085307427916,45.200023324103675,7.902422548391588,8.750644619476844,13.62645463240142,8.346187946793101,11.890622053822987,11.318644401599485,8.67892425220008,1.7040770607154774e-308,28.716508679172282,12.430898369764698,15.886174253221329,12.12557463372805,8.349507224188248,17.126447324928957,8.459038769906051,8.061168026192508,8.346187946793101,8.362043900402194,13.383431634906486,8.186450484057861,8.459038769906051,8.085060696948927,6.555974941226104,17.95635792231627,8.540210348014108,7.082449255299142,11.937027762060076,11.777256952948896,10.743654998770943,8.778057191052277,8.678392642892701,8.459038769906053,13.553150237241775,13.09591283714188,26.335453504528818,18.43469709261023,9.594128390471885,14.071971279582598,5.663019221224183,8.657283650721325,7.636046753188253,8.452246224610391,12.327264978968607,12.585090546970875,8.276008025960477,5.657941831186363,8.402969738824654
topology_ad_carcinoma_15_clean.csv,19.178713568227924,21.984227149478833,23.542413858628954,25.035614229423135,21.3142673559778,16.328585447322904,20.96259643069738,9.617119454642959,29.31393217081567,29.613923664653015,17.43330177157251,23.700663919793776,23.10170546919249,17.59576400845169,16.51364004180321,24.27691592010265,24.77826153390514,36.94320330320207,26.48928781642894,31.701258914730374,17.3978642775728,21.85793866421824,28.716508679172282,1.2830282284236564e-308,20.345250172833673,14.70081147781211,16.926987988512675,24.85701501470674,11.590061354243325,27.995650478226842,30.699767252405444,23.222602289977964,20.95474777659073,15.960206192922648,23.00891056241275,20.524394718598327,22.69303130778524,22.41783895160203,10.760150756856014,21.05828680795466,22.161862907689624,16.779480917112206,19.815504076115964,21.37598156334565,22.75274225956089,20.670615639464486,29.101168917158628,28.458533016662084,35.40506262945733,7.3111390174954,11.601683968098843,26.8747029256236,14.644537399589687,23.97811411238078,22.06900445629597,25.746190493057714,22.02002585003584,34.28537763288775,16.13141813220141,24.65618115967741,23.058566847985922,27.82673019225274
topology_ad_carcinoma_5_clean.csv,15.372935874277054,11.343392022868237,9.865591202832633,10.922530050615453,4.345154485147308,6.480168428413947,13.090892562789946,20.129600292191462,10.557955397759162,9.268673491819342,14.563712555894554,4.306243745717836,9.072001579032218,37.94101418128536,36.85889021463689,8.74613030911605,9.36782142159154,16.8673698395656,9.742114705442427,11.356008741896702,13.166150503550313,11.430516394735271,12.430898369764698,20.345250172833673,7.727552640881537e-309,9.599459279166545,18.776442923148746,9.045366954672001,14.881265903817635,10.535375234134907,10.354517079571771,9.94176777392975,14.764322542491016,21.18337331924063,11.279526685405854,13.055598805628389,13.12016770929734,13.50617435594922,17.969489024183034,9.746955204385285,14.270500298277021,9.284038861918951,4.306243745717836,12.503141610657032,11.2443929672855,11.16409822991691,8.755918744324957,8.113282843828413,15.059812456623659,24.667509185251493,18.174523448883587,10.497618169309872,13.894404119199486,9.395274027986998,9.036828698925019,7.947599050510934,12.66924696438503,13.940127460054079,12.65241617310589,9.823503753123088,11.991422380738186,10.243798578768455
topology_ad_dysplasia_8_clean.csv,15.744119862016891,15.336997511779478,10.991919976574305,15.220988214814358,10.838817156151732,10.886778941509164,15.019652054360531,16.193071889460104,14.90353578492418,14.913112186840905,14.514509699625904,9.14055890102786,13.891823939741698,32.2965754862638,31.21445151961532,13.986231668294119,14.333868001384538,22.511808534587168,14.499128184944503,17.000447436918265,14.562996917875244,11.834063567333333,15.886174253221329,14.70081147781211,9.599459279166545,8.494208060703033e-309,13.592442945676439,14.062323302048618,15.62465893300244,14.995586971030239,15.998955774593334,14.633287339748065,16.182552233645204,17.375370036846796,13.137237482333202,16.37808408349864,15.951666160270129,16.5546871386862,14.978934881857786,12.16494556422816,15.296522839914124,12.621526136834618,9.772987610681206,13.598728702420406,14.051408502106371,15.3288194259099,14.400357439346521,13.757721538849978,20.704251151645224,19.483509207779186,14.293768288705557,12.17389144781149,15.581408737521764,13.997183621341222,11.944643010656051,13.433599318007342,12.720974254030345,19.584566155075642,13.459552628655814,14.2382261016948,14.264306750134239,14.73991939116453
topology_dysplasia_7_clean.csv,8.187605439433343,10.640075569853307,9.150731771928205,11.42668080255146,14.912276276137874,13.69766246443902,7.525081067386976,10.251933298708423,12.55998108511568,14.298579231928493,8.373152507155469,19.880517920826627,11.825030088490271,34.522751996964374,33.44062803031589,12.259221754378812,12.45932371061066,22.08648222764063,13.862677749766078,17.781162831147448,7.693400671125545,9.142881678878403,12.12557463372805,16.926987988512675,18.776442923148746,13.592442945676439,1.7222354845344224e-308,10.768639064404779,8.295596372409676,11.068662489714162,13.942754897731739,12.890716033445003,8.00876015184037,12.762806919465596,11.38455422588168,8.468231306082949,7.854675729602415,7.3951198901328254,8.361833319978762,9.02948771876346,7.466574444863422,10.005198893817399,18.258241021000025,9.903241748813091,8.377821864011336,8.30818880540068,14.42416147788066,19.24424467322617,18.827927275779665,14.545932813869214,12.28403444700771,10.26607448218573,7.525023464664999,15.00045569770861,9.739614224223729,13.367269758342069,8.110768736027426,18.367847364249442,7.895874319113895,12.949991484162608,8.016201496982319,11.219760186881878
topology_carcinoma_17_clean.csv,7.3083094206384445,7.372625216064078,6.779991063791019,6.056860943907089,7.3493279805731575,8.52842956738383,7.117082275213033,15.239895560063777,7.4491705061786995,8.11890746148078,7.42371324313423,10.243174573726844,8.225713464039625,42.45277902315843,41.370655056509946,6.755228797334697,7.148034426185046,12.355604997692538,5.1881203767841235,9.072704494905963,7.459150737133939,6.435591645295046,8.349507224188248,24.85701501470674,9.045366954672001,14.062323302048618,10.768639064404779,9.158425594181546e-309,13.266953660463415,5.874254480200318,6.402636898514954,5.307034778234194,6.756518683747046,13.11874686560202,5.4821017913970955,5.874254480200319,5.479390013667619,8.734362038506305,14.096864257850726,6.05492431370755,7.981716036667743,8.07753409759453,8.95170598549802,9.75882255723155,7.188102302881285,6.935081728317185,5.874254480200318,11.139373635461023,10.548047614750592,22.475959840063275,14.575203428144683,6.935081728317184,10.212477615117052,8.550942847777476,6.609009889483541,6.790160246152238,5.597361350376738,10.069065529984385,8.725596882505329,5.216554869647317,7.275679573854887,5.597361350376737
topology_dysplasia_19_clean.csv,7.588652213984601,10.394165795235509,11.95235250438563,13.445552875179814,12.187101573022764,9.199188305783665,9.372535076454055,9.116017158876131,17.723870816572344,18.023862310409687,6.2604840418055945,15.357976953866553,11.511644114949162,29.18582536269502,28.103701396046535,12.686854565859326,13.18820017966182,25.622558658155953,14.899226462185615,20.111197560487046,7.805938668402012,10.267877309974912,17.126447324928957,11.590061354243325,14.881265903817635,15.62465893300244,8.295596372409676,13.266953660463415,8.55926631448176e-309,16.405589123983518,19.10970589816212,11.632540935734639,9.364686422347402,10.269606248763303,11.418849208169426,8.934333364355004,11.102969953541916,10.827777597358704,5.81692604884962,9.468225453711334,10.571801553446297,7.319749466346643,14.891360078360663,10.644049084209678,11.162680905317565,9.080554285221162,17.511107562915306,16.868471662418763,23.81500127521401,10.675950227997731,14.027184073032917,15.284641571380277,9.201235465174953,12.388052758137455,10.478943102052645,14.156129138814393,10.429964495792516,22.695316278644427,6.2355938905244015,13.066119805434083,11.468505493742597,16.236668838009415
topology_carcinoma_5_clean.csv,8.816936909998915,7.659210097427789,7.976866308802278,6.109732141377053,8.33450875055897,11.667065030903935,7.358063291600875,18.378531023583882,7.844147189296085,9.593350625352468,10.562348706654333,11.82733499020577,8.388857637565778,45.59141448667854,44.50929052003005,7.044435279959723,7.115991994932553,11.43858215235679,6.018556167105029,10.407170828611648,10.597786200654042,7.183145386455244,8.459038769906051,27.995650478226842,10.535375234134907,14.995586971030239,11.068662489714162,5.874254480200318,16.405589123983518,2.1149703484596357e-308,6.6274291448414555,6.118019090783642,7.040902701636114,12.035444285304193,6.455665202745678,7.471255759628512,5.866284085274539,8.915466091576008,17.23549972137083,6.937363670272184,8.281454568018907,11.216169561114633,10.18961700785431,10.16999805601438,7.145938995274163,7.325034838762356,5.643672457150661,11.687283862815997,11.713381729315813,25.614595303583375,17.713838891664786,8.200191250457035,13.351113078637155,8.742966245752836,6.507299002811093,7.006600893224476,5.9756246281909995,11.979023788746034,11.864232346025432,5.744131627900012,7.463209266863183,6.0802697215590875
topology_dysplasia_8_clean.csv,11.521053684177515,8.715540102926608,7.157353393776489,6.70145341423205,9.385499896427637,14.371181805082536,9.737170821708062,21.082647797762483,7.11285079760868,6.78656317678322,13.266465480832935,8.493688233712348,7.881267030039515,45.741085307427916,45.200023324103675,6.422851332302791,7.139355744794779,8.14372732990889,6.3840322908126215,7.156807342500408,13.301902974832643,8.841828588187205,8.061168026192508,30.699767252405444,10.354517079571771,15.998955774593334,13.942754897731739,6.402636898514954,19.10970589816212,6.6274291448414555,1.067695054867722e-308,7.477164962427479,9.930634517074004,15.549010336385116,7.6908566899926925,10.175372533807113,9.027280581797939,8.995367154098323,19.93961649554943,9.641480444450785,10.177613170777619,13.920286335293234,10.88426317628948,9.32378568905979,7.947024992844553,10.029151612940957,6.6274291448414555,8.091018474980858,8.0892165528364,28.318712077761976,20.417955665843387,7.067847186974994,16.055229852815753,8.257758650760252,8.63076279610947,5.979829282843382,8.6797414023696,7.878882900282271,14.568349120204031,6.186488456743984,7.898535253238784,6.560182288925953
topology_carcinoma_7_clean.csv,8.205843743851894,7.366372970945174,7.394158620267226,6.37784606039531,7.704619109068453,7.41780061917536,7.205165673086199,14.243873402487715,7.344722269512424,9.115054662017469,8.677985666190807,11.34213410863336,8.225701075450255,40.81836629842966,39.73624233178118,6.745526855049933,7.150403850036154,13.990017722421314,3.2666855264509778,9.678088412234416,7.2804236138465654,6.606078962936296,8.346187946793101,23.222602289977964,9.94176777392975,14.633287339748065,12.890716033445003,5.307034778234194,11.632540935734639,6.118019090783642,7.477164962427479,8.65065242913663e-309,8.878595652787267,14.148573034623437,5.861301760024033,6.118019090783642,6.530235159245854,8.711223585605444,12.462451533121948,6.352293497819238,7.9750366927006695,7.0050823819068775,9.543589626268652,9.897393695831001,7.179920674894937,7.00606929480932,6.118019090783642,10.664391798796121,12.18246033947937,20.8415471153345,13.200223609003086,7.468399187853038,8.578064890388275,8.54007719648134,6.739694516222842,6.697702789801538,6.7835200746812845,11.062775342909788,7.091184157776552,5.11762471593817,7.275245760727259,5.932265500821772
