,topology_carcinoma_10_clean.csv,topology_dysplasia_18_clean.csv,topology_ad_carcinoma_2_clean.csv,topology_carcinoma_2_clean.csv,topology_ad_carcinoma_10_clean.csv,topology_ad_carcinoma_9_clean.csv,topology_dysplasia_5_clean.csv,topology_ad_carcinoma_3_clean.csv,topology_dysplasia_14_clean.csv,topology_ad_carcinoma_1_clean.csv,topology_dysplasia_13_clean.csv,topology_ad_dysplasia_7_clean.csv,topology_dysplasia_17_clean.csv,topology_carcinoma_8_clean.csv,topology_dysplasia_10_clean.csv,topology_carcinoma_20_clean.csv,topology_dysplasia_11_clean.csv,topology_ad_carcinoma_8_clean.csv,topology_carcinoma_13_clean.csv,topology_ad_carcinoma_4_clean.csv,topology_carcinoma_9_clean.csv,topology_ad_carcinoma_12_clean.csv,topology_carcinoma_4_clean.csv,topology_ad_carcinoma_15_clean.csv,topology_ad_carcinoma_5_clean.csv,topology_ad_dysplasia_8_clean.csv,topology_dysplasia_7_clean.csv,topology_carcinoma_17_clean.csv,topology_dysplasia_19_clean.csv,topology_carcinoma_5_clean.csv,topology_dysplasia_8_clean.csv,topology_carcinoma_7_clean.csv,topology_carcinoma_19_clean.csv,topology_ad_carcinoma_11_clean.csv,topology_dysplasia_2_clean.csv,topology_carcinoma_18_clean.csv,topology_carcinoma_11_clean.csv,topology_carcinoma_16_clean.csv,topology_dysplasia_12_clean.csv,topology_ad_dysplasia_1_clean.csv,topology_dysplasia_1_clean.csv,topology_ad_dysplasia_3_clean.csv,topology_ad_carcinoma_6_clean.csv,topology_dysplasia_16_clean.csv,topology_dysplasia_15_clean.csv,topology_dysplasia_4_clean.csv,topology_ad_dysplasia_2_clean.csv,topology_ad_carcinoma_7_clean.csv,topology_ad_carcinoma_13_clean.csv,topology_ad_dysplasia_6_clean.csv,topology_ad_dysplasia_9_clean.csv,topology_ad_carcinoma_14_clean.csv,topology_carcinoma_3_clean.csv,topology_carcinoma_6_clean.csv,topology_ad_dysplasia_4_clean.csv,topology_dysplasia_6_clean.csv,topology_ad_dysplasia_10_clean.csv,topology_ad_dysplasia_5_clean.csv,topology_carcinoma_14_clean.csv,topology_carcinoma_12_clean.csv,topology_carcinoma_15_clean.csv,topology_carcinoma_1_clean.csv
topology_carcinoma_10_clean.csv,1.3898977246688794e-308,27.47028372584198,27.47028372584198,27.47028372584198,27.47028372584198,27.47028372584198,27.47028372584198,61.93218116201358,22.84449302921908,27.47028372584198,27.47028372584198,21.038198199374904,27.47028372584198,27.47028372584198,29.17708412102276,15.641338152036809,27.47028372584198,27.47028372584198,27.47028372584198,27.47028372584198,13.551520067373758,27.47028372584198,27.47028372584198,27.47028372584198,27.47028372584198,27.47028372584198,67.53156663087572,41.23641974371864,27.47028372584198,27.47028372584198,55.10455578689678,27.47028372584198,27.47028372584198,21.48189821562228,24.487691262836393,27.47028372584198,26.455193067584318,27.47028372584198,31.048907977095823,23.881502685719127,27.47028372584198,27.47028372584198,23.717718855617065,27.47028372584198,20.738284470587445,27.47028372584198,22.2881831376202,27.47028372584198,27.47028372584198,21.092200905929886,27.47028372584198,27.47028372584198,27.47028372584198,27.47028372584198,27.47028372584198,27.47028372584198,26.99254674772328,27.47028372584198,22.458716130623102,27.47028372584198,17.357455835809645,27.47028372584198
topology_dysplasia_18_clean.csv,27.47028372584198,9.23070506501105e-309,13.069821586720636,29.99181707343388,30.776349541300576,15.634410099870678,14.02820580582582,61.93218116201358,24.0556199707719,24.253978876260945,17.03388036707274,33.89839276760098,28.07649584648358,23.283026929628136,27.139123798716405,23.338559518552536,26.875847420060296,37.79902256578707,20.845019850954756,37.79902256578707,27.705823052276926,18.581172810840314,23.9365254659255,25.244538419449682,17.460665325164555,28.18397531701096,81.48609908711254,51.42749272463804,24.11300452283973,29.59313294047186,69.25885877179994,20.166381167698617,13.645505781558569,24.01284804102079,21.806544427262224,21.688880434083032,21.53507167569485,26.970099991309326,32.33085287784134,15.592945018538373,23.159732039834722,15.150802419103414,37.79902256578707,30.593055611113968,21.741704337812905,32.05219691796081,17.861333458937267,37.79902256578707,22.472246809855264,30.926726487857493,16.821813248512555,24.84459484317121,20.85144037897956,37.301878197422866,24.857190671638165,26.556334301914347,27.004518407065717,36.887818812516414,24.15342702515875,28.782142726995716,26.79402960218293,33.4969375282887
topology_ad_carcinoma_2_clean.csv,27.47028372584198,13.069821586720636,1.4538708464996724e-308,16.921995486713243,17.70652795457994,11.911480209394483,12.093794902147422,61.93218116201358,37.125441557492536,13.813155115984443,11.221314474927965,31.31052602228359,21.233609643019747,20.597340213758628,31.469533128050657,21.92509726065056,13.80602583333966,27.84266867069484,9.202495605886241,27.84266867069484,40.58398811878968,10.627358109886352,10.866703879204863,15.203612192467475,15.862315468827255,15.114153730290326,81.48609908711254,64.49731431135868,14.21409704063322,16.523311353751225,74.15479414395915,12.886808435313,12.619297005898694,19.899987119287786,21.806544427262224,10.839415099846562,15.480994055946127,13.90027840458869,40.114328406866235,14.072869895170129,10.939343869074023,12.242941703408377,27.84266867069484,17.523234024393332,15.8278902296002,18.982375331240178,13.805455542263246,27.84266867069484,15.422812595550454,24.87264886810877,10.805788561587654,11.774773256450572,10.655113853790574,24.23205661070223,11.787369084917529,13.486512715193712,28.484858190270558,23.81799722579578,11.083605438438113,15.71232114027508,18.351239628830967,20.42711594156806
topology_carcinoma_2_clean.csv,27.47028372584198,29.99181707343388,16.921995486713243,1.7074522195775133e-308,8.42209227267773,20.4458391593664,27.91919352301352,61.93218116201358,43.84318873338589,12.345368762635609,20.853621851458982,31.31052602228359,12.502080460287033,20.597340213758628,40.38176373534205,30.557380643475774,11.269666010486304,15.603483270784665,9.154418234342693,14.691891056666819,40.58398811878968,18.732598582254965,9.294740654718893,13.50776305626755,14.57353859065303,12.45122591519074,81.48609908711254,66.72508846756872,12.799149498877313,7.430375432907674,74.15479414395915,29.808803922026243,28.841775079539843,28.428212838620183,21.806544427262224,12.166074283210271,25.113301432477144,10.970815606373009,40.114328406866235,23.77196646073348,9.052202835362095,26.259025102722845,18.18069918610758,9.200658246301487,23.17164360641292,6.020391436412908,23.24125008326557,18.18069918610758,16.597733329370797,34.60990030841792,15.26391186292004,8.578340582634425,9.39617097954283,8.61854949883464,9.56700932096713,11.436704024991968,41.596923909027,12.45122591519074,8.7573096499531,8.44711235743273,18.351239628830967,7.692294794135734
topology_ad_carcinoma_10_clean.csv,27.47028372584198,30.776349541300576,17.70652795457994,8.42209227267773,1.245202304225134e-308,17.96649319779503,28.703725990880216,61.93218116201358,43.84318873338589,7.8062994625569,18.374275889887613,31.31052602228359,11.717547992420336,20.597340213758628,40.38176373534205,30.557380643475774,11.269666010486304,16.118621299116555,10.645205899243166,14.776296570295987,40.58398811878968,16.253252620683597,13.191198114407982,12.398976791159178,14.657532323518495,9.754609634264455,81.48609908711254,66.72508846756872,12.799149498877313,6.869077003635205,74.15479414395915,30.59333638989294,29.62630754740654,28.549935537804984,21.806544427262224,12.758611278268546,23.3831569791343,14.206580882352476,40.114328406866235,24.556498928600178,10.828471028269718,27.04355757058954,18.88297274251768,10.167179791151952,23.17164360641293,10.723202936422801,24.025782551132266,19.763318934695732,14.5437227850595,34.60990030841792,17.844058861013693,8.578340582634425,14.741802013822792,8.998300783369203,7.23942399917156,8.9573580634206,41.596923909027,9.69037899674138,9.515612889158817,7.468466741069221,18.351239628830967,8.18629329095721
topology_ad_carcinoma_9_clean.csv,27.47028372584198,15.634410099870678,11.911480209394483,20.4458391593664,17.96649319779503,2.0424429379204687e-308,14.227086417503358,61.93218116201358,39.69003007064258,21.140611631585145,10.139385848661597,31.31052602228359,24.86714833871359,20.597340213758628,30.68161072132436,24.489685773800602,15.025836698227948,28.36834085202824,11.905489428362003,28.36834085202824,40.58398811878968,8.538206426327662,11.306676496677468,12.826450504772197,20.53193766204633,17.91237729681496,81.48609908711254,66.72508846756872,14.973319710227685,16.154825058757808,74.15479414395915,20.19185482348557,14.484368105976642,20.980178470596925,21.806544427262224,11.699242866914197,11.143616775271994,12.69533627892973,40.114328406866235,15.592945018538373,15.723208013250797,12.728897016282588,29.21737603782438,19.286219151050986,19.44382310541704,16.417786818090136,10.615654886572386,29.21737603782438,22.497720465642217,26.88398669063008,9.709547515293764,22.147220291769145,13.042007274960213,21.667468097552188,14.945420902196702,12.947399217077688,31.0494467034206,21.253408712645737,16.05992948334307,19.080528167304493,18.351239628830967,20.05736267256229
topology_dysplasia_5_clean.csv,27.47028372584198,14.02820580582582,12.093794902147422,27.91919352301352,28.703725990880216,14.227086417503358,1.433125716271274e-308,61.93218116201358,26.12824352119226,22.181355325840585,14.96125681665238,31.82576921718062,25.030564189704265,21.210403379207776,30.959953611910734,17.424207642924785,22.638195413395806,33.49055341562037,18.772396300534396,33.49055341562037,29.778446602697286,16.508549260419954,21.86390191550514,23.171914869029322,24.135777773776283,26.1113517665906,81.48609908711254,53.5001162750584,22.04038097241937,27.5205093900515,71.3314823222203,16.251056429641267,7.374023993228988,20.70968146648854,21.806544427262224,19.616256883662672,11.491686711270958,24.897476440888965,34.4034764282617,15.592945018538373,21.087108489414362,8.631117331779095,33.49055341562037,28.520432060693608,16.126461683150985,29.979573367540453,13.269811554660492,33.49055341562037,22.78953595769812,22.16087731954741,16.285815756720922,22.771971292750848,18.7788168285592,33.49055341562037,22.784567121217805,24.483710751493987,25.68301369271697,33.49055341562037,22.08080347473839,26.709519176575355,24.72140605176257,31.424313977868337
topology_ad_carcinoma_3_clean.csv,61.93218116201358,61.93218116201358,61.93218116201358,61.93218116201358,61.93218116201358,61.93218116201358,61.93218116201358,7.686516508314544e-309,52.87122124839047,61.93218116201358,61.93218116201358,41.7343400348843,61.93218116201358,61.93218116201358,42.306325148952595,61.93218116201358,61.93218116201358,61.93218116201358,61.93218116201358,61.93218116201358,49.22101816688544,61.93218116201358,61.93218116201358,61.93218116201358,61.93218116201358,61.93218116201358,40.61195489449021,40.61195489449021,58.915956024811805,61.93218116201358,40.61195489449021,61.93218116201358,61.93218116201358,61.93218116201358,49.61232556858232,61.93218116201358,61.93218116201358,61.93218116201358,44.59598834132103,61.93218116201358,61.93218116201358,61.93218116201358,61.93218116201358,61.93218116201358,61.93218116201358,61.93218116201358,61.93218116201358,61.93218116201358,61.93218116201358,61.93218116201358,61.93218116201358,61.93218116201358,61.93218116201358,61.93218116201358,61.93218116201358,61.93218116201358,61.51180461561245,61.93218116201358,61.93218116201358,61.93218116201358,61.93218116201358,61.93218116201358
topology_dysplasia_14_clean.csv,22.84449302921908,24.0556199707719,37.125441557492536,43.84318873338589,43.84318873338589,39.69003007064258,26.12824352119226,52.87122124839047,1.48404812423041e-308,43.84318873338589,41.08950033784464,36.202206635710766,43.84318873338589,43.84318873338589,36.29012819047793,22.90390450185761,43.84318873338589,43.84318873338589,43.84318873338589,43.84318873338589,18.29509367547844,42.636792781612215,43.84318873338589,43.84318873338589,40.17443718855398,43.84318873338589,57.630249645006984,27.371872753866143,43.84318873338589,43.84318873338589,45.20323880102805,24.238633122179536,25.205661964665936,26.28203397426749,43.84318873338589,43.84318873338589,34.75555074398902,43.84318873338589,31.048907977095823,30.2754705834723,43.84318873338589,27.788411941482934,43.84318873338589,43.84318873338589,30.639601456456177,43.84318873338589,30.80618696094021,43.84318873338589,40.288246727012975,29.47780930014659,40.877433219284455,43.84318873338589,43.84318873338589,43.84318873338589,43.84318873338589,43.84318873338589,31.162710551649795,43.84318873338589,37.81172505037375,43.84318873338589,40.201948865028726,43.84318873338589
topology_ad_carcinoma_1_clean.csv,27.47028372584198,24.253978876260945,13.813155115984443,12.345368762635609,7.8062994625569,21.140611631585145,22.181355325840585,61.93218116201358,43.84318873338589,8.333359223931733e-309,21.548394323677726,31.31052602228359,18.239918657459967,20.597340213758628,39.30117949771463,30.557380643475774,11.269666010486304,21.3413214679576,15.51204428224645,17.405609276057973,40.58398811878968,19.42737105447371,14.501400091359471,13.750643520593947,10.370343301529608,10.583385509581504,81.48609908711254,66.72508846756872,13.104311505551955,10.428756577031166,74.15479414395915,24.07096572485331,23.10393688236691,29.122985310838928,21.806544427262224,15.513481289493626,25.80807390469589,16.848724569382732,40.114328406866235,18.46873858232067,12.182257784575086,20.52118690554991,23.00172910558871,7.4081809719755825,17.71057438316815,12.534974762647003,22.829444704520498,23.00172910558871,12.693511687581474,34.60990030841792,15.958684335138784,8.578340582634425,15.184911526481955,13.047899321161921,8.2730774023198,13.130150340236952,39.66901547981087,12.63383993625547,11.39537513269822,10.928464534581998,18.351239628830967,10.81907683535676
topology_dysplasia_13_clean.csv,27.47028372584198,17.03388036707274,11.221314474927965,20.853621851458982,18.374275889887613,10.139385848661597,14.96125681665238,61.93218116201358,41.08950033784464,21.548394323677726,8.336198962801563e-309,29.018295382982686,25.274931030806172,20.597340213758628,32.08108098852642,25.889156041002664,13.151976372513118,28.376333841303804,12.313272120454585,25.425531120961615,40.58398811878968,6.916798316650542,11.558881196740089,13.234233196864778,19.629996857860846,16.551702811742025,77.81222965528195,66.72508846756872,13.863165096177056,16.56260775085039,74.15479414395915,19.719503157825287,15.883838373178705,18.596990437083,21.140309849284662,11.585039965894381,13.309331589866119,10.350950038709158,40.114328406866235,15.592945018538373,11.822282387839564,13.301088396361706,28.432169360431594,19.694001843143567,14.957673910485845,15.018316550888073,11.077303031610207,28.432169360431594,22.9055031577348,28.283456957832144,12.955070494928073,22.54527695237916,11.457450871916151,21.39140006935378,14.557943698600305,11.186049863736272,32.44891697062266,21.61428397350133,16.46771217543565,19.488310859397075,18.351239628830967,20.465145364654873
topology_ad_dysplasia_7_clean.csv,21.038198199374904,33.89839276760098,31.31052602228359,31.31052602228359,31.31052602228359,31.31052602228359,31.82576921718062,41.7343400348843,36.202206635710766,31.31052602228359,29.018295382982686,8.01553288806144e-309,28.83871746450771,31.31052602228359,38.287775988941306,29.750385588507555,31.31052602228359,31.31052602228359,31.31052602228359,31.31052602228359,26.033602325013327,31.31052602228359,31.31052602228359,31.31052602228359,31.31052602228359,31.31052602228359,53.857777698157065,54.59413335021033,31.31052602228359,31.31052602228359,51.62217865582923,33.715379616193346,32.748350773706946,31.31052602228359,19.910689451835196,31.31052602228359,31.31052602228359,31.31052602228359,31.048907977095823,31.310526022283597,31.31052602228359,31.310526022283597,31.31052602228359,31.31052602228359,31.31052602228359,31.31052602228359,31.31052602228359,31.31052602228359,31.310526022283597,32.975921987995534,31.31052602228359,31.31052602228359,31.31052602228359,25.114314192817076,31.31052602228359,31.31052602228359,40.35026035421497,31.31052602228359,31.31052602228359,31.31052602228359,21.918830557587285,31.31052602228359
topology_dysplasia_17_clean.csv,27.47028372584198,28.07649584648358,21.233609643019747,12.502080460287033,11.717547992420336,24.86714833871359,25.030564189704265,61.93218116201358,43.84318873338589,18.239918657459967,25.274931030806172,28.83871746450771,1.1063882072827695e-308,20.597340213758628,40.38176373534205,30.557380643475774,15.618050113660615,10.4346067276444,21.648877682766155,10.20918077248298,40.58398811878968,23.153907761602156,18.557372067795413,14.220463754532801,16.74619251522668,13.923266600555934,81.48609908711254,66.72508846756872,18.38089301088118,12.90076459324905,74.15479414395915,29.326474699061052,25.95314574623059,29.65279790622901,21.26550089543187,20.80501709963788,27.019269618949835,15.832069617627852,40.114328406866235,33.995925303885656,19.33416549388619,23.37039576941359,11.162976590404575,11.900841922606944,21.437111090296597,11.289716834110166,22.829444704520498,11.645288680965791,26.261270777479837,34.60990030841792,19.68522104226723,17.649302690549703,13.817480158890021,10.20918077248298,17.636706862082747,16.766101829869996,41.596923909027,10.20918077248298,18.340470508562163,13.711754806725196,18.351239628830967,10.20918077248298
topology_carcinoma_8_clean.csv,27.47028372584198,23.283026929628136,20.597340213758628,20.597340213758628,20.597340213758628,20.597340213758628,21.210403379207776,61.93218116201358,43.84318873338589,20.597340213758628,20.597340213758628,31.31052602228359,20.597340213758628,8.789565106094236e-309,38.33022755108182,30.557380643475774,20.597340213758628,20.597340213758628,20.597340213758628,20.597340213758628,40.58398811878968,20.597340213758628,20.597340213758628,20.597340213758628,20.597340213758628,20.597340213758628,81.48609908711254,66.72508846756872,19.46687198865655,20.597340213758628,74.15479414395915,23.1000137782205,22.1329849357341,28.430027510272552,21.806544427262224,20.597340213758628,23.884734416723305,20.597340213758628,40.114328406866235,23.453916137866322,20.597340213758628,20.597340213758628,20.597340213758628,20.597340213758628,20.597340213758628,20.597340213758628,22.708085018869966,20.597340213758628,20.597340213758628,34.53260352038754,20.597340213758628,20.597340213758628,20.597340213758628,20.597340213758628,20.597340213758628,20.597340213758628,38.69806353317806,20.597340213758628,20.597340213758628,20.597340213758628,20.597340213758628,20.597340213758628
topology_dysplasia_10_clean.csv,29.17708412102276,27.139123798716405,31.469533128050657,40.38176373534205,40.38176373534205,30.68161072132436,30.959953611910734,42.306325148952595,36.29012819047793,39.30117949771463,32.08108098852642,38.287775988941306,40.38176373534205,38.33022755108182,8.249104826467774e-309,24.138648667496426,39.75801958526985,40.38176373534205,36.29012819047793,40.38176373534205,24.138648667496426,33.628373432294,38.98372608737918,37.871780546666244,36.29012819047793,40.38176373534205,66.6386689943252,36.38029210318436,39.160205144293414,40.38176373534205,54.21165815034627,36.29012819047793,28.51831634809743,24.138648667496426,36.29012819047793,36.736081055536715,25.747131394670802,40.38176373534205,24.138648667496426,24.138648667496426,37.96388627919532,29.279948845685723,40.38176373534205,40.38176373534205,28.726249975488884,40.38176373534205,24.138648667496426,40.38176373534205,36.29012819047793,24.138648667496426,31.86901386996624,39.89179546462489,36.02915858595584,40.38176373534205,39.90439129309185,40.38176373534205,24.138648667496426,40.38176373534205,39.20062764661243,40.38176373534205,36.7023458296358,40.38176373534205
topology_carcinoma_20_clean.csv,15.641338152036809,23.338559518552536,21.92509726065056,30.557380643475774,30.557380643475774,24.489685773800602,17.424207642924785,61.93218116201358,22.90390450185761,30.557380643475774,25.889156041002664,29.750385588507555,30.557380643475774,30.557380643475774,24.138648667496426,1.7622105238540936e-308,30.557380643475774,34.82876632988881,29.70029552488468,34.82876632988881,18.850547378347002,27.43644848477024,30.557380643475774,30.557380643475774,29.750385588507555,30.557380643475774,72.83059394184895,42.57221705070812,30.557380643475774,30.557380643475774,60.403583097870026,30.557380643475774,18.126668543556377,21.131105265945124,30.083672312218965,30.544156108012956,19.555206447147043,30.557380643475774,31.048907977095823,18.582475374745883,30.557380643475774,17.120747045330937,34.82876632988881,30.557380643475774,19.233319102895152,30.557380643475774,18.716175519313246,34.82876632988881,30.557380643475774,19.880069864159964,25.67708892244248,30.557380643475774,29.706716052909485,31.435595760501485,30.557380643475774,30.557380643475774,18.63807459067992,31.021536375595034,26.440453167395496,30.557380643475774,28.83067698205047,30.557380643475774
topology_dysplasia_11_clean.csv,27.47028372584198,26.875847420060296,13.80602583333966,11.269666010486304,11.269666010486304,15.025836698227948,22.638195413395806,61.93218116201358,43.84318873338589,11.269666010486304,13.151976372513118,31.31052602228359,15.618050113660615,20.597340213758628,39.75801958526985,30.557380643475774,6.89324064861281e-309,19.29628523959134,8.965335458147166,17.271530228068727,40.58398811878968,11.486692917038468,11.269666010486304,7.5148747196075405,14.676625685103083,11.028548465160299,81.48609908711254,66.72508846756872,12.799149498877313,11.269666010486304,74.15479414395915,26.69283426865266,23.56077696992213,22.801629153393876,21.806544427262224,10.31639969979112,17.41165595353128,12.387045202734583,40.114328406866235,20.655996807359898,11.182730615865879,22.13008167356378,22.62859609377174,10.03712092599801,18.12683747813189,10.18303554848616,17.960251973647857,22.62859609377174,12.358256305103517,34.60990030841792,11.913361918622208,9.403026611348608,10.007771611737141,11.269666010486304,7.512124248385732,8.085440820998386,40.12585556736609,11.269666010486304,8.7573096499531,11.269666010486304,18.351239628830967,11.269666010486304
topology_ad_carcinoma_8_clean.csv,27.47028372584198,37.79902256578707,27.84266867069484,15.603483270784665,16.118621299116555,28.36834085202824,33.49055341562037,61.93218116201358,43.84318873338589,21.3413214679576,28.376333841303804,31.31052602228359,10.4346067276444,20.597340213758628,40.38176373534205,34.82876632988881,19.29628523959134,1.328792436399794e-308,24.750280493263787,7.24960053890549,40.58398811878968,24.00825308250016,21.658774878293045,17.965172502269454,24.074462291267587,17.60150172648666,81.48609908711254,66.72508846756872,21.482295821378813,17.710163713784738,74.15479414395915,38.33250541637199,33.98432620013958,30.541307373495805,24.366903705929502,23.90641991013551,29.08632539247354,20.983481453830592,40.114328406866235,37.64881198813791,22.037766740945408,32.82372034382075,9.790282687311034,15.57907704853767,23.17164360641292,18.59860161190729,28.16194030711634,9.01108184976595,29.939505903410563,35.991354911041014,22.786623852764862,21.32753781648043,19.192880456001205,13.850698627878913,20.73810967258038,19.61579835773729,41.596923909027,11.877620460632805,21.441873319059795,17.389989932655922,18.801270742035612,15.898470696678949
topology_carcinoma_13_clean.csv,27.47028372584198,20.845019850954756,9.202495605886241,9.154418234342693,10.645205899243166,11.905489428362003,18.772396300534396,61.93218116201358,43.84318873338589,15.51204428224645,12.313272120454585,31.31052602228359,21.648877682766155,20.597340213758628,36.29012819047793,29.70029552488468,8.965335458147166,24.750280493263787,1.6352913685483797e-308,20.81456830136416,40.58398811878968,10.192248851250568,7.212088667455532,9.608179848824761,19.974539313331604,16.83866395928763,81.48609908711254,66.72508846756872,12.799149498877313,9.20138602068063,74.15479414395915,20.66200669954712,19.69497785706072,20.980178470596925,21.806544427262224,5.875397122676034,17.40719572057617,7.399536213188895,40.114328406866235,15.592945018538373,8.272368158266183,17.112227880243722,27.331306914518485,12.817582562594268,22.58036498148161,11.207177067006057,18.773901045833128,27.331306914518485,16.635896508448894,32.09459644171416,15.088954264368844,11.068697056598488,9.515042263493186,16.45685834646811,9.205489088335824,10.30411427527045,36.26005645450468,16.47096159061975,8.842527118227892,9.20138602068063,18.351239628830967,12.651917677333941
topology_ad_carcinoma_4_clean.csv,27.47028372584198,37.79902256578707,27.84266867069484,14.691891056666819,14.776296570295987,28.36834085202824,33.49055341562037,61.93218116201358,43.84318873338589,17.405609276057973,25.425531120961615,31.31052602228359,10.20918077248298,20.597340213758628,40.38176373534205,34.82876632988881,17.271530228068727,7.24960053890549,20.81456830136416,2.0910406580843702e-308,40.58398811878968,23.923008100377487,20.084583800474405,17.368837705372414,24.074462291267587,13.137369595050622,81.48609908711254,66.72508846756872,17.546583629479187,15.34844549481673,74.15479414395915,38.33250541637199,33.98432620013958,30.48920809728068,21.806544427262224,19.970707718235886,29.08632539247354,20.83021690563902,40.114328406866235,35.43973753961852,19.069232888509163,32.82372034382075,11.43668520295629,11.176650061462482,23.17164360641292,16.587603869304957,28.16194030711634,8.88008032367739,25.426961396077843,35.991354911041014,21.69893222023451,16.81499330914771,18.88832835015844,9.47925183525227,16.802397480680753,20.979315142918665,41.596923909027,11.0837577728715,17.50616112716017,12.963294647592313,19.048661878656546,12.992199769516212
topology_carcinoma_9_clean.csv,13.551520067373758,27.705823052276926,40.58398811878968,40.58398811878968,40.58398811878968,40.58398811878968,29.778446602697286,49.22101816688544,18.29509367547844,40.58398811878968,40.58398811878968,26.033602325013327,40.58398811878968,40.58398811878968,24.138648667496426,18.850547378347002,40.58398811878968,40.58398811878968,40.58398811878968,40.58398811878968,9.09402073489925e-309,40.58398811878968,40.58398811878968,40.58398811878968,40.58398811878968,40.58398811878968,53.98004656350196,28.560531025197,40.58398811878968,40.58398811878968,41.553035719523024,27.888836203684562,28.855865046170962,29.932237055772518,37.163579981358026,40.58398811878968,38.405753825494045,40.58398811878968,31.048907977095823,33.925673664977325,40.58398811878968,31.43861502298796,36.061137299133165,40.58398811878968,34.2898045379612,40.58398811878968,34.456390042445236,40.58398811878968,40.58398811878968,25.358698392617256,40.58398811878968,40.58398811878968,40.58398811878968,40.58398811878968,40.58398811878968,40.58398811878968,20.577029552575155,40.58398811878968,36.01023619799686,40.58398811878968,30.033344554331286,40.58398811878968
topology_ad_carcinoma_12_clean.csv,27.47028372584198,18.581172810840314,10.627358109886352,18.732598582254965,16.253252620683597,8.538206426327662,16.508549260419954,61.93218116201358,42.636792781612215,19.42737105447371,6.916798316650542,31.31052602228359,23.153907761602156,20.597340213758628,33.628373432294,27.43644848477024,11.486692917038468,24.00825308250016,10.192248851250568,23.923008100377487,40.58398811878968,2.0424851392665235e-308,9.523891988369328,11.113209927660762,18.334376499483753,15.175917807430949,81.48609908711254,66.72508846756872,12.799149498877313,14.441584481646373,74.15479414395915,18.478614246374136,17.43113081694628,18.277200987767557,21.806544427262224,9.464016696690365,12.797549502000507,8.988743730783582,40.114328406866235,15.592945018538373,12.334064475705176,14.84838084012928,24.00825308250016,17.57297857393955,13.499920313085155,13.471024107120499,11.830605820672005,24.00825308250016,20.784479888530782,29.830749401599718,10.865425954474766,20.43397971465771,10.436745624046445,19.270376800149762,13.100190101199615,11.368390140011996,33.996209414390236,19.493260704297313,14.346688906231634,17.367287590193058,18.351239628830967,18.344122095450857
topology_carcinoma_4_clean.csv,27.47028372584198,23.9365254659255,10.866703879204863,9.294740654718893,13.191198114407982,11.306676496677468,21.86390191550514,61.93218116201358,43.84318873338589,14.501400091359471,11.558881196740089,31.31052602228359,18.557372067795413,20.597340213758628,38.98372608737918,30.557380643475774,11.269666010486304,21.658774878293045,7.212088667455532,20.084583800474405,40.58398811878968,9.523891988369328,1.261950596256155e-308,8.230780269593026,18.72798930672652,16.363475054615677,81.48609908711254,66.72508846756872,12.799149498877313,9.0852769469939,74.15479414395915,23.753512314517863,22.786483472031463,21.710111462429907,21.806544427262224,8.534158807241198,16.544742176449773,6.226317130368297,40.114328406866235,17.7166748532251,8.58687180125591,20.203733495214465,23.904794141581974,13.89396773932745,18.818845050579334,8.115671452035315,17.62909753131005,23.904794141581974,16.150929505920985,34.60990030841792,14.546023346247516,11.571311483107138,11.284182304019346,15.836715586053728,11.143072945275094,11.664053998162842,39.35156206947542,15.371296241253667,8.870736643250865,9.254343263595672,18.351239628830967,9.560412062363199
topology_ad_carcinoma_15_clean.csv,27.47028372584198,25.244538419449682,15.203612192467475,13.50776305626755,12.398976791159178,12.826450504772197,23.171914869029322,61.93218116201358,43.84318873338589,13.750643520593947,13.234233196864778,31.31052602228359,14.220463754532801,20.597340213758628,37.871780546666244,30.557380643475774,7.5148747196075405,17.965172502269454,9.608179848824761,17.368837705372414,40.58398811878968,11.113209927660762,8.230780269593026,1.2466246746278867e-308,17.293617256242896,14.15365585178224,81.48609908711254,66.72508846756872,13.750643520593947,13.750643520593947,74.15479414395915,25.061525268042047,24.094496425555647,23.01812441595409,21.806544427262224,8.764319265696486,17.49391277788294,10.091138076882231,40.114328406866235,22.053583166487712,10.649011160232362,21.51174644873865,19.343028931778043,14.516474570725421,18.660556933765406,10.346741768972542,18.493971429281373,20.277703863168732,15.75536790565991,34.074156515971964,11.479052638368714,10.788056108360948,6.924663828132211,14.020193387676372,10.193902343841927,13.397263981937435,39.737238879703,14.002221880652797,8.7573096499531,11.462738942862131,18.351239628830967,12.43957344811993
topology_ad_carcinoma_5_clean.csv,27.47028372584198,17.460665325164555,15.862315468827255,14.57353859065303,14.657532323518495,20.53193766204633,24.135777773776283,61.93218116201358,40.17443718855398,10.370343301529608,19.629996857860846,31.31052602228359,16.74619251522668,20.597340213758628,36.29012819047793,29.750385588507555,14.676625685103083,24.074462291267587,19.974539313331604,24.074462291267587,40.58398811878968,18.334376499483753,18.72798930672652,17.293617256242896,9.014665590801524e-309,12.82557366520306,81.48609908711254,66.72508846756872,15.944704983982454,13.540739243943285,74.15479414395915,15.935804066374445,20.766870819571984,29.64931273583916,21.806544427262224,18.659612694342606,23.884734416723305,20.773115308611004,40.114328406866235,20.73478695264113,14.864823989304206,24.686471705657524,24.074462291267587,14.474238393331888,15.051047596861409,16.045906226139905,22.829444704520498,24.074462291267587,18.68320697470258,33.983275415660074,16.754916213079753,11.098981570830517,18.059637339531804,21.183060979640786,12.210124364865742,14.889110672227567,33.74605804055608,20.769001594734334,13.524457858397515,15.60458830941024,18.351239628830967,17.378120310506617
topology_ad_dysplasia_8_clean.csv,27.47028372584198,28.18397531701096,15.114153730290326,12.45122591519074,9.754609634264455,17.91237729681496,26.1113517665906,61.93218116201358,43.84318873338589,10.583385509581504,16.551702811742025,31.31052602228359,13.923266600555934,20.597340213758628,40.38176373534205,30.557380643475774,11.028548465160299,17.60150172648666,16.83866395928763,13.137369595050622,40.58398811878968,15.175917807430949,16.363475054615677,14.15365585178224,12.82557366520306,9.190440164027157e-309,81.48609908711254,66.72508846756872,14.39445878047512,11.479978847394776,74.15479414395915,28.000962165603326,27.033933323116926,25.95756131351537,21.806544427262224,16.937887686660602,22.77092768963712,18.18959951512511,40.114328406866235,22.35078032046458,13.268025986940806,24.451183346299928,21.088691350653278,10.790484074156964,20.88976173697837,12.892951446330898,21.657981881168382,21.96903754283133,13.137369595050622,34.60990030841792,11.366608833971881,9.119048850495396,15.717100657463213,13.137369595050622,9.534973600949918,13.137369595050622,41.596923909027,10.649275159405107,12.122943399408825,12.55811085570192,18.351239628830967,12.585905858201706
topology_dysplasia_7_clean.csv,67.53156663087572,81.48609908711254,81.48609908711254,81.48609908711254,81.48609908711254,81.48609908711254,81.48609908711254,40.61195489449021,57.630249645006984,81.48609908711254,77.81222965528195,53.857777698157065,81.48609908711254,81.48609908711254,66.6386689943252,72.83059394184895,81.48609908711254,81.48609908711254,81.48609908711254,81.48609908711254,53.98004656350196,81.48609908711254,81.48609908711254,81.48609908711254,81.48609908711254,81.48609908711254,7.85382930844717e-309,30.25837689114084,81.48609908711254,81.48609908711254,12.427010843978934,81.48609908711254,81.48609908711254,81.48609908711254,64.98775535450176,81.48609908711254,81.48609908711254,81.48609908711254,49.35501673793755,81.48609908711254,81.48609908711254,81.48609908711254,79.50632012732606,81.48609908711254,81.48609908711254,81.48609908711254,81.48609908711254,81.48609908711254,81.48609908711254,70.43629302501947,81.48609908711254,81.48609908711254,81.48609908711254,78.97209189097413,81.48609908711254,81.48609908711254,66.27083301222896,81.48609908711254,81.48609908711254,81.48609908711254,68.4121989890881,81.48609908711254
topology_carcinoma_17_clean.csv,41.23641974371864,51.42749272463804,64.49731431135868,66.72508846756872,66.72508846756872,66.72508846756872,53.5001162750584,40.61195489449021,27.371872753866143,66.72508846756872,66.72508846756872,54.59413335021033,66.72508846756872,66.72508846756872,36.38029210318436,42.57221705070812,66.72508846756872,66.72508846756872,66.72508846756872,66.72508846756872,28.560531025197,66.72508846756872,66.72508846756872,66.72508846756872,66.72508846756872,66.72508846756872,30.25837689114084,1.544750387081204e-308,66.37033982170641,66.72508846756872,17.831366047161907,51.61050587604568,52.57753471853208,53.653906728133634,65.72411100655503,66.72508846756872,62.12742349785516,66.72508846756872,34.1248802746083,57.64734333733844,66.72508846756872,55.16028469534908,64.62166832433016,66.72508846756872,58.01147421032232,66.72508846756872,58.17805971480635,66.72508846756872,66.72508846756872,40.17791613387864,66.72508846756872,66.72508846756872,66.72508846756872,66.72508846756872,66.72508846756872,66.72508846756872,36.01245612108812,66.72508846756872,59.73190587035798,66.72508846756872,58.59387557952829,66.72508846756872
topology_dysplasia_19_clean.csv,27.47028372584198,24.11300452283973,14.21409704063322,12.799149498877313,12.799149498877313,14.973319710227685,22.04038097241937,58.915956024811805,43.84318873338589,13.104311505551955,13.863165096177056,31.31052602228359,18.38089301088118,19.46687198865655,39.160205144293414,30.557380643475774,12.799149498877313,21.482295821378813,12.799149498877313,17.546583629479187,40.58398811878968,12.799149498877313,12.799149498877313,13.750643520593947,15.944704983982454,14.39445878047512,81.48609908711254,66.37033982170641,9.196253548191065e-309,12.799149498877313,74.15479414395915,23.929991371432095,22.962962528945695,25.137441584324023,21.806544427262224,12.799149498877313,22.659665218998086,12.799149498877313,40.114328406866235,17.893153910139333,12.799149498877313,20.380212552128697,24.294417524180965,12.799149498877313,19.774570872691548,12.799149498877313,19.93338143074702,24.294417524180965,13.567211582678077,34.60990030841792,14.965853863947572,12.799149498877313,14.073742491905236,13.188873674583135,12.799149498877313,12.799149498877313,39.52804112638965,14.03447323734666,12.799149498877313,12.799149498877313,18.351239628830967,12.799149498877313
topology_carcinoma_5_clean.csv,27.47028372584198,29.59313294047186,16.523311353751225,7.430375432907674,6.869077003635205,16.154825058757808,27.5205093900515,61.93218116201358,43.84318873338589,10.428756577031166,16.56260775085039,31.31052602228359,12.90076459324905,20.597340213758628,40.38176373534205,30.557380643475774,11.269666010486304,17.710163713784738,9.20138602068063,15.34844549481673,40.58398811878968,14.441584481646373,9.0852769469939,13.750643520593947,13.540739243943285,11.479978847394776,81.48609908711254,66.72508846756872,12.799149498877313,6.39639816391011e-309,74.15479414395915,29.410119789064225,28.443090946577826,27.36671893697627,21.806544427262224,12.166074283210271,21.48068417108398,11.856864511771278,40.114328406866235,23.373282327771463,7.717911634178392,25.860340969760827,20.066189343346394,8.617557243287791,23.009151454787585,6.602444427398922,22.842565950303552,20.946535535524447,13.360506184230786,34.60990030841792,13.69930166226559,8.578340582634425,15.049952886523755,11.100577280396053,9.274667136321561,7.145689924383376,41.596923909027,10.62617150010562,8.7573096499531,5.967774136394215,18.351239628830967,5.729992394968505
topology_dysplasia_8_clean.csv,55.10455578689678,69.25885877179994,74.15479414395915,74.15479414395915,74.15479414395915,74.15479414395915,71.3314823222203,40.61195489449021,45.20323880102805,74.15479414395915,74.15479414395915,51.62217865582923,74.15479414395915,74.15479414395915,54.21165815034627,60.403583097870026,74.15479414395915,74.15479414395915,74.15479414395915,74.15479414395915,41.553035719523024,74.15479414395915,74.15479414395915,74.15479414395915,74.15479414395915,74.15479414395915,12.427010843978934,17.831366047161907,74.15479414395915,74.15479414395915,1.371840118895051e-308,69.44187192320757,70.40890076569397,71.48527277529553,62.75215631217394,74.15479414395915,74.15479414395915,74.15479414395915,36.92800589395861,74.15479414395915,74.15479414395915,72.99165074251098,67.07930928334713,74.15479414395915,74.15479414395915,74.15479414395915,74.15479414395915,74.15479414395915,74.15479414395915,58.00928218104055,74.15479414395915,74.15479414395915,74.15479414395915,74.15479414395915,74.15479414395915,74.15479414395915,53.84382216825003,74.15479414395915,74.15479414395915,74.15479414395915,55.98518814510916,74.15479414395915
topology_carcinoma_7_clean.csv,27.47028372584198,20.166381167698617,12.886808435313,29.808803922026243,30.59333638989294,20.19185482348557,16.251056429641267,61.93218116201358,24.238633122179536,24.07096572485331,19.719503157825287,33.715379616193346,29.326474699061052,23.1000137782205,36.29012819047793,30.557380643475774,26.69283426865266,38.33250541637199,20.66200669954712,38.33250541637199,27.888836203684562,18.478614246374136,23.753512314517863,25.061525268042047,15.935804066374445,28.000962165603326,81.48609908711254,51.61050587604568,23.929991371432095,29.410119789064225,69.44187192320757,8.62777189726902e-309,15.904530708865167,27.33709346192225,21.806544427262224,21.505867282675396,23.884734416723305,26.78708683990169,32.51386602924897,16.45476128062623,22.976718888427087,17.20478492270889,38.33250541637199,30.410042459706332,23.17164360641293,31.869183766553178,22.829444704520498,38.33250541637199,16.04961360483344,34.60990030841792,16.63880009710492,24.661581691763573,20.668427227571925,37.11886504601523,24.67417752023053,26.37332115050671,33.74605804055608,36.70480566110878,23.970413873751113,28.59912957558808,26.611016450775296,33.31392437688106
