,dysplasia_FA_HN14_2_mac.csv,filtrado_dysplasia_FA_HN11A_1_mac.csv,stroma_ad_carcinoma_FA_HN14_5_mac.csv,stroma_ad_dysplasia_FA_HN11A_4_mac.csv,filtrado_filtrado_carcinoma_FA_HN15_2_mac.csv,filtrado_filtrado_stroma_ad_dysplasia_FA_HN15_5_mac.csv,filtrado_dysplasia_FA_HN11A_3_mac.csv,filtrado_filtrado_stroma_ad_carcinoma_FA_HN11A_2_mac.csv,stroma_ad_carcinoma_FA_HN14_2_mac.csv,dysplasia_FA_HN15_5_mac.csv,filtrado_dysplasia_FA_HN14_2_mac.csv,dysplasia_FA_HN11A_5_mac.csv,dysplasia_FA_HN15_2_mac.csv,filtrado_filtrado_stroma_ad_carcinoma_FA_HN15_2_mac.csv,filtrado_stroma_ad_dysplasia_FA_HN11A_5_mac.csv,filtrado_stroma_ad_carcinoma_FA_HN11A_1_mac.csv,filtrado_stroma_ad_carcinoma_FA_HN14_4_mac.csv,filtrado_stroma_ad_dysplasia_FA_HN14_2_mac.csv,filtrado_filtrado_stroma_ad_dysplasia_FA_HN15_4_mac.csv,dysplasia_FA_HN15_1_mac.csv,stroma_ad_carcinoma_FA_HN11A_2_mac.csv,carcinoma_FA_HN14_3_mac.csv,stroma_ad_dysplasia_FA_HN14_4_mac.csv,filtrado_stroma_ad_carcinoma_FA_HN15_4_mac.csv,carcinoma_FA_HN11A_3_mac.csv,stroma_ad_carcinoma_FA_HN15_2_mac.csv,carcinoma_FA_HN14_2_mac.csv,filtrado_dysplasia_FA_HN11A_5_mac.csv,filtrado_filtrado_dysplasia_FA_HN15_1_mac.csv,carcinoma_FA_HN14_4_mac.csv,filtrado_filtrado_stroma_ad_dysplasia_FA_HN11A_5_mac.csv,stroma_ad_carcinoma_FA_HN15_1_mac.csv,filtrado_filtrado_stroma_ad_carcinoma_FA_HN14_4_mac.csv,filtrado_filtrado_stroma_ad_dysplasia_FA_HN14_3_mac.csv,filtrado_stroma_ad_dysplasia_FA_HN14_3_mac.csv,filtrado_carcinoma_FA_HN11A_5_mac.csv,filtrado_dysplasia_FA_HN15_2_mac.csv,filtrado_stroma_ad_carcinoma_FA_HN11A_2_mac.csv,stroma_ad_dysplasia_FA_HN11A_1_mac.csv,filtrado_stroma_ad_dysplasia_FA_HN15_4_mac.csv,filtrado_filtrado_carcinoma_FA_HN14_3_mac.csv,filtrado_filtrado_dysplasia_FA_HN11A_5_mac.csv,filtrado_carcinoma_FA_HN14_4_mac.csv,filtrado_filtrado_stroma_ad_carcinoma_FA_HN15_1_mac.csv,filtrado_carcinoma_FA_HN11A_4_mac.csv,filtrado_stroma_ad_carcinoma_FA_HN15_1_mac.csv,filtrado_filtrado_carcinoma_FA_HN11A_3_mac.csv,filtrado_carcinoma_FA_HN14_2_mac.csv,carcinoma_FA_HN14_1_mac.csv,filtrado_stroma_ad_dysplasia_FA_HN11A_4_mac.csv,dysplasia_FA_HN11A_2_mac.csv,stroma_ad_dysplasia_FA_HN15_3_mac.csv,filtrado_filtrado_carcinoma_FA_HN11A_1_mac.csv,filtrado_stroma_ad_carcinoma_FA_HN15_3_mac.csv,stroma_ad_carcinoma_FA_HN14_1_mac.csv,filtrado_filtrado_stroma_ad_dysplasia_FA_HN11A_3_mac.csv,stroma_ad_carcinoma_FA_HN11A_1_mac.csv,stroma_ad_dysplasia_FA_HN15_4_mac.csv,filtrado_filtrado_stroma_ad_dysplasia_FA_HN11A_4_mac.csv,carcinoma_FA_HN11A_4_mac.csv,filtrado_filtrado_stroma_ad_dysplasia_FA_HN14_1_mac.csv,stroma_ad_dysplasia_FA_HN11A_2_mac.csv,filtrado_stroma_ad_dysplasia_FA_HN15_3_mac.csv,filtrado_stroma_ad_dysplasia_FA_HN15_2_mac.csv,stroma_ad_carcinoma_FA_HN14_4_mac.csv,filtrado_carcinoma_FA_HN15_2_mac.csv,filtrado_carcinoma_FA_HN14_1_mac.csv,filtrado_filtrado_dysplasia_FA_HN15_5_mac.csv,filtrado_filtrado_stroma_ad_carcinoma_FA_HN15_3_mac.csv,filtrado_dysplasia_FA_HN15_3_mac.csv,filtrado_filtrado_stroma_ad_carcinoma_FA_HN14_1_mac.csv,filtrado_filtrado_carcinoma_FA_HN11A_4_mac.csv,filtrado_filtrado_stroma_ad_dysplasia_FA_HN15_3_mac.csv,dysplasia_FA_HN14_1_mac.csv,filtrado_filtrado_stroma_ad_carcinoma_FA_HN11A_1_mac.csv,filtrado_stroma_ad_dysplasia_FA_HN14_1_mac.csv,filtrado_filtrado_dysplasia_FA_HN15_3_mac.csv,filtrado_stroma_ad_dysplasia_FA_HN15_5_mac.csv,filtrado_carcinoma_FA_HN11A_1_mac.csv,filtrado_dysplasia_FA_HN15_5_mac.csv,filtrado_filtrado_carcinoma_FA_HN14_4_mac.csv,stroma_ad_carcinoma_FA_HN15_3_mac.csv,filtrado_dysplasia_FA_HN14_1_mac.csv,filtrado_carcinoma_FA_HN11A_3_mac.csv,stroma_ad_dysplasia_FA_HN15_1_mac.csv,filtrado_filtrado_stroma_ad_dysplasia_FA_HN15_2_mac.csv,filtrado_filtrado_stroma_ad_dysplasia_FA_HN14_2_mac.csv,filtrado_filtrado_filtrado_stroma_ad_dysplasia_FA_HN14_2_mac.csv,filtrado_filtrado_dysplasia_FA_HN11A_1_mac.csv,stroma_ad_dysplasia_FA_HN14_1_mac.csv,dysplasia_FA_HN11A_3_mac.csv,filtrado_stroma_ad_dysplasia_FA_HN11A_3_mac.csv,filtrado_filtrado_dysplasia_FA_HN11A_4_mac.csv,filtrado_stroma_ad_carcinoma_FA_HN14_2_mac.csv,filtrado_filtrado_carcinoma_FA_HN14_1_mac.csv,filtrado_filtrado_carcinoma_FA_HN11A_2_mac.csv,filtrado_filtrado_dysplasia_FA_HN11A_3_mac.csv,filtrado_filtrado_stroma_ad_carcinoma_FA_HN14_5_mac.csv,filtrado_stroma_ad_dysplasia_FA_HN14_4_mac.csv,filtrado_filtrado_carcinoma_FA_HN15_1_mac.csv,dysplasia_FA_HN11A_4_mac.csv,stroma_ad_dysplasia_FA_HN11A_3_mac.csv,filtrado_carcinoma_FA_HN14_3_mac.csv,stroma_ad_dysplasia_FA_HN14_3_mac.csv,filtrado_stroma_ad_carcinoma_FA_HN14_1_mac.csv,filtrado_filtrado_dysplasia_FA_HN14_1_mac.csv,stroma_ad_carcinoma_FA_HN15_4_mac.csv,filtrado_filtrado_stroma_ad_carcinoma_FA_HN14_3_mac.csv,filtrado_stroma_ad_dysplasia_FA_HN11A_1_mac.csv,filtrado_dysplasia_FA_HN11A_2_mac.csv,filtrado_filtrado_carcinoma_FA_HN11A_5_mac.csv,stroma_ad_carcinoma_FA_HN14_3_mac.csv,stroma_ad_dysplasia_FA_HN15_2_mac.csv,stroma_ad_dysplasia_FA_HN15_5_mac.csv,filtrado_carcinoma_FA_HN15_1_mac.csv,filtrado_stroma_ad_carcinoma_FA_HN14_5_mac.csv,filtrado_filtrado_stroma_ad_dysplasia_FA_HN11A_1_mac.csv,filtrado_filtrado_dysplasia_FA_HN14_2_mac.csv,filtrado_dysplasia_FA_HN11A_4_mac.csv,carcinoma_FA_HN15_2_mac.csv,filtrado_filtrado_stroma_ad_carcinoma_FA_HN14_2_mac.csv,filtrado_dysplasia_FA_HN15_1_mac.csv,filtrado_filtrado_dysplasia_FA_HN11A_2_mac.csv,filtrado_stroma_ad_carcinoma_FA_HN15_2_mac.csv,dysplasia_FA_HN11A_1_mac.csv,filtrado_filtrado_stroma_ad_dysplasia_FA_HN11A_2_mac.csv,stroma_ad_dysplasia_FA_HN11A_5_mac.csv,carcinoma_FA_HN11A_2_mac.csv,filtrado_filtrado_stroma_ad_carcinoma_FA_HN15_4_mac.csv,dysplasia_FA_HN15_3_mac.csv,filtrado_filtrado_dysplasia_FA_HN15_2_mac.csv,filtrado_stroma_ad_dysplasia_FA_HN11A_2_mac.csv,carcinoma_FA_HN11A_1_mac.csv,filtrado_stroma_ad_carcinoma_FA_HN14_3_mac.csv,filtrado_filtrado_stroma_ad_dysplasia_FA_HN14_4_mac.csv,filtrado_stroma_ad_dysplasia_FA_HN15_1_mac.csv,filtrado_carcinoma_FA_HN11A_2_mac.csv,carcinoma_FA_HN11A_5_mac.csv,stroma_ad_dysplasia_FA_HN14_2_mac.csv,carcinoma_FA_HN15_1_mac.csv,filtrado_filtrado_carcinoma_FA_HN14_2_mac.csv,filtrado_filtrado_stroma_ad_dysplasia_FA_HN15_1_mac.csv
dysplasia_FA_HN14_2_mac.csv,0.0,373.8677001559906,442.0418100291798,435.528789110683,816.8849165975619,995.1211549358055,1025.1369083839718,872.1953671857067,544.9659620253307,1133.7247341010614,0.0,472.65406199193205,880.1718756578277,788.8941674729681,719.9707870237604,993.8096943072628,457.7267556499373,564.7705796013292,1030.2705095755684,1372.2822784214245,872.1953671857067,82.6379789145557,517.0121024623355,1144.4805738809844,747.9026757001365,788.8941674729681,371.7639881906853,472.65406199193205,1372.2822784214245,176.3182598047032,719.9707870237604,1056.1176293714805,457.7267556499373,510.5014263997765,510.5014263997765,530.2881497011876,880.1718756578277,872.1953671857067,738.1010600774249,1030.2705095755684,82.6379789145557,472.65406199193205,176.3182598047032,1056.1176293714805,940.6895760611602,1056.1176293714805,747.9026757001365,371.7639881906853,322.94631070700575,435.528789110683,1020.3427092566282,665.8274063520948,675.4680884637169,460.61304336406374,612.9476889046903,584.2401658838892,993.8096943072628,1030.2705095755684,435.528789110683,940.6895760611602,717.9692786328184,708.4464882716322,665.8274063520948,850.920349756956,457.7267556499373,816.8849165975619,322.94631070700575,1133.7247341010614,460.61304336406374,463.99453973870374,612.9476889046903,940.6895760611602,665.8274063520948,242.58533403350592,993.8096943072628,717.9692786328184,463.99453973870374,995.1211549358055,675.4680884637169,1133.7247341010614,176.3182598047032,460.61304336406374,242.58533403350592,747.9026757001365,988.4429504216034,850.920349756956,564.7705796013292,564.7705796013292,373.8677001559906,717.9692786328184,1025.1369083839718,584.2401658838892,543.7023692298957,544.9659620253307,322.94631070700575,648.7359913567748,1025.1369083839718,442.0418100291798,517.0121024623355,926.5081554634456,543.7023692298957,584.2401658838892,82.6379789145557,510.5014263997765,612.9476889046903,242.58533403350592,1144.4805738809844,590.2691480391818,738.1010600774249,1020.3427092566282,530.2881497011876,590.2691480391818,850.920349756956,995.1211549358055,926.5081554634456,442.0418100291798,738.1010600774249,0.0,543.7023692298957,816.8849165975619,544.9659620253307,1372.2822784214245,1020.3427092566282,788.8941674729681,373.8677001559906,708.4464882716322,719.9707870237604,648.7359913567748,1144.4805738809844,463.99453973870374,880.1718756578277,708.4464882716322,675.4680884637169,590.2691480391818,517.0121024623355,988.4429504216034,648.7359913567748,530.2881497011876,564.7705796013292,926.5081554634456,371.7639881906853,988.4429504216034
filtrado_dysplasia_FA_HN11A_1_mac.csv,373.8677001559906,0.0,366.5814003805194,398.1684281597845,544.032259316591,1121.4881378858968,854.930991802875,829.7159595109277,576.5221467791641,1170.4417533132348,373.8677001559905,488.47390905632915,812.3315279969881,560.9993581612404,757.9276047466008,1096.6592740732663,381.5487300615938,489.48632258579505,1143.4403393499201,1310.2349207470868,829.7159595109277,389.923167266747,526.9939111152728,1026.833920452875,759.5921729347374,560.9993581612404,409.30278128723955,488.47390905632915,1310.2349207470868,345.1255106534596,757.9276047466008,1001.0714042980434,381.5487300615938,535.6805660064989,535.6805660064989,350.7957979834547,812.3315279969881,829.7159595109277,700.3170263412117,1143.4403393499201,389.923167266747,488.47390905632915,345.1255106534596,1001.0714042980434,809.7348086086524,1001.0714042980434,759.5921729347374,409.30278128723955,330.4208292927598,398.1684281597845,918.6028644965459,585.0368637518537,564.8146940518029,367.16096486478426,599.2020680631656,571.0792190497817,1096.6592740732663,1143.4403393499201,398.1684281597845,809.7348086086524,676.8871501283057,718.9392722879189,585.0368637518537,808.4877742132196,381.5487300615938,544.032259316591,330.4208292927598,1170.4417533132348,367.16096486478426,507.48222850302324,599.2020680631656,809.7348086086524,585.0368637518537,544.2667256235666,1096.6592740732663,676.8871501283057,507.48222850302324,1121.4881378858968,564.8146940518029,1170.4417533132348,345.1255106534596,367.16096486478426,544.2667256235666,759.5921729347374,1085.6344224319241,808.4877742132196,489.48632258579505,489.48632258579505,0.0,676.8871501283057,854.930991802875,571.0792190497817,489.4898882643878,576.5221467791641,330.4208292927598,534.3458023735823,854.930991802875,366.5814003805194,526.9939111152728,728.0173588007862,489.4898882643878,571.0792190497817,389.923167266747,535.6805660064989,599.2020680631656,544.2667256235666,1026.833920452875,614.3411946948227,700.3170263412117,918.6028644965459,350.7957979834547,614.3411946948227,808.4877742132196,1121.4881378858968,728.0173588007862,366.5814003805194,700.3170263412117,373.8677001559905,489.4898882643878,544.032259316591,576.5221467791641,1310.2349207470868,918.6028644965459,560.9993581612404,0.0,718.9392722879189,757.9276047466008,534.3458023735823,1026.833920452875,507.48222850302324,812.3315279969881,718.9392722879189,564.8146940518029,614.3411946948227,526.9939111152728,1085.6344224319241,534.3458023735823,350.7957979834547,489.48632258579505,728.0173588007862,409.30278128723955,1085.6344224319241
stroma_ad_carcinoma_FA_HN14_5_mac.csv,442.0418100291798,366.5814003805194,0.0,360.0319647229532,569.5018997932292,1146.1714618776764,782.1247102994948,667.6210606472359,489.80048149810557,1095.2148973748654,442.0418100291799,521.3366623068694,675.1131547643413,556.469040228272,741.1747706161868,1126.813495754512,357.0535943795861,461.8028528590699,1110.426188383281,1136.1442782587071,667.6210606472359,478.16257332355013,551.425399864014,850.538527582903,645.3115032282535,556.469040228272,559.2183937504504,521.3366623068694,1136.1442782587071,480.7134202399153,741.1747706161868,843.8505806190228,357.0535943795861,716.6258209717696,716.6258209717696,376.27697263278634,675.1131547643413,667.6210606472359,595.3733725315988,1110.426188383281,478.16257332355013,521.3366623068694,480.7134202399153,843.8505806190228,731.5186439164883,843.8505806190228,645.3115032282535,559.2183937504504,356.2271205714917,360.0319647229532,908.0558458257738,471.31752730327486,489.3740199905051,463.3652554609746,495.4529735027942,426.0087793405883,1126.813495754512,1110.426188383281,360.0319647229532,731.5186439164883,553.5680883659392,597.6777701493928,471.31752730327486,658.0015362890975,357.0535943795861,569.5018997932292,356.2271205714917,1095.2148973748654,463.3652554609746,660.4210933699115,495.4529735027942,731.5186439164883,471.31752730327486,627.2240775328061,1126.813495754512,553.5680883659392,660.4210933699115,1146.1714618776764,489.3740199905051,1095.2148973748654,480.7134202399153,463.3652554609746,627.2240775328061,645.3115032282535,1003.0705369422985,658.0015362890975,461.8028528590699,461.8028528590699,366.5814003805194,553.5680883659392,782.1247102994948,426.0087793405883,535.7810307511994,489.80048149810557,356.2271205714917,537.4061953020545,782.1247102994948,0.0,551.425399864014,618.1914176365124,535.7810307511994,426.0087793405883,478.16257332355013,716.6258209717696,495.4529735027942,627.2240775328061,850.538527582903,478.28162236009587,595.3733725315988,908.0558458257738,376.27697263278634,478.28162236009587,658.0015362890975,1146.1714618776764,618.1914176365124,0.0,595.3733725315988,442.0418100291799,535.7810307511994,569.5018997932292,489.80048149810557,1136.1442782587071,908.0558458257738,556.469040228272,366.5814003805194,597.6777701493928,741.1747706161868,537.4061953020545,850.538527582903,660.4210933699115,675.1131547643413,597.6777701493928,489.3740199905051,478.28162236009587,551.425399864014,1003.0705369422985,537.4061953020545,376.27697263278634,461.8028528590699,618.1914176365124,559.2183937504504,1003.0705369422985
stroma_ad_dysplasia_FA_HN11A_4_mac.csv,435.528789110683,398.1684281597845,360.0319647229532,0.0,566.125280453547,1110.9961816713783,794.6388266446676,680.5075665437397,467.85817096446715,1114.293279553348,435.528789110683,478.6256533569193,643.7361484362333,595.0734857916275,724.2226025237659,1124.0861289614559,405.71782887833274,428.74112372506636,1118.9943254135014,1129.4117855946267,680.5075665437397,466.9244184352588,543.1667423134191,925.4295454907642,635.9857062195188,595.0734857916275,575.4666065878075,478.6256533569193,1129.4117855946267,482.9165670561731,724.2226025237659,845.9613998716112,405.71782887833274,741.2667286314929,741.2667286314929,421.84442009117424,643.7361484362333,680.5075665437397,625.0174384705086,1118.9943254135014,466.9244184352588,478.6256533569193,482.9165670561731,845.9613998716112,691.2800806674263,845.9613998716112,635.9857062195188,575.4666065878075,432.2180431363658,0.0,848.2965002676043,512.5134637734304,561.2459743157715,492.3850411251875,469.71616712198306,448.7880147592552,1124.0861289614559,1118.9943254135014,0.0,691.2800806674263,517.7705706127218,607.6851915774432,512.5134637734304,700.6727879549135,405.71782887833274,566.125280453547,432.2180431363658,1114.293279553348,492.3850411251875,706.3229479268609,469.71616712198306,691.2800806674263,512.5134637734304,618.3915764141531,1124.0861289614559,517.7705706127218,706.3229479268609,1110.9961816713783,561.2459743157715,1114.293279553348,482.9165670561731,492.3850411251875,618.3915764141531,635.9857062195188,1006.3844516406202,700.6727879549135,428.74112372506636,428.74112372506636,398.16842815978447,517.7705706127218,794.6388266446676,448.7880147592552,570.9560140590379,467.85817096446715,432.2180431363658,478.4224975330257,794.6388266446676,360.0319647229531,543.1667423134191,652.8162297903606,570.9560140590379,448.7880147592552,466.9244184352588,741.2667286314929,469.71616712198306,618.3915764141531,925.4295454907642,481.4223027748329,625.0174384705086,848.2965002676043,421.84442009117424,481.4223027748329,700.6727879549135,1110.9961816713783,652.8162297903606,360.0319647229531,625.0174384705086,435.528789110683,570.9560140590379,566.125280453547,467.85817096446715,1129.4117855946267,848.2965002676043,595.0734857916275,398.16842815978447,607.6851915774432,724.2226025237659,478.4224975330257,925.4295454907642,706.3229479268609,643.7361484362333,607.6851915774432,561.2459743157715,481.4223027748329,543.1667423134191,1006.3844516406202,478.4224975330257,421.84442009117424,428.74112372506636,652.8162297903606,575.4666065878075,1006.3844516406202
filtrado_filtrado_carcinoma_FA_HN15_2_mac.csv,816.8849165975619,544.032259316591,569.5018997932292,566.125280453547,0.0,1438.9168941757448,891.0100740211059,943.2544150411618,795.4661840837928,1369.2381557655217,816.8849165975616,756.305436139098,810.5219221541774,492.0212833814018,1014.1849646092909,1423.8986783945359,571.1610166495034,661.092765062155,1412.6757228819883,1347.0143415806904,943.2544150411618,830.8961418587253,835.5573134232106,1124.6479032086982,902.4909501124744,492.0212833814018,755.1162941132314,756.305436139098,1347.0143415806904,743.0214546653149,1014.1849646092909,1008.6325832980634,571.1610166495034,770.2358303299927,770.2358303299927,561.5238327311574,810.5219221541774,943.2544150411618,855.3757745412333,1412.6757228819883,830.8961418587253,756.305436139098,743.0214546653149,1008.6325832980634,935.4579427412834,1008.6325832980634,902.4909501124744,755.1162941132314,640.6126502071685,566.1252804535468,1127.315147185898,611.5063922868558,734.1222377922386,566.7701279748538,782.2867371385294,714.186054521276,1423.8986783945359,1412.6757228819883,566.1252804535468,935.4579427412834,796.1583068410099,887.1064379161687,611.5063922868558,883.3701938072537,571.1610166495034,0.0,640.6126502071685,1369.2381557655217,566.7701279748538,789.958339670564,782.2867371385294,935.4579427412834,611.5063922868558,986.7814051295131,1423.8986783945359,796.1583068410099,789.958339670564,1438.9168941757448,734.1222377922386,1369.2381557655217,743.0214546653149,566.7701279748538,986.7814051295131,902.4909501124744,1303.7129243264546,883.3701938072537,661.092765062155,661.092765062155,544.0322593165911,796.1583068410099,891.0100740211059,714.186054521276,762.2718720181128,795.4661840837928,640.6126502071685,751.1194084377984,891.0100740211059,569.5018997932289,835.5573134232106,608.9209083430499,762.2718720181128,714.186054521276,830.8961418587253,770.2358303299927,782.2867371385294,986.7814051295131,1124.6479032086982,726.5564506071195,855.3757745412333,1127.315147185898,561.5238327311574,726.5564506071195,883.3701938072537,1438.9168941757448,608.9209083430499,569.5018997932289,855.3757745412333,816.8849165975616,762.2718720181128,0.0,795.4661840837928,1347.0143415806904,1127.315147185898,492.0212833814018,544.0322593165911,887.1064379161687,1014.1849646092909,751.1194084377984,1124.6479032086982,789.958339670564,810.5219221541774,887.1064379161687,734.1222377922386,726.5564506071195,835.5573134232106,1303.7129243264546,751.1194084377984,561.5238327311574,661.092765062155,608.9209083430499,755.1162941132314,1303.7129243264546
filtrado_filtrado_stroma_ad_dysplasia_FA_HN15_5_mac.csv,995.1211549358055,1121.4881378858968,1146.1714618776764,1110.9961816713783,1438.9168941757448,0.0,1272.3944872848742,1096.1744195867457,1002.5813412631474,1061.4715216946818,995.1211549358054,927.5081410493788,1400.3174008062217,1494.5322971467358,671.4827828463922,632.7901167161974,1168.6784920679759,1041.2705500944126,639.9130069076829,1403.550653036358,1096.1744195867457,1057.3812550598852,787.2462883451332,1203.8692256619986,940.9934756494255,1494.5322971467358,1315.3373264923448,927.5081410493788,1403.550653036358,1126.2943369729194,671.4827828463922,1391.7936410543696,1168.6784920679759,1451.4199066417102,1451.4199066417102,1109.848410258086,1400.3174008062217,1096.1744195867457,1019.3915639658325,639.9130069076829,1057.3812550598852,927.5081410493788,1126.2943369729194,1391.7936410543696,871.7915988147814,1391.7936410543696,940.9934756494255,1315.3373264923448,1219.6714096248995,1110.9961816713778,826.023681590248,1482.2509496722869,878.4708055412868,1356.4037893552957,992.168490967791,1004.2054244950916,632.7901167161974,639.9130069076829,1110.9961816713778,871.7915988147814,1166.176186220196,981.1930480106329,1482.2509496722869,1250.4204987567352,1168.6784920679759,1438.9168941757441,1219.6714096248995,1061.4715216946818,1356.4037893552957,1388.136837810272,992.168490967791,871.7915988147814,1482.2509496722869,1174.3612214372563,632.7901167161974,1166.176186220196,1388.136837810272,0.0,878.4708055412868,1061.4715216946818,1126.2943369729194,1356.4037893552957,1174.3612214372563,940.9934756494255,862.1016174262784,1250.4204987567352,1041.2705500944126,1041.2705500944126,1121.4881378858975,1166.176186220196,1272.3944872848742,1004.2054244950916,1057.0152949365295,1002.5813412631474,1219.6714096248995,993.3353780582802,1272.3944872848742,1146.1714618776762,787.2462883451332,1503.4339430670148,1057.0152949365295,1004.2054244950916,1057.3812550598852,1451.4199066417102,992.168490967791,1174.3612214372563,1203.8692256619986,1082.604735024651,1019.3915639658325,826.023681590248,1109.848410258086,1082.604735024651,1250.4204987567352,0.0,1503.4339430670148,1146.1714618776762,1019.3915639658325,995.1211549358054,1057.0152949365295,1438.9168941757441,1002.5813412631474,1403.550653036358,826.023681590248,1494.5322971467358,1121.4881378858975,981.1930480106329,671.4827828463922,993.3353780582802,1203.8692256619986,1388.136837810272,1400.3174008062217,981.1930480106329,878.4708055412868,1082.604735024651,787.2462883451332,862.1016174262784,993.3353780582802,1109.848410258086,1041.2705500944126,1503.4339430670148,1315.3373264923448,862.1016174262784
filtrado_dysplasia_FA_HN11A_3_mac.csv,1025.1369083839718,854.930991802875,782.1247102994948,794.6388266446676,891.0100740211059,1272.3944872848742,0.0,536.184450493423,655.07624327741,823.2528202923015,1025.1369083839718,776.1531330644592,858.3632036425591,940.8994724269843,750.2503405650787,1083.667812965898,806.5774853339595,663.4096076475666,946.0646057119832,845.3756381036593,536.184450493423,1042.2213355739975,783.7865520358272,671.048120156622,661.0069517384525,940.8994724269843,1009.1355556880109,776.1531330644592,845.3756381036593,943.6318580155996,750.2503405650787,735.7910373571128,806.5774853339595,1212.9030314586182,1212.9030314586182,783.363825544925,858.3632036425591,536.184450493423,643.3167039500985,946.0646057119832,1042.2213355739975,776.1531330644592,943.6318580155996,735.7910373571128,736.2524449833245,735.7910373571128,661.0069517384525,1009.1355556880109,972.571446979184,794.6388266446675,780.0521222117688,993.2634012619419,704.7093042456906,1012.439199208855,668.9863206388926,665.3361357034676,1083.667812965898,946.0646057119832,794.6388266446675,736.2524449833245,661.1085150871779,601.3118375188154,993.2634012619419,747.1840485285577,806.5774853339595,891.0100740211061,972.571446979184,823.2528202923015,1012.439199208855,1087.8201187631298,668.9863206388926,736.2524449833245,993.2634012619419,1178.9226578916798,1083.667812965898,661.1085150871779,1087.8201187631298,1272.3944872848742,704.7093042456906,823.2528202923015,943.6318580155996,1012.439199208855,1178.9226578916798,661.0069517384525,770.2261746879113,747.1840485285577,663.4096076475666,663.4096076475666,854.930991802875,661.1085150871779,0.0,665.3361357034676,782.1403220365356,655.07624327741,972.571446979184,778.3745032366985,0.0,782.1247102994948,783.7865520358272,883.4504772497226,782.1403220365356,665.3361357034676,1042.2213355739975,1212.9030314586182,668.9863206388926,1178.9226578916798,671.048120156622,707.3824943643767,643.3167039500985,780.0521222117688,783.363825544925,707.3824943643767,747.1840485285577,1272.3944872848742,883.4504772497226,782.1247102994948,643.3167039500985,1025.1369083839718,782.1403220365356,891.0100740211061,655.07624327741,845.3756381036593,780.0521222117688,940.8994724269843,854.930991802875,601.3118375188154,750.2503405650787,778.3745032366985,671.048120156622,1087.8201187631298,858.3632036425591,601.3118375188154,704.7093042456906,707.3824943643767,783.7865520358272,770.2261746879113,778.3745032366985,783.363825544925,663.4096076475666,883.4504772497226,1009.1355556880109,770.2261746879113
filtrado_filtrado_stroma_ad_carcinoma_FA_HN11A_2_mac.csv,872.1953671857067,829.7159595109277,667.6210606472359,680.5075665437397,943.2544150411618,1096.1744195867457,536.184450493423,0.0,502.36851413014415,737.1157892662118,872.1953671857067,636.9514558585505,740.1973074582112,942.1918889424121,592.8872157596428,928.6828513349188,743.9175824393834,574.6970827649573,774.0816306595001,742.4025883567987,0.0,927.0262558750738,634.8756918572526,513.6381209987891,538.7544010709063,942.1918889424121,1065.1430419686446,636.9514558585505,742.4025883567987,956.7581196113058,592.8872157596428,612.3370529057418,743.9175824393834,1205.306480881801,1205.306480881801,735.3919055034673,740.1973074582112,0.0,444.43619271709684,774.0816306595001,927.0262558750738,636.9514558585505,956.7581196113058,612.3370529057418,582.7321770713272,612.3370529057418,538.7544010709063,1065.1430419686446,876.436462741608,680.5075665437397,650.575269411997,926.7788069902447,590.5299625501085,997.8078250645641,489.59178875577476,515.4520715210268,928.6828513349188,774.0816306595001,680.5075665437397,582.7321770713272,495.78343755425,471.66019346859844,926.7788069902447,664.5845296820478,743.9175824393834,943.2544150411624,876.436462741608,737.1157892662118,997.8078250645641,1200.3403786486474,489.59178875577476,582.7321770713272,926.7788069902447,1053.7519727270017,928.6828513349188,495.78343755425,1200.3403786486474,1096.1744195867452,590.5299625501085,737.1157892662118,956.7581196113058,997.8078250645641,1053.7519727270017,538.7544010709063,632.3696243835456,664.5845296820478,574.6970827649573,574.6970827649573,829.7159595109284,495.78343755425,536.1844504934228,515.4520715210268,768.317008341118,502.36851413014415,876.436462741608,717.2446734082063,536.1844504934228,667.621060647236,634.8756918572526,813.3273123499237,768.317008341118,515.4520715210268,927.0262558750738,1205.306480881801,489.59178875577476,1053.7519727270017,513.6381209987891,527.8717289646064,444.43619271709684,650.575269411997,735.3919055034673,527.8717289646064,664.5845296820478,1096.1744195867452,813.3273123499237,667.621060647236,444.43619271709684,872.1953671857067,768.317008341118,943.2544150411624,502.36851413014415,742.4025883567987,650.575269411997,942.1918889424121,829.7159595109284,471.66019346859844,592.8872157596428,717.2446734082063,513.6381209987891,1200.3403786486474,740.1973074582112,471.66019346859844,590.5299625501085,527.8717289646064,634.8756918572526,632.3696243835456,717.2446734082063,735.3919055034673,574.6970827649573,813.3273123499237,1065.1430419686446,632.3696243835456
stroma_ad_carcinoma_FA_HN14_2_mac.csv,544.9659620253307,576.5221467791641,489.80048149810557,467.85817096446715,795.4661840837928,1002.5813412631474,655.07624327741,502.36851413014415,0.0,864.1880833226899,544.9659620253308,463.44025290278745,635.6906819000121,790.3853850796729,509.4186301016276,946.6210804760965,543.0867108490626,386.2771833462245,856.3179747429814,939.8664079097919,502.36851413014415,594.5268707903804,470.6255580823426,734.8241862345678,496.28637314820173,790.3853850796729,807.9474101620661,463.44025290278745,939.8664079097919,654.7570201526692,509.4186301016276,691.3407217464382,543.0867108490626,957.1623311038528,957.1623311038528,576.932399717872,635.6906819000121,502.36851413014415,413.15312087364003,856.3179747429814,594.5268707903804,463.44025290278745,654.7570201526692,691.3407217464382,688.030125128991,691.3407217464382,496.28637314820173,807.9474101620661,671.0898978489695,467.85817096446715,757.766129784923,793.3342101200194,548.9095618040553,759.6571416395915,366.4069963412933,380.3193071674573,946.6210804760965,856.3179747429814,467.85817096446715,688.030125128991,413.2080721980159,342.65063432071264,793.3342101200194,563.8070123806349,543.0867108490626,795.4661840837927,671.0898978489695,864.1880833226899,759.6571416395915,908.867819687078,366.4069963412933,688.030125128991,793.3342101200194,726.7655627802599,946.6210804760965,413.2080721980159,908.867819687078,1002.5813412631477,548.9095618040553,864.1880833226899,654.7570201526692,759.6571416395915,726.7655627802599,496.28637314820173,711.664042017135,563.8070123806349,386.2771833462245,386.2771833462245,576.5221467791642,413.2080721980159,655.0762432774103,380.3193071674573,627.7405106159206,0.0,671.0898978489695,622.8691166870295,655.0762432774103,489.8004814981058,470.6255580823426,728.578558599443,627.7405106159206,380.3193071674573,594.5268707903804,957.1623311038528,366.4069963412933,726.7655627802599,734.8241862345678,333.229083646481,413.15312087364003,757.766129784923,576.932399717872,333.229083646481,563.8070123806349,1002.5813412631477,728.578558599443,489.8004814981058,413.15312087364003,544.9659620253308,627.7405106159206,795.4661840837927,0.0,939.8664079097919,757.766129784923,790.3853850796729,576.5221467791642,342.65063432071264,509.4186301016276,622.8691166870295,734.8241862345678,908.867819687078,635.6906819000121,342.65063432071264,548.9095618040553,333.229083646481,470.6255580823426,711.664042017135,622.8691166870295,576.932399717872,386.2771833462245,728.578558599443,807.9474101620661,711.664042017135
dysplasia_FA_HN15_5_mac.csv,1133.7247341010614,1170.4417533132348,1095.2148973748654,1114.293279553348,1369.2381557655217,1061.4715216946818,823.2528202923015,737.1157892662118,864.1880833226899,0.0,1133.7247341010614,915.2295310582674,1061.855702474075,1341.570033402093,731.1860420287076,882.9593038974192,1148.175546153207,927.3542812619096,640.6194353999747,712.0944561626835,737.1157892662118,1179.8885700668764,858.4158022094944,644.7287578809687,797.231031646297,1341.570033402093,1370.4868095019508,915.2295310582674,712.0944561626835,1210.1110272352985,731.1860420287076,849.8989779955452,1148.175546153207,1543.3532489700624,1543.3532489700624,1132.0807701518588,1061.855702474075,737.1157892662118,755.6595948762283,640.6194353999747,1179.8885700668764,915.2295310582674,1210.1110272352985,849.8989779955452,805.3570335390068,849.8989779955452,797.231031646297,1370.4868095019508,1279.292710406961,1114.2932795533477,691.1069549439967,1427.0307319715907,901.2618879180819,1389.7354204859762,822.9358702927117,895.9947565756706,882.9593038974192,640.6194353999747,1114.2932795533477,805.3570335390068,887.9879696620192,738.1212215642057,1427.0307319715907,818.6013922391506,1148.175546153207,1369.2381557655212,1279.292710406961,0.0,1389.7354204859762,1468.3699988271037,822.9358702927117,805.3570335390068,1427.0307319715907,1302.0571105161039,882.9593038974192,887.9879696620192,1468.3699988271037,1061.4715216946822,901.2618879180819,0.0,1210.1110272352985,1389.7354204859762,1302.0571105161039,797.231031646297,437.65158518828247,818.6013922391506,927.3542812619096,927.3542812619096,1170.4417533132348,887.9879696620192,823.2528202923016,895.9947565756706,1071.2476637152245,864.1880833226901,1279.292710406961,1100.2888419710355,823.2528202923016,1095.2148973748654,858.4158022094944,1290.6885371908734,1071.2476637152245,895.9947565756706,1179.8885700668764,1543.3532489700624,822.9358702927117,1302.0571105161039,644.7287578809687,857.0644375486849,755.6595948762283,691.1069549439967,1132.0807701518588,857.0644375486849,818.6013922391506,1061.4715216946822,1290.6885371908734,1095.2148973748654,755.6595948762283,1133.7247341010614,1071.2476637152245,1369.2381557655212,864.1880833226901,712.0944561626835,691.1069549439967,1341.570033402093,1170.4417533132348,738.1212215642057,731.1860420287076,1100.2888419710355,644.7287578809687,1468.3699988271037,1061.855702474075,738.1212215642057,901.2618879180819,857.0644375486849,858.4158022094944,437.65158518828247,1100.2888419710355,1132.0807701518588,927.3542812619096,1290.6885371908734,1370.4868095019508,437.65158518828247
filtrado_dysplasia_FA_HN14_2_mac.csv,0.0,373.8677001559905,442.0418100291799,435.528789110683,816.8849165975616,995.1211549358054,1025.1369083839718,872.1953671857067,544.9659620253308,1133.7247341010614,0.0,472.65406199193205,880.1718756578277,788.8941674729681,719.9707870237604,993.8096943072628,457.7267556499373,564.7705796013292,1030.2705095755684,1372.2822784214245,872.1953671857067,82.6379789145557,517.0121024623355,1144.4805738809844,747.9026757001365,788.8941674729681,371.7639881906853,472.65406199193205,1372.2822784214245,176.3182598047032,719.9707870237604,1056.1176293714805,457.7267556499373,510.5014263997765,510.5014263997765,530.2881497011876,880.1718756578277,872.1953671857067,738.1010600774249,1030.2705095755684,82.6379789145557,472.65406199193205,176.3182598047032,1056.1176293714805,940.6895760611602,1056.1176293714805,747.9026757001365,371.7639881906853,322.94631070700575,435.528789110683,1020.3427092566282,665.8274063520948,675.4680884637169,460.61304336406374,612.9476889046903,584.2401658838892,993.8096943072628,1030.2705095755684,435.528789110683,940.6895760611602,717.9692786328184,708.4464882716322,665.8274063520948,850.920349756956,457.7267556499373,816.8849165975619,322.94631070700575,1133.7247341010614,460.61304336406374,463.99453973870374,612.9476889046903,940.6895760611602,665.8274063520948,242.58533403350592,993.8096943072628,717.9692786328184,463.99453973870374,995.1211549358055,675.4680884637169,1133.7247341010614,176.3182598047032,460.61304336406374,242.58533403350592,747.9026757001365,988.4429504216034,850.920349756956,564.7705796013292,564.7705796013292,373.8677001559906,717.9692786328184,1025.1369083839718,584.2401658838892,543.7023692298957,544.9659620253307,322.94631070700575,648.7359913567748,1025.1369083839718,442.0418100291798,517.0121024623355,926.5081554634456,543.7023692298957,584.2401658838892,82.6379789145557,510.5014263997765,612.9476889046903,242.58533403350592,1144.4805738809844,590.2691480391818,738.1010600774249,1020.3427092566282,530.2881497011876,590.2691480391818,850.920349756956,995.1211549358055,926.5081554634456,442.0418100291798,738.1010600774249,0.0,543.7023692298957,816.8849165975619,544.9659620253307,1372.2822784214245,1020.3427092566282,788.8941674729681,373.8677001559906,708.4464882716322,719.9707870237604,648.7359913567748,1144.4805738809844,463.99453973870374,880.1718756578277,708.4464882716322,675.4680884637169,590.2691480391818,517.0121024623355,988.4429504216034,648.7359913567748,530.2881497011876,564.7705796013292,926.5081554634456,371.7639881906853,988.4429504216034
dysplasia_FA_HN11A_5_mac.csv,472.65406199193205,488.47390905632915,521.3366623068694,478.6256533569193,756.305436139098,927.5081410493788,776.1531330644592,636.9514558585505,463.44025290278745,915.2295310582674,472.65406199193205,0.0,762.1516035900911,761.3673274893316,568.0401158100303,886.8556835823221,562.4890181686088,425.13762618226485,876.7357748991832,1104.614882627177,636.95145585855,482.3507764589426,383.782604185158,870.0970633828733,588.0693941368633,761.3673274893316,663.6629223150611,0.0,1104.614882627177,531.957220406951,568.0401158100303,837.1809148997012,562.4890181686088,795.0212857984857,795.0212857984857,487.30591549347537,762.1516035900911,636.95145585855,515.2707484728315,876.7357748991832,482.3507764589426,0.0,531.957220406951,837.1809148997012,694.76091589724,837.1809148997012,588.0693941368633,663.6629223150611,601.2395576054698,478.6256533569191,781.8448820114289,783.4854310428277,511.88771863397574,678.0690430928821,474.2283537775055,446.3562903564076,886.8556835823221,876.7357748991832,478.6256533569191,694.76091589724,580.3576060827663,528.1298698769612,783.4854310428277,715.8332374299463,562.4890181686088,756.305436139098,601.2395576054698,915.2295310582672,678.0690430928821,755.128217837706,474.2283537775055,694.76091589724,783.4854310428277,604.4031084194141,886.8556835823221,580.3576060827663,755.128217837706,927.5081410493792,511.88771863397574,915.2295310582672,531.957220406951,678.0690430928821,604.4031084194141,588.0693941368633,817.0946021575476,715.8332374299463,425.13762618226485,425.13762618226485,488.47390905632915,580.3576060827663,776.1531330644591,446.3562903564076,481.4076144480732,463.4402529027874,601.2395576054698,495.4871460443979,776.1531330644591,521.3366623068691,383.782604185158,848.1137278749784,481.4076144480732,446.3562903564076,482.3507764589426,795.0212857984857,474.2283537775055,604.4031084194141,870.0970633828733,484.3771096843601,515.2707484728315,781.8448820114289,487.30591549347537,484.3771096843601,715.8332374299463,927.5081410493792,848.1137278749784,521.3366623068691,515.2707484728315,472.65406199193194,481.4076144480732,756.305436139098,463.4402529027874,1104.614882627177,781.8448820114289,761.3673274893316,488.47390905632915,528.1298698769612,568.0401158100303,495.4871460443979,870.0970633828733,755.128217837706,762.1516035900911,528.1298698769612,511.88771863397574,484.3771096843601,383.782604185158,817.0946021575476,495.4871460443979,487.30591549347537,425.13762618226485,848.1137278749784,663.6629223150611,817.0946021575476
dysplasia_FA_HN15_2_mac.csv,880.1718756578277,812.3315279969881,675.1131547643413,643.7361484362333,810.5219221541774,1400.3174008062217,858.3632036425591,740.1973074582112,635.6906819000121,1061.855702474075,880.1718756578277,762.1516035900911,0.0,801.8853821969727,931.1400962952379,1380.7336240872705,750.7433899347712,713.2012642942634,1204.1172507182594,928.1344065192736,740.1973074582112,902.9859326800276,831.0992644359678,835.4169104580945,749.9619558733597,801.8853821969727,1020.9423694883176,762.1516035900911,928.1344065192736,908.7099836751372,931.1400962952379,542.1105261243471,750.7433899347712,1207.7361351337854,1207.7361351337854,780.5127362995207,0.0,740.1973074582112,714.0251141228606,1204.1172507182594,902.9859326800276,762.1516035900911,908.7099836751372,542.1105261243471,926.6742428938792,542.1105261243471,749.9619558733597,1020.9423694883176,893.2435235755825,643.7361484362334,1063.0722501302323,788.675781597132,820.4481886093707,927.9927170830528,564.7170255178626,626.3910286879491,1380.7336240872705,1204.1172507182594,643.7361484362334,926.6742428938792,519.0193631441609,621.6871409351075,788.675781597132,514.4672177532393,750.7433899347712,810.5219221541777,893.2435235755825,1061.8557024740744,927.9927170830528,1132.2819209351198,564.7170255178626,926.6742428938792,788.675781597132,1053.659701725742,1380.7336240872705,519.0193631441609,1132.2819209351198,1400.3174008062222,820.4481886093707,1061.8557024740744,908.7099836751372,927.9927170830528,1053.659701725742,749.9619558733597,1024.8603444461069,514.4672177532393,713.2012642942634,713.2012642942634,812.3315279969886,519.0193631441609,858.3632036425593,626.3910286879491,918.0141156241057,635.6906819000119,893.2435235755825,872.1812998587798,858.3632036425593,675.1131547643415,831.0992644359678,708.7504128607891,918.0141156241057,626.3910286879491,902.9859326800276,1207.7361351337854,564.7170255178626,1053.659701725742,835.4169104580945,563.4955289109996,714.0251141228606,1063.0722501302323,780.5127362995207,563.4955289109996,514.4672177532393,1400.3174008062222,708.7504128607891,675.1131547643415,714.0251141228606,880.1718756578277,918.0141156241057,810.5219221541777,635.6906819000119,928.1344065192736,1063.0722501302323,801.8853821969727,812.3315279969886,621.6871409351075,931.1400962952379,872.1812998587798,835.4169104580945,1132.2819209351198,0.0,621.6871409351075,820.4481886093707,563.4955289109996,831.0992644359678,1024.8603444461069,872.1812998587798,780.5127362995207,713.2012642942634,708.7504128607891,1020.9423694883176,1024.8603444461069
