,dysplasia_FA_HN11A_1_linfoides_mieloides_notumorales.csv,stroma_ad_carcinoma_FA_HN14_4_linfoides_mieloides_notumorales.csv,stroma_ad_dysplasia_FA_HN15_5_linfoides_mieloides_notumorales.csv,stroma_ad_dysplasia_FA_HN14_2_linfoides_mieloides_notumorales.csv,stroma_ad_dysplasia_FA_HN11A_3_linfoides_mieloides_notumorales.csv,dysplasia_FA_HN11A_4_linfoides_mieloides_notumorales.csv,dysplasia_FA_HN11A_2_linfoides_mieloides_notumorales.csv,dysplasia_FA_HN14_2_linfoides_mieloides_notumorales.csv,stroma_ad_dysplasia_FA_HN15_4_linfoides_mieloides_notumorales.csv,stroma_ad_carcinoma_FA_HN15_4_linfoides_mieloides_notumorales.csv,dysplasia_FA_HN11A_3_linfoides_mieloides_notumorales.csv,stroma_ad_dysplasia_FA_HN15_2_linfoides_mieloides_notumorales.csv,carcinoma_FA_HN14_3_linfoides_mieloides_notumorales.csv,stroma_ad_carcinoma_FA_HN11A_1_linfoides_mieloides_notumorales.csv,dysplasia_FA_HN15_3_linfoides_mieloides_notumorales.csv,carcinoma_FA_HN15_1_linfoides_mieloides_notumorales.csv,stroma_ad_dysplasia_FA_HN14_4_linfoides_mieloides_notumorales.csv,carcinoma_FA_HN11A_2_linfoides_mieloides_notumorales.csv,dysplasia_FA_HN11A_5_linfoides_mieloides_notumorales.csv,stroma_ad_carcinoma_FA_HN15_2_linfoides_mieloides_notumorales.csv,stroma_ad_dysplasia_FA_HN11A_4_linfoides_mieloides_notumorales.csv,dysplasia_FA_HN14_1_linfoides_mieloides_notumorales.csv,carcinoma_FA_HN11A_1_linfoides_mieloides_notumorales.csv,carcinoma_FA_HN14_2_linfoides_mieloides_notumorales.csv,stroma_ad_carcinoma_FA_HN14_3_linfoides_mieloides_notumorales.csv,stroma_ad_carcinoma_FA_HN11A_2_linfoides_mieloides_notumorales.csv,stroma_ad_dysplasia_FA_HN11A_5_linfoides_mieloides_notumorales.csv,stroma_ad_carcinoma_FA_HN15_1_linfoides_mieloides_notumorales.csv,stroma_ad_dysplasia_FA_HN14_1_linfoides_mieloides_notumorales.csv,stroma_ad_dysplasia_FA_HN14_3_linfoides_mieloides_notumorales.csv,stroma_ad_dysplasia_FA_HN11A_1_linfoides_mieloides_notumorales.csv,stroma_ad_carcinoma_FA_HN14_5_linfoides_mieloides_notumorales.csv,dysplasia_FA_HN15_5_linfoides_mieloides_notumorales.csv,carcinoma_FA_HN11A_5_linfoides_mieloides_notumorales.csv,carcinoma_FA_HN11A_4_linfoides_mieloides_notumorales.csv,dysplasia_FA_HN15_2_linfoides_mieloides_notumorales.csv,carcinoma_FA_HN14_4_linfoides_mieloides_notumorales.csv,carcinoma_FA_HN15_2_linfoides_mieloides_notumorales.csv,stroma_ad_carcinoma_FA_HN15_3_linfoides_mieloides_notumorales.csv,carcinoma_FA_HN14_1_linfoides_mieloides_notumorales.csv,stroma_ad_dysplasia_FA_HN11A_2_linfoides_mieloides_notumorales.csv,stroma_ad_carcinoma_FA_HN14_1_linfoides_mieloides_notumorales.csv,stroma_ad_dysplasia_FA_HN15_3_linfoides_mieloides_notumorales.csv,stroma_ad_carcinoma_FA_HN14_2_linfoides_mieloides_notumorales.csv,stroma_ad_dysplasia_FA_HN15_1_linfoides_mieloides_notumorales.csv,carcinoma_FA_HN11A_3_linfoides_mieloides_notumorales.csv
dysplasia_FA_HN11A_1_linfoides_mieloides_notumorales.csv,2.0647915924418056e-308,29.214594178640738,42.57979028277512,33.01627418862998,44.05536686817376,87.96434501990569,25.997809685785995,38.06442551581364,38.25655180334678,61.17136298002009,28.72739410486784,44.38119551664663,49.9859499634116,59.25216617979724,96.50177249518146,42.57979028277512,35.32529489940737,99.27042692397305,42.57979028277512,42.54323835401908,21.557410430687966,53.177362015552234,42.57979028277512,36.17153490888788,31.74590247099283,53.148185348689665,42.57979028277512,101.70785187477503,32.046786791934935,50.40139524392083,38.50295587717575,41.150226251775734,42.57979028277512,43.077668580590924,39.17378456068697,38.06442551581364,50.319043071938495,37.433107353058446,71.8862969431,35.85236562661572,35.05390377441685,39.22744960810607,59.948227257706804,42.57979028277512,29.1019648379216,80.77734259713645
stroma_ad_carcinoma_FA_HN14_4_linfoides_mieloides_notumorales.csv,29.214594178640738,1.518928569233952e-308,61.59436160977063,47.46286570207951,61.59436160977063,87.96434501990569,32.90944453468927,54.55839123438474,45.501255951917926,58.571042546863055,26.450791773088838,41.74602994568389,45.713820314443296,61.59436160977063,96.50177249518146,31.03869467208935,35.32529489940737,79.20395363088761,61.59436160977063,42.54323835401908,27.690108237623576,61.59436160977063,61.59436160977063,28.54092005470617,54.3902977373715,55.17592100412625,58.915780281493,101.70785187477503,27.690108237623576,50.40139524392083,44.58555023088772,56.534973639388085,61.11451271171529,43.07766858059094,29.82837225184457,45.25205921443475,34.934295684326145,33.91599312357653,71.8862969431,46.763363063988066,50.4386511620292,27.690108237623576,59.948227257706804,58.565912724244725,44.76160931951313,80.77734259713645
stroma_ad_dysplasia_FA_HN15_5_linfoides_mieloides_notumorales.csv,42.57979028277512,61.59436160977063,1.756457033589029e-308,39.328999798335886,44.05536686817376,87.96434501990569,57.99211587481091,27.513135704620765,38.25655180334678,61.17136298002009,38.23870307815923,33.05105115219172,36.22136607137212,59.25216617979724,96.50177249518146,46.199900990245766,50.84974817131895,79.20395363088761,40.2431697917869,47.14697923642572,49.417941862950315,53.177362015552234,30.705889643841033,55.20922569516847,23.56382170727997,47.005422911184695,30.257154411808102,101.70785187477503,54.88267390710146,51.41872900975652,41.60047710587061,30.705889643841033,35.38255050639336,43.077668580590924,47.03141612144077,35.883764217630414,56.39996940553958,72.98875828582459,71.8862969431,37.2640050974386,30.705889643841033,49.6117240043517,59.948227257706804,30.705889643841033,25.190879587494564,80.77734259713645
stroma_ad_dysplasia_FA_HN14_2_linfoides_mieloides_notumorales.csv,33.01627418862998,47.46286570207951,39.328999798335886,1.0820899157284434e-308,44.05536686817379,87.96434501990569,33.68062973321554,39.087525476920405,49.92166699320167,55.41107520839523,30.93398310565459,44.38119551664664,56.038052740448606,48.0871234425524,96.50177249518146,31.443228065467224,58.75292408842418,102.26773680109929,41.42244737634459,32.30716801856076,35.575223635275194,53.177362015552234,31.443228065467224,41.390677966789696,33.53819779742241,53.148185348689665,31.443228065467224,101.70785187477503,31.443228065467224,50.40139524392083,34.063755979638074,31.443228065467224,49.38623160083597,32.12657349304891,32.06945633256419,41.42244737634459,73.64236827395362,55.46294696750766,68.9774937031479,31.443228065467224,38.69120167665295,64.70244884144347,44.2978596394571,40.74332405454311,39.194560681937176,80.77734259713645
stroma_ad_dysplasia_FA_HN11A_3_linfoides_mieloides_notumorales.csv,44.05536686817376,61.59436160977063,44.05536686817376,44.05536686817379,1.653541964113863e-308,87.96434501990569,54.108250010005804,29.533000612142025,38.25655180334678,52.87186907697151,44.05536686817376,44.38119551664663,56.038052740448606,58.39558947277919,96.50177249518146,44.05536686817379,59.045139007852555,102.26773680109929,44.05536686817379,47.14697923642572,44.62463132091986,53.177362015552234,44.05536686817376,55.20922569516847,44.05536686817376,51.3682716155065,44.05536686817376,75.61616918497867,46.898350203640405,51.41872900975652,44.05536686817379,44.05536686817379,44.05536686817376,37.39540822676909,44.05536686817379,44.05536686817376,73.64236827395362,72.98875828582459,46.2330586834599,44.05536686817379,44.05536686817376,64.70244884144347,54.807896804902555,44.05536686817376,44.05536686817376,80.77734259713645
dysplasia_FA_HN11A_4_linfoides_mieloides_notumorales.csv,87.96434501990569,87.96434501990569,87.96434501990569,87.96434501990569,87.96434501990569,1.295750675596395e-308,87.96434501990569,87.96434501990569,87.96434501990569,87.96434501990569,76.93108178264134,87.96434501990569,87.96434501990569,87.96434501990569,96.50177249518146,87.96434501990569,87.96434501990569,67.59254591731175,63.834833497972454,87.96434501990569,87.96434501990569,72.25888563501258,87.96434501990569,87.96434501990569,87.96434501990569,87.96434501990569,87.96434501990569,87.96434501990569,87.96434501990569,87.96434501990569,87.96434501990569,87.96434501990569,87.96434501990569,87.96434501990569,87.96434501990569,87.96434501990569,87.96434501990569,70.38539852274948,87.96434501990569,87.96434501990569,87.96434501990569,87.96434501990569,87.96434501990569,87.96434501990569,87.96434501990569,87.96434501990569
dysplasia_FA_HN11A_2_linfoides_mieloides_notumorales.csv,25.997809685785995,32.90944453468927,57.99211587481091,33.68062973321554,54.108250010005804,87.96434501990569,2.2077468561184e-308,57.99211587481091,52.079000450862466,61.17136298002009,28.72739410486784,47.08628368209391,52.291564813387836,59.25216617979724,96.50177249518146,37.523656696919005,35.32529489940737,92.79883293088815,57.99211587481091,37.50630295708322,29.784109147198592,53.17736201555226,54.405617790961486,27.321716283832103,46.9531185971466,53.14818534868968,45.13354431262903,101.70785187477503,28.271258855947394,50.40139524392083,36.99066566670524,42.75273767052411,47.33227674285132,35.36641880116923,37.523656696919005,51.82980371337929,48.71653165319012,33.91599312357653,71.8862969431,32.981127095124094,37.523656696919005,37.62493818935769,59.948227257706804,44.78367675538075,34.214465405386505,80.77734259713645
dysplasia_FA_HN14_2_linfoides_mieloides_notumorales.csv,38.06442551581364,54.55839123438474,27.513135704620765,39.087525476920405,29.533000612142025,87.96434501990569,57.99211587481091,1.963213546353519e-308,38.25655180334678,61.17136298002009,32.688139975204706,43.94502612222183,46.76344632817714,51.87481999677908,96.50177249518146,58.00704752415538,40.93795474821934,96.04792328873859,40.2431697917869,52.288291284300925,49.417941862950315,53.177362015552234,32.70381679970893,48.49985757773412,27.513135704620765,53.148185348689665,36.53285480844775,83.38793286697228,61.24934240785882,48.81499014966748,46.74579142108952,39.64968582122057,28.234044116389313,43.077668580590924,54.94487013100249,35.883764217630414,47.096539436704035,69.34710332106451,67.87939714139964,50.637401366574224,33.155381337299815,36.93186347723669,66.28997614342029,28.234044116389327,27.513135704620765,80.77734259713645
stroma_ad_dysplasia_FA_HN15_4_linfoides_mieloides_notumorales.csv,38.25655180334678,45.501255951917926,38.25655180334678,49.92166699320167,38.25655180334678,87.96434501990569,52.079000450862466,38.25655180334678,7.97703314800174e-309,53.0148577811066,38.25655180334678,38.25655180334678,38.645735959229796,59.25216617979724,96.50177249518146,59.63492263065743,49.71609036274981,87.93021291979124,47.52853581465412,53.47867315805732,44.05579570894119,53.177362015552234,43.55340042411912,39.4427222952673,38.25655180334678,47.17362454184965,38.25655180334678,101.70785187477503,61.24934240785882,47.78167949676116,54.41871977711958,46.299603119472934,38.25655180334678,38.25655180334678,54.94487013100249,38.25655180334678,38.97882906775669,60.289968038597706,44.509978335857,50.637401366574224,38.25655180334678,38.25655180334678,68.64629232848174,38.25655180334678,38.25655180334678,80.77734259713645
stroma_ad_carcinoma_FA_HN15_4_linfoides_mieloides_notumorales.csv,61.17136298002009,58.571042546863055,61.17136298002009,55.41107520839523,52.87186907697151,87.96434501990569,61.17136298002009,61.17136298002009,53.0148577811066,1.3511359052574854e-308,50.223113669194305,40.315070920220876,53.0148577811066,45.00274554391629,96.50177249518146,59.27500393990607,60.80779490372015,79.20395363088761,61.17136298002009,45.608741089723196,61.17136298002009,61.17136298002009,61.17136298002009,53.68929040076017,61.17136298002009,53.0148577811066,61.17136298002009,101.70785187477503,61.17136298002009,58.14513209137337,53.0148577811066,61.17136298002009,61.17136298002009,55.814538163147205,61.17136298002009,61.17136298002009,61.17136298002009,61.17136298002009,64.93229908243734,61.17136298002009,61.17136298002009,55.31732279241784,60.207250300775456,61.17136298002009,56.98752307863978,80.77734259713645
dysplasia_FA_HN11A_3_linfoides_mieloides_notumorales.csv,28.72739410486784,26.450791773088838,38.23870307815923,30.93398310565459,44.05536686817376,76.93108178264134,28.72739410486784,32.688139975204706,38.25655180334678,50.223113669194305,1.3230658388955884e-308,34.32202376845444,50.68756791491262,47.233814518553345,96.50177249518146,39.80792395393229,36.131124190387425,97.99220917084301,40.2431697917869,39.05737437826963,28.72739410486784,53.177362015552234,38.23870307815923,37.312652654645646,32.05712070991132,33.49352731051812,34.07471447745024,101.70785187477503,42.1723486305858,50.40139524392083,37.001411640531046,31.69390783534533,36.273446907672536,43.07766858059094,38.39964055348834,35.883764217630414,57.1930714349494,36.65896334585982,71.8862969431,36.62650963381435,28.72739410486784,48.68376802453648,50.65509378900333,33.72484692020197,28.60985040568424,80.77734259713645
stroma_ad_dysplasia_FA_HN15_2_linfoides_mieloides_notumorales.csv,44.38119551664663,41.74602994568389,33.05105115219172,44.38119551664664,44.38119551664663,87.96434501990569,47.08628368209391,43.94502612222183,38.25655180334678,40.315070920220876,34.32202376845444,1.8161436478748533e-308,38.21485304500186,52.56970771240907,96.50177249518146,41.74602994568389,44.38119551664664,79.20395363088761,44.38119551664664,42.54323835401908,44.38119551664664,53.177362015552234,44.38119551664663,34.4900907679596,44.38119551664663,40.5115807546058,44.38119551664663,101.70785187477503,49.83573383319316,50.40139524392083,38.21485304500186,44.38119551664664,44.38119551664663,44.38119551664663,44.38119551664664,44.38119551664663,44.38119551664664,55.29725126982915,71.8862969431,44.38119551664664,44.38119551664663,44.38119551664664,50.636344771404225,44.38119551664663,41.74602994568389,80.77734259713645
carcinoma_FA_HN14_3_linfoides_mieloides_notumorales.csv,49.9859499634116,45.713820314443296,36.22136607137212,56.038052740448606,56.038052740448606,87.96434501990569,52.291564813387836,46.76344632817714,38.645735959229796,53.0148577811066,50.68756791491262,38.21485304500186,1.696061101626495e-308,49.751287506453764,96.50177249518146,56.03805274044862,50.058839388400756,79.20395363088761,56.038052740448606,53.47867315805733,56.038052740448606,56.038052740448606,56.038052740448606,41.31294074835293,52.09570022483291,47.17362454184965,56.038052740448606,101.70785187477503,56.03805274044862,50.40139524392083,54.41871977711958,56.038052740448606,56.038052740448606,55.33160738349332,56.038052740448606,56.038052740448606,34.87553795848312,60.50253240112308,71.8862969431,56.038052740448606,56.038052740448606,31.28451377183751,60.69466529963037,56.038052740448606,34.3813034406798,80.77734259713645
stroma_ad_carcinoma_FA_HN11A_1_linfoides_mieloides_notumorales.csv,59.25216617979724,61.59436160977063,59.25216617979724,48.0871234425524,58.39558947277919,87.96434501990569,59.25216617979724,51.87481999677908,59.25216617979724,45.00274554391629,47.233814518553345,52.56970771240907,49.751287506453764,2.0153760494221284e-308,96.50177249518146,59.25216617979726,59.25216617979724,81.60629301830096,59.25216617979724,51.510053883536614,59.25216617979724,53.17736201555226,59.25216617979724,59.25216617979724,59.25216617979724,42.75143819030313,59.25216617979724,101.70785187477503,59.25216617979726,56.762968087259566,59.25216617979724,59.25216617979724,59.25216617979724,40.14466505647334,59.25216617979724,59.25216617979724,73.30693981604415,72.98875828582459,52.677662290249145,59.25216617979724,59.25216617979724,64.70244884144347,47.915262577067324,59.25216617979724,59.25216617979724,80.77734259713645
dysplasia_FA_HN15_3_linfoides_mieloides_notumorales.csv,96.50177249518146,96.50177249518146,96.50177249518146,96.50177249518146,96.50177249518146,96.50177249518146,96.50177249518146,96.50177249518146,96.50177249518146,96.50177249518146,96.50177249518146,96.50177249518146,96.50177249518146,96.50177249518146,1.067637891615303e-308,96.50177249518146,96.50177249518146,96.50177249518151,96.50177249518146,96.50177249518146,96.50177249518146,96.50177249518146,96.50177249518146,96.50177249518146,96.50177249518146,96.50177249518146,96.50177249518146,101.70785187477503,96.50177249518146,96.50177249518146,96.50177249518146,96.50177249518146,96.50177249518146,96.50177249518146,96.50177249518146,96.50177249518146,96.50177249518146,96.50177249518146,96.50177249518146,96.50177249518146,96.50177249518146,96.50177249518146,96.50177249518146,96.50177249518146,96.50177249518146,96.50177249518146
carcinoma_FA_HN15_1_linfoides_mieloides_notumorales.csv,42.57979028277512,31.03869467208935,46.199900990245766,31.443228065467224,44.05536686817379,87.96434501990569,37.523656696919005,58.00704752415538,59.63492263065743,59.27500393990607,39.80792395393229,41.74602994568389,56.03805274044862,59.25216617979726,96.50177249518146,1.7812513650497376e-308,43.50832030404375,102.26773680109929,52.7084602786847,44.051489126350106,32.168385095818934,54.594257620674824,37.14915908773611,41.390677966789696,43.52125662812486,39.64388139066648,27.87708560940365,101.70785187477503,17.847073761918978,50.40139524392083,31.65908410756012,25.496278967298736,46.199900990245766,43.07766858059094,29.116238463610415,57.89639191603973,65.9729903564155,39.0387759375175,71.8862969431,25.4860864939766,33.5591260967754,54.88139689258307,59.948227257706804,56.60624914043265,47.81203975174108,80.77734259713645
stroma_ad_dysplasia_FA_HN14_4_linfoides_mieloides_notumorales.csv,35.32529489940737,35.32529489940737,50.84974817131895,58.75292408842418,59.045139007852555,87.96434501990569,35.32529489940737,40.93795474821934,49.71609036274981,60.80779490372015,36.131124190387425,44.38119551664664,50.058839388400756,59.25216617979724,96.50177249518146,43.50832030404375,1.8022840710290056e-308,79.20395363088761,58.18816509420762,42.54323835401908,37.42565290657413,59.045139007852555,59.045139007852555,41.390677966789696,38.001794147190694,52.97057967280635,59.045139007852555,84.46657517797951,36.69060096158657,35.10258234650621,55.87560861723239,59.045139007852555,59.045139007852555,38.86432943394945,41.11843063818924,55.80873349666524,37.0863834792365,31.177215676860584,51.176436440819145,58.053421450332735,59.045139007852555,35.32529489940737,59.948227257706804,59.045139007852555,40.10146716936535,80.77734259713645
carcinoma_FA_HN11A_2_linfoides_mieloides_notumorales.csv,99.27042692397305,79.20395363088761,79.20395363088761,102.26773680109929,102.26773680109929,67.59254591731175,92.79883293088815,96.04792328873859,87.93021291979124,79.20395363088761,97.99220917084301,79.20395363088761,79.20395363088761,81.60629301830096,96.50177249518151,102.26773680109929,79.20395363088761,1.697303663534089e-308,102.26773680109929,94.15842808028509,102.26773680109929,102.26773680109929,102.26773680109929,79.20395363088761,101.38017718539436,79.20395363088761,102.26773680109929,87.0355720953365,102.26773680109929,79.20395363088761,79.20395363088761,102.26773680109929,102.26773680109929,102.26773680109929,102.26773680109929,102.26773680109929,79.20395363088761,75.88559827093255,94.91993700121202,102.26773680109929,102.26773680109929,79.20395363088761,81.51813696480065,102.26773680109929,79.20395363088761,89.36395382027388
dysplasia_FA_HN11A_5_linfoides_mieloides_notumorales.csv,42.57979028277512,61.59436160977063,40.2431697917869,41.42244737634459,44.05536686817379,63.834833497972454,57.99211587481091,40.2431697917869,47.52853581465412,61.17136298002009,40.2431697917869,44.38119551664664,56.038052740448606,59.25216617979724,96.50177249518146,52.7084602786847,58.18816509420762,102.26773680109929,1.450289336579968e-308,47.14697923642572,49.417941862950315,53.177362015552234,40.2431697917869,55.20922569516847,40.2431697917869,53.148185348689665,40.2431697917869,101.70785187477503,61.24934240785882,51.41872900975652,40.2431697917869,40.2431697917869,47.52853581465412,43.07766858059094,53.918782698929476,40.2431697917869,73.64236827395362,72.98875828582459,71.8862969431,40.2431697917869,40.2431697917869,64.70244884144347,63.55563011375574,40.2431697917869,42.471564082754966,80.77734259713645
stroma_ad_carcinoma_FA_HN15_2_linfoides_mieloides_notumorales.csv,42.54323835401908,42.54323835401908,47.14697923642572,32.30716801856076,47.14697923642572,87.96434501990569,37.50630295708322,52.288291284300925,53.47867315805732,45.608741089723196,39.05737437826963,42.54323835401908,53.47867315805733,51.510053883536614,96.50177249518146,44.051489126350106,42.54323835401908,94.15842808028509,47.14697923642572,1.472258408638618e-308,47.14697923642572,53.47867315805732,47.14697923642572,42.54323835401908,42.54323835401908,43.94138338521017,43.76008259797425,101.70785187477503,42.54323835401908,47.2378663557904,42.54323835401908,44.95614525732597,51.510053883536614,32.12657349304891,46.61848656674593,51.510053883536614,50.0899933678449,42.54323835401908,60.85410243053286,44.75769382982331,46.61848656674593,46.07232032287999,37.52729882613491,49.692112848696354,42.54323835401908,80.77734259713645
stroma_ad_dysplasia_FA_HN11A_4_linfoides_mieloides_notumorales.csv,21.557410430687966,27.690108237623576,49.417941862950315,35.575223635275194,44.62463132091986,87.96434501990569,29.784109147198592,49.417941862950315,44.05579570894119,61.17136298002009,28.72739410486784,44.38119551664664,56.038052740448606,59.25216617979724,96.50177249518146,32.168385095818934,37.42565290657413,102.26773680109929,49.417941862950315,47.14697923642572,6.649310957082163e-309,53.177362015552234,44.92199910187554,41.390677966789696,39.28838926251136,53.148185348689665,35.64992562354308,101.70785187477503,27.59738557053987,50.40139524392083,34.063755979638074,33.26911898143817,40.972860885144925,43.07766858059094,39.14477556530997,44.16507437874405,58.20015034227606,33.91599312357653,71.8862969431,31.456665078003795,38.47788164476687,47.108556878443636,59.948227257706804,35.30005806629481,31.98511179836585,80.77734259713645
dysplasia_FA_HN14_1_linfoides_mieloides_notumorales.csv,53.177362015552234,61.59436160977063,53.177362015552234,53.177362015552234,53.177362015552234,72.25888563501258,53.17736201555226,53.177362015552234,53.177362015552234,61.17136298002009,53.177362015552234,53.177362015552234,56.038052740448606,53.17736201555226,96.50177249518146,54.594257620674824,59.045139007852555,102.26773680109929,53.177362015552234,53.47867315805732,53.177362015552234,1.629881403276818e-308,53.177362015552234,55.20922569516847,53.177362015552234,53.177362015552234,53.177362015552234,89.83371697608027,61.24934240785882,53.177362015552234,54.37599327337793,53.177362015552234,53.177362015552234,53.177362015552234,53.2616774701965,53.177362015552234,73.64236827395362,72.29603530601295,53.17736201555226,50.63740136657424,53.177362015552234,64.70244884144347,62.898524885022766,53.177362015552234,53.177362015552234,80.77734259713645
carcinoma_FA_HN11A_1_linfoides_mieloides_notumorales.csv,42.57979028277512,61.59436160977063,30.705889643841033,31.443228065467224,44.05536686817376,87.96434501990569,54.405617790961486,32.70381679970893,43.55340042411912,61.17136298002009,38.23870307815923,44.38119551664663,56.038052740448606,59.25216617979724,96.50177249518146,37.14915908773611,59.045139007852555,102.26773680109929,40.2431697917869,47.14697923642572,44.92199910187554,53.177362015552234,9.437020744594603e-309,55.20922569516847,25.651963916568064,53.148185348689665,23.93530412473052,101.70785187477503,47.19571798459609,51.41872900975652,34.063755979638074,20.75023430186849,43.55340042411912,43.07766858059094,38.35948150798089,35.883764217630414,73.64236827395362,72.98875828582459,71.8862969431,23.690165394398207,25.86169252617306,64.70244884144347,59.948227257706804,27.15833806251419,33.81985882847307,80.77734259713645
carcinoma_FA_HN14_2_linfoides_mieloides_notumorales.csv,36.17153490888788,28.54092005470617,55.20922569516847,41.390677966789696,55.20922569516847,87.96434501990569,27.321716283832103,48.49985757773412,39.4427222952673,53.68929040076017,37.312652654645646,34.4900907679596,41.31294074835293,59.25216617979724,96.50177249518146,41.390677966789696,41.390677966789696,79.20395363088761,55.20922569516847,42.54323835401908,41.390677966789696,55.20922569516847,55.20922569516847,9.966663042541244e-309,48.33176408072087,49.11738734747563,52.20404210893932,101.70785187477503,41.390677966789696,50.40139524392083,39.50472639802625,49.823235466834404,54.40277453916161,43.07766858059094,41.390677966789696,41.390677966789696,41.646033856879825,41.390677966789696,71.8862969431,41.390677966789696,43.72691298947552,41.18940241811849,59.948227257706804,51.854174551691045,38.7030756628625,80.77734259713645
stroma_ad_carcinoma_FA_HN14_3_linfoides_mieloides_notumorales.csv,31.74590247099283,54.3902977373715,23.56382170727997,33.53819779742241,44.05536686817376,87.96434501990569,46.9531185971466,27.513135704620765,38.25655180334678,61.17136298002009,32.05712070991132,44.38119551664663,52.09570022483291,59.25216617979724,96.50177249518146,43.52125662812486,38.001794147190694,101.38017718539436,40.2431697917869,42.54323835401908,39.28838926251136,53.177362015552234,25.651963916568064,48.33176408072087,1.3809006642860095e-308,53.148185348689665,25.075869096492653,101.70785187477503,53.56781552498484,50.40139524392083,34.063755979638074,25.651963916568064,34.421833754814784,43.077668580590924,44.73157904836964,35.883764217630414,52.428793333359806,64.89826777938222,71.8862969431,27.796588236226142,30.562412337472722,41.33719986952738,59.948227257706804,25.651963916568064,29.1019648379216,80.77734259713645
stroma_ad_carcinoma_FA_HN11A_2_linfoides_mieloides_notumorales.csv,53.148185348689665,55.17592100412625,47.005422911184695,53.148185348689665,51.3682716155065,87.96434501990569,53.14818534868968,53.148185348689665,47.17362454184965,53.0148577811066,33.49352731051812,40.5115807546058,47.17362454184965,42.75143819030313,96.50177249518146,39.64388139066648,52.97057967280635,79.20395363088761,53.148185348689665,43.94138338521017,53.148185348689665,53.177362015552234,53.148185348689665,49.11738734747563,53.148185348689665,1.381959438412028e-308,53.148185348689665,101.70785187477503,53.14818534868968,50.40139524392083,32.38696169145899,53.148185348689665,53.148185348689665,53.148185348689665,53.14818534868968,53.148185348689665,58.52080090702698,69.96463309080602,68.09427992852449,53.148185348689665,53.148185348689665,51.7325555058391,44.20368415483537,53.148185348689665,38.40939545869708,80.77734259713645
stroma_ad_dysplasia_FA_HN11A_5_linfoides_mieloides_notumorales.csv,42.57979028277512,58.915780281493,30.257154411808102,31.443228065467224,44.05536686817376,87.96434501990569,45.13354431262903,36.53285480844775,38.25655180334678,61.17136298002009,34.07471447745024,44.38119551664663,56.038052740448606,59.25216617979724,96.50177249518146,27.87708560940365,59.045139007852555,102.26773680109929,40.2431697917869,43.76008259797425,35.64992562354308,53.177362015552234,23.93530412473052,52.20404210893932,25.075869096492653,53.148185348689665,7.06632444406296e-309,101.70785187477503,37.92364450626363,50.40139524392083,34.063755979638074,21.617261951642803,34.22318046213566,43.077668580590924,29.08740802964843,35.883764217630414,68.62788447790396,66.91586154692115,71.8862969431,24.996626956343086,27.30287150298514,61.8396390767161,59.948227257706804,36.53285480844775,30.077733835331173,80.77734259713645
stroma_ad_carcinoma_FA_HN15_1_linfoides_mieloides_notumorales.csv,101.70785187477503,101.70785187477503,101.70785187477503,101.70785187477503,75.61616918497867,87.96434501990569,101.70785187477503,83.38793286697228,101.70785187477503,101.70785187477503,101.70785187477503,101.70785187477503,101.70785187477503,101.70785187477503,101.70785187477503,101.70785187477503,84.46657517797951,87.0355720953365,101.70785187477503,101.70785187477503,101.70785187477503,89.83371697608027,101.70785187477503,101.70785187477503,101.70785187477503,101.70785187477503,101.70785187477503,9.584795396242845e-309,101.70785187477503,76.13724360615583,101.70785187477503,101.70785187477503,101.70785187477503,101.70785187477503,101.70785187477503,101.70785187477503,101.70785187477503,76.73369229754331,62.521007531413375,101.70785187477503,101.70785187477503,101.70785187477503,101.70785187477503,101.70785187477503,101.70785187477503,101.70785187477503
stroma_ad_dysplasia_FA_HN14_1_linfoides_mieloides_notumorales.csv,32.046786791934935,27.690108237623576,54.88267390710146,31.443228065467224,46.898350203640405,87.96434501990569,28.271258855947394,61.24934240785882,61.24934240785882,61.17136298002009,42.1723486305858,49.83573383319316,56.03805274044862,59.25216617979726,96.50177249518146,17.847073761918978,36.69060096158657,102.26773680109929,61.24934240785882,42.54323835401908,27.59738557053987,61.24934240785882,47.19571798459609,41.390677966789696,53.56781552498484,53.14818534868968,37.92364450626363,101.70785187477503,1.465868921065865e-308,50.40139524392083,34.063755979638074,35.54283786415871,42.82864199517651,43.07766858059094,35.58964994844965,61.24934240785882,55.926431459555516,33.91599312357653,71.8862969431,27.90153946114347,37.51198288813151,44.83483799572309,59.948227257706804,49.78852979797547,46.60435955538479,80.77734259713645
stroma_ad_dysplasia_FA_HN14_3_linfoides_mieloides_notumorales.csv,50.40139524392083,50.40139524392083,51.41872900975652,50.40139524392083,51.41872900975652,87.96434501990569,50.40139524392083,48.81499014966748,47.78167949676116,58.14513209137337,50.40139524392083,50.40139524392083,50.40139524392083,56.762968087259566,96.50177249518146,50.40139524392083,35.10258234650621,79.20395363088761,51.41872900975652,47.2378663557904,50.40139524392083,53.177362015552234,51.41872900975652,50.40139524392083,50.40139524392083,50.40139524392083,50.40139524392083,76.13724360615583,50.40139524392083,9.30774356534445e-309,50.40139524392083,50.40139524392083,50.40139524392083,34.68312600638552,50.40139524392083,50.40139524392083,50.40139524392083,45.45993141315995,32.55334105491511,50.40139524392083,50.40139524392083,50.40139524392083,59.948227257706804,50.40139524392083,50.40139524392083,80.77734259713645
stroma_ad_dysplasia_FA_HN11A_1_linfoides_mieloides_notumorales.csv,38.50295587717575,44.58555023088772,41.60047710587061,34.063755979638074,44.05536686817379,87.96434501990569,36.99066566670524,46.74579142108952,54.41871977711958,53.0148577811066,37.001411640531046,38.21485304500186,54.41871977711958,59.25216617979724,96.50177249518146,31.65908410756012,55.87560861723239,79.20395363088761,40.2431697917869,42.54323835401908,34.063755979638074,54.37599327337793,34.063755979638074,39.50472639802625,34.063755979638074,32.38696169145899,34.063755979638074,101.70785187477503,34.063755979638074,50.40139524392083,1.357549981104444e-308,34.063755979638074,54.41871977711958,43.07766858059094,34.866196734209765,44.34953635724136,64.30269795367118,52.58563149631587,71.8862969431,34.063755979638074,35.52666560221641,57.51445255248332,59.948227257706804,45.34499303736679,48.709962747544225,80.77734259713645
stroma_ad_carcinoma_FA_HN14_5_linfoides_mieloides_notumorales.csv,41.150226251775734,56.534973639388085,30.705889643841033,31.443228065467224,44.05536686817379,87.96434501990569,42.75273767052411,39.64968582122057,46.299603119472934,61.17136298002009,31.69390783534533,44.38119551664664,56.038052740448606,59.25216617979724,96.50177249518146,25.496278967298736,59.045139007852555,102.26773680109929,40.2431697917869,44.95614525732597,33.26911898143817,53.177362015552234,20.75023430186849,49.823235466834404,25.651963916568064,53.148185348689665,21.617261951642803,101.70785187477503,35.54283786415871,50.40139524392083,34.063755979638074,8.622145028965153e-309,39.678781840395104,43.07766858059094,30.050413544815783,38.2176231521899,73.64236827395362,64.53505490481623,71.8862969431,23.690165394398207,29.43092572873016,64.70244884144347,59.948227257706804,36.56808078391148,29.48711092149631,80.77734259713645
dysplasia_FA_HN15_5_linfoides_mieloides_notumorales.csv,42.57979028277512,61.11451271171529,35.38255050639336,49.38623160083597,44.05536686817376,87.96434501990569,47.33227674285132,28.234044116389313,38.25655180334678,61.17136298002009,36.273446907672536,44.38119551664663,56.038052740448606,59.25216617979724,96.50177249518146,46.199900990245766,59.045139007852555,102.26773680109929,47.52853581465412,51.510053883536614,40.972860885144925,53.177362015552234,43.55340042411912,54.40277453916161,34.421833754814784,53.148185348689665,34.22318046213566,101.70785187477503,42.82864199517651,50.40139524392083,54.41871977711958,39.678781840395104,1.365519029365992e-308,43.077668580590924,31.286140459870722,35.883764217630414,73.64236827395362,69.11459397714344,71.8862969431,37.2640050974386,32.30628539695543,64.70244884144347,59.948227257706804,30.16747804991583,29.1019648379216,80.77734259713645
carcinoma_FA_HN11A_5_linfoides_mieloides_notumorales.csv,43.077668580590924,43.07766858059094,43.077668580590924,32.12657349304891,37.39540822676909,87.96434501990569,35.36641880116923,43.077668580590924,38.25655180334678,55.814538163147205,43.07766858059094,44.38119551664663,55.33160738349332,40.14466505647334,96.50177249518146,43.07766858059094,38.86432943394945,102.26773680109929,43.07766858059094,32.12657349304891,43.07766858059094,53.177362015552234,43.07766858059094,43.07766858059094,43.077668580590924,53.148185348689665,43.077668580590924,101.70785187477503,43.07766858059094,34.68312600638552,43.07766858059094,43.07766858059094,43.077668580590924,1.5206779762522333e-308,43.07766858059094,43.077668580590924,55.664700492020216,42.45621404498878,45.30514971814847,43.07766858059094,43.077668580590924,44.57310702818779,45.85349352787165,43.077668580590924,43.077668580590924,80.77734259713645
carcinoma_FA_HN11A_4_linfoides_mieloides_notumorales.csv,39.17378456068697,29.82837225184457,47.03141612144077,32.06945633256419,44.05536686817379,87.96434501990569,37.523656696919005,54.94487013100249,54.94487013100249,61.17136298002009,38.39964055348834,44.38119551664664,56.038052740448606,59.25216617979724,96.50177249518146,29.116238463610415,41.11843063818924,102.26773680109929,53.918782698929476,46.61848656674593,39.14477556530997,53.2616774701965,38.35948150798089,41.390677966789696,44.73157904836964,53.14818534868968,29.08740802964843,101.70785187477503,35.58964994844965,50.40139524392083,34.866196734209765,30.050413544815783,31.286140459870722,43.07766858059094,1.1687175705567353e-308,54.94487013100249,64.76266793617071,37.82845351727272,71.8862969431,23.690165394398207,28.70949602653137,53.67107447233829,59.948227257706804,46.01582172087801,42.83165147828733,80.77734259713645
dysplasia_FA_HN15_2_linfoides_mieloides_notumorales.csv,38.06442551581364,45.25205921443475,35.883764217630414,41.42244737634459,44.05536686817376,87.96434501990569,51.82980371337929,35.883764217630414,38.25655180334678,61.17136298002009,35.883764217630414,44.38119551664663,56.038052740448606,59.25216617979724,96.50177249518146,57.89639191603973,55.80873349666524,102.26773680109929,40.2431697917869,51.510053883536614,44.16507437874405,53.177362015552234,35.883764217630414,41.390677966789696,35.883764217630414,53.148185348689665,35.883764217630414,101.70785187477503,61.24934240785882,50.40139524392083,44.34953635724136,38.2176231521899,35.883764217630414,43.077668580590924,54.94487013100249,8.118863493393935e-309,69.52986775560788,60.04077130111453,71.8862969431,42.171723524141015,35.883764217630414,62.74162235442002,68.64629232848174,35.883764217630414,35.883764217630414,80.77734259713645
carcinoma_FA_HN14_4_linfoides_mieloides_notumorales.csv,50.319043071938495,34.934295684326145,56.39996940553958,73.64236827395362,73.64236827395362,87.96434501990569,48.71653165319012,47.096539436704035,38.97882906775669,61.17136298002009,57.1930714349494,44.38119551664664,34.87553795848312,73.30693981604415,96.50177249518146,65.9729903564155,37.0863834792365,79.20395363088761,73.64236827395362,50.0899933678449,58.20015034227606,73.64236827395362,73.64236827395362,41.646033856879825,52.428793333359806,58.52080090702698,68.62788447790396,101.70785187477503,55.926431459555516,50.40139524392083,64.30269795367118,73.64236827395362,73.64236827395362,55.664700492020216,64.76266793617071,69.52986775560788,1.732181061907533e-308,36.73517284961957,71.88629694310004,73.64236827395362,69.26543884355834,32.99488801905545,59.948227257706804,73.64236827395362,63.745704467346826,80.77734259713645
carcinoma_FA_HN15_2_linfoides_mieloides_notumorales.csv,37.433107353058446,33.91599312357653,72.98875828582459,55.46294696750766,72.98875828582459,70.38539852274948,33.91599312357653,69.34710332106451,60.289968038597706,61.17136298002009,36.65896334585982,55.29725126982915,60.50253240112308,72.98875828582459,96.50177249518146,39.0387759375175,31.177215676860584,75.88559827093255,72.98875828582459,42.54323835401908,33.91599312357653,72.29603530601295,72.98875828582459,41.390677966789696,64.89826777938222,69.96463309080602,66.91586154692115,76.73369229754331,33.91599312357653,45.45993141315995,52.58563149631587,64.53505490481623,69.11459397714344,42.45621404498878,37.82845351727272,60.04077130111453,36.73517284961957,1.860316195184136e-308,60.7280307966555,54.76344432941622,58.43873242745735,33.91599312357653,59.948227257706804,66.56599398967288,55.99678263967863,80.77734259713645
stroma_ad_carcinoma_FA_HN15_3_linfoides_mieloides_notumorales.csv,71.8862969431,71.8862969431,71.8862969431,68.9774937031479,46.2330586834599,87.96434501990569,71.8862969431,67.87939714139964,44.509978335857,64.93229908243734,71.8862969431,71.8862969431,71.8862969431,52.677662290249145,96.50177249518146,71.8862969431,51.176436440819145,94.91993700121202,71.8862969431,60.85410243053286,71.8862969431,53.17736201555226,71.8862969431,71.8862969431,71.8862969431,68.09427992852449,71.8862969431,62.521007531413375,71.8862969431,32.55334105491511,71.8862969431,71.8862969431,71.8862969431,45.30514971814847,71.8862969431,71.8862969431,71.88629694310004,60.7280307966555,2.146290801690004e-308,71.8862969431,71.8862969431,71.8862969431,56.26535495812578,71.8862969431,71.8862969431,80.77734259713645
carcinoma_FA_HN14_1_linfoides_mieloides_notumorales.csv,35.85236562661572,46.763363063988066,37.2640050974386,31.443228065467224,44.05536686817379,87.96434501990569,32.981127095124094,50.637401366574224,50.637401366574224,61.17136298002009,36.62650963381435,44.38119551664664,56.038052740448606,59.25216617979724,96.50177249518146,25.4860864939766,58.053421450332735,102.26773680109929,40.2431697917869,44.75769382982331,31.456665078003795,50.63740136657424,23.690165394398207,41.390677966789696,27.796588236226142,53.148185348689665,24.996626956343086,101.70785187477503,27.90153946114347,50.40139524392083,34.063755979638074,23.690165394398207,37.2640050974386,43.07766858059094,23.690165394398207,42.171723524141015,73.64236827395362,54.76344432941622,71.8862969431,1.8995289835074246e-308,31.288751960507724,64.70244884144347,59.948227257706804,50.637401366574224,32.087371359842365,80.77734259713645
stroma_ad_dysplasia_FA_HN11A_2_linfoides_mieloides_notumorales.csv,35.05390377441685,50.4386511620292,30.705889643841033,38.69120167665295,44.05536686817376,87.96434501990569,37.523656696919005,33.155381337299815,38.25655180334678,61.17136298002009,28.72739410486784,44.38119551664663,56.038052740448606,59.25216617979724,96.50177249518146,33.5591260967754,59.045139007852555,102.26773680109929,40.2431697917869,46.61848656674593,38.47788164476687,53.177362015552234,25.86169252617306,43.72691298947552,30.562412337472722,53.148185348689665,27.30287150298514,101.70785187477503,37.51198288813151,50.40139524392083,35.52666560221641,29.43092572873016,32.30628539695543,43.077668580590924,28.70949602653137,35.883764217630414,69.26543884355834,58.43873242745735,71.8862969431,31.288751960507724,2.168917100617798e-308,62.47719344237048,59.948227257706804,23.04712304365725,29.1019648379216,80.77734259713645
