,dysplasia_FA_HN11A_1_linfoides_mieloides_notumorales.csv,stroma_ad_carcinoma_FA_HN14_4_linfoides_mieloides_notumorales.csv,stroma_ad_dysplasia_FA_HN15_5_linfoides_mieloides_notumorales.csv,stroma_ad_dysplasia_FA_HN14_2_linfoides_mieloides_notumorales.csv,stroma_ad_dysplasia_FA_HN11A_3_linfoides_mieloides_notumorales.csv,dysplasia_FA_HN11A_4_linfoides_mieloides_notumorales.csv,dysplasia_FA_HN11A_2_linfoides_mieloides_notumorales.csv,dysplasia_FA_HN14_2_linfoides_mieloides_notumorales.csv,stroma_ad_dysplasia_FA_HN15_4_linfoides_mieloides_notumorales.csv,stroma_ad_carcinoma_FA_HN15_4_linfoides_mieloides_notumorales.csv,dysplasia_FA_HN11A_3_linfoides_mieloides_notumorales.csv,stroma_ad_dysplasia_FA_HN15_2_linfoides_mieloides_notumorales.csv,carcinoma_FA_HN14_3_linfoides_mieloides_notumorales.csv,stroma_ad_carcinoma_FA_HN11A_1_linfoides_mieloides_notumorales.csv,dysplasia_FA_HN15_3_linfoides_mieloides_notumorales.csv,carcinoma_FA_HN15_1_linfoides_mieloides_notumorales.csv,stroma_ad_dysplasia_FA_HN14_4_linfoides_mieloides_notumorales.csv,carcinoma_FA_HN11A_2_linfoides_mieloides_notumorales.csv,dysplasia_FA_HN11A_5_linfoides_mieloides_notumorales.csv,stroma_ad_carcinoma_FA_HN15_2_linfoides_mieloides_notumorales.csv,stroma_ad_dysplasia_FA_HN11A_4_linfoides_mieloides_notumorales.csv,dysplasia_FA_HN14_1_linfoides_mieloides_notumorales.csv,carcinoma_FA_HN11A_1_linfoides_mieloides_notumorales.csv,carcinoma_FA_HN14_2_linfoides_mieloides_notumorales.csv,stroma_ad_carcinoma_FA_HN14_3_linfoides_mieloides_notumorales.csv,stroma_ad_carcinoma_FA_HN11A_2_linfoides_mieloides_notumorales.csv,stroma_ad_dysplasia_FA_HN11A_5_linfoides_mieloides_notumorales.csv,stroma_ad_carcinoma_FA_HN15_1_linfoides_mieloides_notumorales.csv,stroma_ad_dysplasia_FA_HN14_1_linfoides_mieloides_notumorales.csv,stroma_ad_dysplasia_FA_HN14_3_linfoides_mieloides_notumorales.csv,stroma_ad_dysplasia_FA_HN11A_1_linfoides_mieloides_notumorales.csv,stroma_ad_carcinoma_FA_HN14_5_linfoides_mieloides_notumorales.csv,dysplasia_FA_HN15_5_linfoides_mieloides_notumorales.csv,carcinoma_FA_HN11A_5_linfoides_mieloides_notumorales.csv,carcinoma_FA_HN11A_4_linfoides_mieloides_notumorales.csv,dysplasia_FA_HN15_2_linfoides_mieloides_notumorales.csv,carcinoma_FA_HN14_4_linfoides_mieloides_notumorales.csv,carcinoma_FA_HN15_2_linfoides_mieloides_notumorales.csv,stroma_ad_carcinoma_FA_HN15_3_linfoides_mieloides_notumorales.csv,carcinoma_FA_HN14_1_linfoides_mieloides_notumorales.csv,stroma_ad_dysplasia_FA_HN11A_2_linfoides_mieloides_notumorales.csv,stroma_ad_carcinoma_FA_HN14_1_linfoides_mieloides_notumorales.csv,stroma_ad_dysplasia_FA_HN15_3_linfoides_mieloides_notumorales.csv,stroma_ad_carcinoma_FA_HN14_2_linfoides_mieloides_notumorales.csv,stroma_ad_dysplasia_FA_HN15_1_linfoides_mieloides_notumorales.csv,carcinoma_FA_HN11A_3_linfoides_mieloides_notumorales.csv
dysplasia_FA_HN11A_1_linfoides_mieloides_notumorales.csv,0.0,884.3069324503346,936.0283385837333,1145.2333714313809,867.1037771711327,1066.8715612567944,644.609715334032,1255.4880441054656,896.8572472949901,1060.8284533558913,947.7968180022553,1484.2471636436007,1319.4417965500215,952.3530734723674,1580.4325595236799,1202.6266230554797,995.9481866097577,1159.0260385816487,916.6703102645521,1607.7769061679903,609.6289593263296,1428.6064599577362,897.750463070191,1294.2976015183694,1070.1482925665043,885.5027345202902,697.9197970275056,1361.574540015452,1416.2123584718015,2065.477781274631,890.7283702490083,954.9998761058793,912.845672896909,920.9755280130038,645.4065685497961,1180.8732442537741,1278.813108740154,1278.730030441378,1217.89580333135,1230.2496981628244,1021.5741424588222,939.0236625369043,2004.8283645090141,1025.2220951516813,825.6678547338447,960.3313057490107
stroma_ad_carcinoma_FA_HN14_4_linfoides_mieloides_notumorales.csv,884.3069324503346,0.0,1285.6558042683944,910.2898499925363,752.3591458049176,1117.5730961584898,877.6647564238643,1390.427894541903,1234.0595591428867,975.6921092175136,874.747738085445,1052.0140760104578,1438.7228238018354,1381.7480619528853,1567.1010759395756,952.1041845178993,917.8521717117713,1189.341561553911,933.0546036858336,1251.9197635467315,893.2992300960134,1570.2301530621423,952.0748661570639,1299.2767636768065,764.6312700175822,831.343385695618,855.0020423734397,1037.0381284168373,1029.6506241463312,1772.5312221012418,731.4716898182741,687.7219796754243,1010.2005485003956,928.6456833898238,822.4915032314254,955.6125861466209,1325.857602010785,1165.0141617387933,1075.931106103304,1258.0061241076073,781.3666093054003,738.5936975263128,1625.2143032186189,819.214614639798,865.9632183611303,1030.8550390019152
stroma_ad_dysplasia_FA_HN15_5_linfoides_mieloides_notumorales.csv,936.0283385837333,1285.6558042683944,0.0,1546.979280027667,1199.9133326280873,1186.311783056115,1132.1492432868058,1232.1462167199013,866.5885663106374,1490.0692356989246,1370.4102432071888,1786.2527867829792,1252.8825954130136,952.8841923688608,1505.8319953070759,1528.8245577792316,1249.1183343184946,1170.7944491972605,1361.9764876598176,2022.3265068119786,928.346627660584,1382.0518129524633,915.3040602532712,1270.1426781938803,1490.530921408137,1304.9431425083067,1028.6495271233364,1814.8177221584629,1893.0924234118909,2324.14308370549,1257.9322514116989,1369.7741635072139,1198.8177136039553,1163.0309666211376,924.4862474363734,1504.7636569662016,1254.8073655590852,1530.191802752507,1465.257107099399,1316.2237371080453,1409.161174358769,1280.2149698010712,2217.0015502712613,1434.3665481334003,1121.964346151094,1120.5730042255661
stroma_ad_dysplasia_FA_HN14_2_linfoides_mieloides_notumorales.csv,1145.2333714313809,910.2898499925363,1546.979280027667,0.0,933.6246694315548,1136.786999723593,1138.9185435103973,1235.5142966121366,1551.5331614278216,1149.4007460115834,1003.0749071018917,1080.9831455354545,1333.5896265006822,1645.7728375941685,1460.8272729105536,739.0781035399252,858.7014992365462,1174.8956462316987,1041.7521636165523,1045.6192163599649,1134.9511048213249,1375.0997838962019,940.4759595524308,1241.5555367360112,792.732499608321,942.2681619281591,950.1362568396152,1083.3687933225685,882.4393278299688,1496.6869417719477,850.4863445328773,824.9901714598554,1287.784236770973,838.190360646586,998.7896216791191,866.3275593771106,1235.2316990404472,990.0633943367512,991.8926938292592,1089.9457028156753,857.936733092574,916.8520168355474,1266.5280835821147,831.3908963161012,1218.934260532972,1020.5723031216094
stroma_ad_dysplasia_FA_HN11A_3_linfoides_mieloides_notumorales.csv,867.1037771711327,752.3591458049176,1199.9133326280873,933.6246694315548,0.0,1091.2116996667623,940.668017504994,1244.0587078195833,1055.8292058957256,1022.4658785161655,888.8609814577031,1161.7774891213326,1390.4624549979446,1240.5541925109483,1664.1888128805758,1069.401806426305,967.8894198670214,1195.2068047123737,800.922253870858,1472.8452683891219,828.406770049502,1376.6663659961528,905.9951973247169,1412.2909532129663,852.082040257412,819.2389462088605,788.5856556584062,1070.3775415788466,1195.7895073568466,1949.211914996274,891.265297035155,747.2983727792201,841.1643668311003,976.6173170665014,739.5824753115298,927.9808081981587,1334.3570033437659,1273.0302366436217,1171.4115014757265,1275.5882927796454,713.3154484950297,756.2189738332819,1835.072379462259,718.7875639875281,883.809552912143,851.9011885544696
dysplasia_FA_HN11A_4_linfoides_mieloides_notumorales.csv,1066.8715612567944,1117.5730961584898,1186.311783056115,1136.786999723593,1091.2116996667623,0.0,1234.0758654187778,799.2809071277483,1193.9576104472803,1244.8338850329956,1013.5133471189806,1434.9651396277968,836.4209094252658,1262.4172943896947,1107.4727732197275,1013.6900863644339,921.6639302927592,694.1058892197979,1069.825652849296,1467.6418885410058,1113.572108723893,891.7550986093906,656.1279708319145,898.8419448048521,1055.0856122907692,947.3081482099561,974.1674253052869,1239.709096593659,1436.4641124530024,1761.5918417646892,958.8681510385186,1078.9333160329618,1122.256003206088,790.7763673680087,822.644828019622,971.7248578018025,814.4430666896217,948.8302428670908,1005.5304018374368,879.1627762589792,1124.667247464123,1081.7336569879924,1755.181077691202,1090.4128529190853,1098.5519877885124,723.6900954969457
dysplasia_FA_HN11A_2_linfoides_mieloides_notumorales.csv,644.609715334032,877.6647564238643,1132.1492432868058,1138.9185435103973,940.668017504994,1234.0758654187778,0.0,1440.4896043918047,1041.3860246860552,946.8558914647713,875.9492536318667,1363.268904529204,1482.2129999979652,1098.414318850234,1617.073315534972,1192.2787955240042,1024.0697972078287,1244.6950538065453,963.3802357394279,1520.995455976753,759.8559285686,1595.9042377817088,1043.711875426843,1346.2911696440417,1075.937827927335,860.9178294559192,835.1606344478574,1283.2712466505131,1349.633662474611,2021.8125964341366,897.7909444735554,942.708422255939,968.5715469969865,965.0725223369827,776.5825265694976,1204.6350003093896,1413.0035433326282,1290.8370490554973,1204.1760923078423,1345.4443790803382,1025.3557239046975,975.3689684671999,1863.6579454210776,1058.5003555042763,777.9197003267575,1125.5805784278486
dysplasia_FA_HN14_2_linfoides_mieloides_notumorales.csv,1255.4880441054656,1390.427894541903,1232.1462167199013,1235.5142966121366,1244.0587078195833,799.2809071277483,1440.4896043918047,0.0,1232.0758370991507,1480.2894528139996,1252.9153158414172,1570.586541642839,242.92371183058324,1279.1477032851715,619.5174730368915,946.5607286771838,1069.1414435388224,746.4727385614947,1242.7293042850529,1404.8132299935335,1301.0998354763994,330.66268862911954,702.9701811980165,423.9963258483969,1149.7114168365047,1176.8646261614272,1131.1815558253538,1444.752675218767,1581.0208223678328,1565.0062213392616,1226.6324432059093,1285.216386344303,1191.4641573582503,960.8801823311453,954.2657567355586,888.4348605393311,254.5371359793847,830.3399538549686,1094.8577157286031,443.92543520469286,1326.2471961749582,1278.9921743697048,1652.2952254637507,1223.7612797272207,1323.4972053559968,846.228694387341
stroma_ad_dysplasia_FA_HN15_4_linfoides_mieloides_notumorales.csv,896.8572472949901,1234.0595591428867,866.5885663106374,1551.5331614278216,1055.8292058957256,1193.9576104472803,1041.3860246860552,1232.0758370991507,0.0,1289.394212280248,1120.4957000479076,1708.0628349308738,1266.2662933250838,805.0370826809765,1646.2994884023758,1591.3293463753914,1254.222935012225,1248.7402071477995,1100.0610253894815,2026.2283120068198,870.1902011440974,1309.7346983135258,1076.3881166341025,1449.3164428253046,1390.2913582686174,1112.0873629536084,991.895998788667,1504.786352322706,1842.0695279287756,2426.02062036599,1225.0440735952861,1253.2439379838454,839.7810620976461,1245.0179510281225,888.0186789428225,1455.4197310350985,1344.294154022053,1606.4556709946169,1453.0477786546262,1459.5889542643433,1249.0927389513906,1180.5796503489241,2357.5226905845166,1300.7451705594228,915.0441889720546,1081.3398491936473
stroma_ad_carcinoma_FA_HN15_4_linfoides_mieloides_notumorales.csv,1060.8284533558913,975.6921092175136,1490.0692356989246,1149.4007460115834,1022.4658785161655,1244.8338850329956,946.8558914647713,1480.2894528139996,1289.394212280248,0.0,797.2343457195343,1165.485434358145,1525.9593144355179,1398.0127848001584,1631.9602817923646,1240.9288919293472,1143.4538722311158,1243.3157684241587,928.1560869024279,1465.3325597326277,1094.524603767011,1628.8452229890513,1116.6221458902075,1371.688284171813,1023.5605280143434,825.4144699184258,1016.0728747531045,1080.377437230195,1311.6698570142298,2039.457934259549,930.1884509838094,958.6530621126008,1022.8446298985189,1094.4016620370912,1016.7622003436607,1145.517701936276,1461.910625558375,1421.647078814936,1208.8121240144974,1394.5751567399827,949.6535566557577,1002.9939979887009,1781.3096278941473,1043.057566259565,934.4830681415672,1110.3798170223545
dysplasia_FA_HN11A_3_linfoides_mieloides_notumorales.csv,947.7968180022553,874.747738085445,1370.4102432071888,1003.0749071018917,888.8609814577031,1013.5133471189806,875.9492536318667,1252.9153158414172,1120.4957000479076,797.2343457195343,0.0,1128.2024318528868,1304.701885289594,1318.6408998745908,1479.8995563801311,1049.2807925492034,1016.7387657798255,1072.533184386872,786.681547144777,1379.3749968448,951.6402927009203,1387.700594158268,910.0981478939775,1190.6650233942757,856.3488420965233,715.948698186817,851.6163431109396,1045.6257547012547,1188.548917548475,1939.5693876581447,807.9330689494913,832.744542434097,859.2801714970088,921.1435308635394,836.0600220429643,956.9413682252442,1232.4592931304549,1139.0494220386777,1063.7290058694925,1185.4107539491656,810.0339389347275,853.1612152334872,1741.0846066989104,923.0261009809251,807.2997112633767,902.0510183908231
stroma_ad_dysplasia_FA_HN15_2_linfoides_mieloides_notumorales.csv,1484.2471636436007,1052.0140760104578,1786.2527867829792,1080.9831455354545,1161.7774891213326,1434.9651396277968,1363.268904529204,1570.586541642839,1708.0628349308738,1165.485434358145,1128.2024318528868,0.0,1623.0593823737527,1888.5226316924989,1790.7806757598291,1184.7741832663194,1251.5773860765498,1476.182087050948,1255.3257756588896,1275.2097821541342,1424.9876786798527,1761.8221724850246,1338.6552996363166,1488.2370657972192,872.4436759785265,1139.9292031996897,1306.5018522615617,989.9580590854081,1030.3064419107363,1816.837295886577,1195.0508547573404,982.772264942896,1374.7174437465974,1308.8733696550491,1346.470810896299,991.4960379580814,1540.655447527954,1409.0565234921328,1334.0893036979382,1515.399807484801,963.8165273790344,1004.2893903347456,1452.857198979791,954.689322170722,1317.8619511740378,1317.1457374852373
carcinoma_FA_HN14_3_linfoides_mieloides_notumorales.csv,1319.4417965500215,1438.7228238018354,1252.8825954130136,1333.5896265006822,1390.4624549979446,836.4209094252658,1482.2129999979652,242.92371183058324,1266.2662933250838,1525.9593144355179,1304.701885289594,1623.0593823737527,0.0,1278.7570329262867,492.65946448641944,1000.7967786270854,1158.9885936718917,802.1961359463946,1325.6067974749574,1469.5390335884433,1358.3661773867861,278.07545540800163,752.0804425471127,376.57035119018764,1262.168223265117,1197.026682206677,1217.2550391291543,1521.740748469033,1628.2909290823115,1665.4593057220586,1254.4186029916114,1370.0437693361964,1203.8875985151437,1043.0736329985407,1001.2295653135715,976.8887689658623,226.4863822478792,897.4876228311937,1167.7884904613247,455.6783988285618,1399.7003308260405,1321.0179695320987,1710.466330037148,1302.1530280829804,1361.4405923668355,873.5342464295198
stroma_ad_carcinoma_FA_HN11A_1_linfoides_mieloides_notumorales.csv,952.3530734723674,1381.7480619528853,952.8841923688608,1645.7728375941685,1240.5541925109483,1262.4172943896947,1098.414318850234,1279.1477032851715,805.0370826809765,1398.0127848001584,1318.6408998745908,1888.5226316924989,1278.7570329262867,0.0,1631.861500461048,1658.3904126545976,1403.6608058813617,1244.9101274086108,1314.0518434513679,2096.2229290737546,1038.0266229959734,1351.212286960244,1091.580391152705,1445.5825422992305,1596.3108023933949,1272.3209875317248,1118.277888897466,1770.7124932463043,2026.0164805254994,2474.1079628277384,1325.1933517940074,1435.4725508043982,1091.954925544369,1304.0884138439537,965.1745524594676,1640.9582582471257,1342.413128045836,1671.619166215888,1533.1978497998464,1440.3596481300824,1498.4412800825712,1417.8916472786088,2357.3979766977473,1472.0994042276957,1113.8115062795587,1188.5513572469183
dysplasia_FA_HN15_3_linfoides_mieloides_notumorales.csv,1580.4325595236799,1567.1010759395756,1505.8319953070759,1460.8272729105536,1664.1888128805758,1107.4727732197275,1617.073315534972,619.5174730368915,1646.2994884023758,1631.9602817923646,1479.8995563801311,1790.7806757598291,492.65946448641944,1631.861500461048,0.0,1193.046549773148,1333.7715851086652,1007.9211726920848,1697.7080701594984,1482.099922050905,1658.886264639971,675.6272569825976,1003.4732294174153,560.4098155249005,1474.785597370322,1378.5919116315545,1421.7022641356377,1697.02597662795,1790.2143430285878,1691.0625953330177,1412.9385217731403,1594.771071169266,1600.51443713319,1184.9553619498752,1318.1709718336883,1285.7890066871428,536.1874704109927,1011.2193839253773,1226.18678484098,713.4729056602926,1685.8057014432525,1553.427381307146,1727.1101819948472,1647.8467243932407,1533.9837509788847,1193.8940829678972
carcinoma_FA_HN15_1_linfoides_mieloides_notumorales.csv,1202.6266230554797,952.1041845178993,1528.8245577792316,739.0781035399252,1069.401806426305,1013.6900863644339,1192.2787955240042,946.5607286771838,1591.3293463753914,1240.9288919293472,1049.2807925492034,1184.7741832663194,1000.7967786270854,1658.3904126545976,1193.046549773148,0.0,852.8430264353581,1009.3936166377136,1113.3557703311822,946.4822803455256,1166.390779924073,1109.2623305670834,812.8840909089656,901.3415241071076,803.2101899652944,939.7224519331827,931.4551205883463,1178.1858085139704,925.4179883610396,1303.569957403265,873.1084205311565,866.9469909617026,1348.5114024732288,863.8631453996989,938.1165957462323,795.8945027150717,866.2838726084889,725.5848168571224,847.020967790514,739.5388180811439,1028.5006532260109,1055.067716248864,1134.9431520708958,960.4143138830588,1325.5019028544348,934.4926063029791
stroma_ad_dysplasia_FA_HN14_4_linfoides_mieloides_notumorales.csv,995.9481866097577,917.8521717117713,1249.1183343184946,858.7014992365462,967.8894198670214,921.6639302927592,1024.0697972078287,1069.1414435388224,1254.222935012225,1143.4538722311158,1016.7387657798255,1251.5773860765498,1158.9885936718917,1403.6608058813617,1333.7715851086652,852.8430264353581,0.0,972.2538996747376,1088.4646100397372,1172.5627804105047,962.2735705318797,1250.597584006103,814.7095297358427,1086.8974478252962,922.271924368343,861.6521643261657,844.889058514549,1159.2287774189392,1159.1309206615974,1556.9608240344182,892.1037936291215,871.8785622586732,1202.5140952785105,770.513047846212,819.0650266605659,946.2662959016906,1059.3117925050828,873.8762701619228,893.4376384241255,1014.075518319273,1036.6976694500686,945.5849770767203,1524.723147444719,1045.423595311669,1100.3192677390944,989.3405150519972
carcinoma_FA_HN11A_2_linfoides_mieloides_notumorales.csv,1159.0260385816487,1189.341561553911,1170.7944491972605,1174.8956462316987,1195.2068047123737,694.1058892197979,1244.6950538065453,746.4727385614947,1248.7402071477995,1243.3157684241587,1072.533184386872,1476.182087050948,802.1961359463946,1244.9101274086108,1007.9211726920848,1009.3936166377136,972.2538996747376,0.0,1186.2299110165247,1477.4963305027845,1109.7232257708802,934.144261398425,682.4505623050071,734.9338089507331,1188.7062854802066,1013.9422596158414,1058.0846473241747,1396.5242311789523,1476.148759356206,1704.607167990347,1075.2119286865845,1186.7265386432464,1271.21054932297,886.2860081215873,868.0561761879428,1079.946794906166,717.4621110992055,844.4242625504394,988.7402191402681,798.5679055229809,1230.2892566528699,1149.2567923974352,1702.4679482823726,1213.6079908945744,1234.2707660339047,914.6485304185695
dysplasia_FA_HN11A_5_linfoides_mieloides_notumorales.csv,916.6703102645521,933.0546036858336,1361.9764876598176,1041.7521636165523,800.922253870858,1069.825652849296,963.3802357394279,1242.7293042850529,1100.0610253894815,928.1560869024279,786.681547144777,1255.3257756588896,1325.6067974749574,1314.0518434513679,1697.7080701594984,1113.3557703311822,1088.4646100397372,1186.2299110165247,0.0,1557.080896947049,939.83961037265,1303.3573422329841,935.3307209864788,1395.1774970711967,889.1439131857549,768.3112203592577,862.1736862020175,1138.665219232305,1245.4781896158365,2096.3028639394765,888.2594646688572,807.3647269717924,761.4534104421903,1068.3908573867989,808.3670077894353,924.2462231294082,1289.6694764383647,1288.8175747047492,1207.2834385525375,1199.0458137312412,826.935936926345,908.085408847551,1931.2662207105625,777.0750443830668,916.9213868650386,899.2604249993356
stroma_ad_carcinoma_FA_HN15_2_linfoides_mieloides_notumorales.csv,1607.7769061679903,1251.9197635467315,2022.3265068119786,1045.6192163599649,1472.8452683891219,1467.6418885410058,1520.995455976753,1404.8132299935335,2026.2283120068198,1465.3325597326277,1379.3749968448,1275.2097821541342,1469.5390335884433,2096.2229290737546,1482.099922050905,946.4822803455256,1172.5627804105047,1477.4963305027845,1557.080896947049,0.0,1618.779064378285,1540.2369831830454,1332.7767458480157,1293.2180063928272,1115.7687168961447,1314.3358090479037,1440.7542171482364,1388.9596840542274,1082.6748352595387,1157.5124140837295,1238.0102103876616,1175.2918373605544,1753.1803473839886,1187.0619575408018,1441.6869136647379,1106.9580727890548,1369.1930779442077,998.7405114714013,1055.3118262070084,1239.5483212193008,1411.5524730373877,1418.8729976937657,990.4519194064931,1362.1133444363154,1640.0124058062415,1450.0719655750127
stroma_ad_dysplasia_FA_HN11A_4_linfoides_mieloides_notumorales.csv,609.6289593263296,893.2992300960134,928.346627660584,1134.9511048213249,828.406770049502,1113.572108723893,759.8559285686,1301.0998354763994,870.1902011440974,1094.524603767011,951.6402927009203,1424.9876786798527,1358.3661773867861,1038.0266229959734,1658.886264639971,1166.390779924073,962.2735705318797,1109.7232257708802,939.83961037265,1618.779064378285,0.0,1451.2681863267612,869.0890348906664,1329.6892900282066,1074.6233300950057,909.231365026987,696.856640184177,1336.705267762148,1353.1169114504567,2053.6893482999612,915.7111759425408,880.8679100306143,929.2832390310901,985.2642511414896,611.2492695357739,1125.9978570580536,1282.850659536912,1293.9090004744423,1242.2489271968727,1221.8003136539423,941.7070348840938,903.5280029603268,2001.4097767902874,972.5840327309937,908.3251888688961,995.6530026623057
dysplasia_FA_HN14_1_linfoides_mieloides_notumorales.csv,1428.6064599577362,1570.2301530621423,1382.0518129524633,1375.0997838962019,1376.6663659961528,891.7550986093906,1595.9042377817088,330.66268862911954,1309.7346983135258,1628.8452229890513,1387.700594158268,1761.8221724850246,278.07545540800163,1351.212286960244,675.6272569825976,1109.2623305670834,1250.597584006103,934.144261398425,1303.3573422329841,1540.2369831830454,1451.2681863267612,0.0,820.1137533263917,572.1277294112894,1347.6405305179028,1295.6725399245358,1283.6831795761805,1579.1518135829479,1747.2967907395846,1731.9654498222483,1387.8157688736158,1439.0244810155482,1271.8365117281382,1070.918672379605,1096.7220550633388,1052.1810958168755,419.59185516998707,957.9316300343279,1187.2064291424613,532.9511629999512,1463.9422492263616,1475.2472864888714,1811.8364798241262,1347.7539615138521,1468.9058663555684,955.6892096475543
carcinoma_FA_HN11A_1_linfoides_mieloides_notumorales.csv,897.750463070191,952.0748661570639,915.3040602532712,940.4759595524308,905.9951973247169,656.1279708319145,1043.711875426843,702.9701811980165,1076.3881166341025,1116.6221458902075,910.0981478939775,1338.6552996363166,752.0804425471127,1091.580391152705,1003.4732294174153,812.8840909089656,814.7095297358427,682.4505623050071,935.3307209864788,1332.7767458480157,869.0890348906664,820.1137533263917,0.0,770.9411870170679,907.765737382891,782.7089372857859,740.1110760251568,1298.2682002206866,1243.3392944573113,1697.7621001548796,830.0901913124104,830.8537400407305,913.8877157327076,628.0315216448782,593.7654944255436,860.7906474309818,678.5533084212207,839.3707799278025,871.7064321986988,608.1809288158541,934.5406827344273,977.2025809130378,1602.504424401432,927.8094435259021,971.771746140116,623.3595450958537
carcinoma_FA_HN14_2_linfoides_mieloides_notumorales.csv,1294.2976015183694,1299.2767636768065,1270.1426781938803,1241.5555367360112,1412.2909532129663,898.8419448048521,1346.2911696440417,423.9963258483969,1449.3164428253046,1371.688284171813,1190.6650233942757,1488.2370657972192,376.57035119018764,1445.5825422992305,560.4098155249005,901.3415241071076,1086.8974478252962,734.9338089507331,1395.1774970711967,1293.2180063928272,1329.6892900282066,572.1277294112894,770.9411870170679,0.0,1203.9041051131576,1137.286382139525,1151.5033862797573,1455.4436709564716,1476.1993653977445,1455.4167276566473,1122.1023963659,1276.0219334607975,1388.540401678155,931.0045726685569,1011.01879089077,982.8589511044876,361.46434065021094,808.9864821064014,1010.6695754934644,434.75967761302854,1361.619457532448,1308.3019711298377,1468.8939190622775,1329.812099114402,1308.3369915510673,984.8279103387691
stroma_ad_carcinoma_FA_HN14_3_linfoides_mieloides_notumorales.csv,1070.1482925665043,764.6312700175822,1490.530921408137,792.732499608321,852.082040257412,1055.0856122907692,1075.937827927335,1149.7114168365047,1390.2913582686174,1023.5605280143434,856.3488420965233,872.4436759785265,1262.168223265117,1596.3108023933949,1474.785597370322,803.2101899652944,922.271924368343,1188.7062854802066,889.1439131857549,1115.7687168961447,1074.6233300950057,1347.6405305179028,907.765737382891,1203.9041051131576,0.0,791.2504355419458,873.3887261272231,894.8060576972465,822.385267559978,1613.3145365258356,841.5791846963865,682.8071622408969,1042.7808023940656,935.228445189038,941.7808388876996,710.1714588483666,1146.093563008722,1034.634597781436,969.038298063442,1071.6441187543876,685.000738472569,772.6544280692873,1434.4613568742416,665.3818549317293,1025.42010413987,951.9589540650409
stroma_ad_carcinoma_FA_HN11A_2_linfoides_mieloides_notumorales.csv,885.5027345202902,831.343385695618,1304.9431425083067,942.2681619281591,819.2389462088605,947.3081482099561,860.9178294559192,1176.8646261614272,1112.0873629536084,825.4144699184258,715.948698186817,1139.9292031996897,1197.026682206677,1272.3209875317248,1378.5919116315545,939.7224519331827,861.6521643261657,1013.9422596158414,768.3112203592577,1314.3358090479037,909.231365026987,1295.6725399245358,782.7089372857859,1137.286382139525,791.2504355419458,0.0,771.7513132299592,1027.4069444818522,1097.320631123781,1761.9124371361922,748.6570691517068,743.1401123049105,901.0910106375031,833.4761080983608,757.566811280577,934.840678006185,1130.3732591207336,1106.4597798074872,975.4518002447471,1037.8114903426283,851.0632526915258,840.4485367934503,1614.0766884482973,829.3314996732365,849.8272241644081,806.8582405544245
stroma_ad_dysplasia_FA_HN11A_5_linfoides_mieloides_notumorales.csv,697.9197970275056,855.0020423734397,1028.6495271233364,950.1362568396152,788.5856556584062,974.1674253052869,835.1606344478574,1131.1815558253538,991.895998788667,1016.0728747531045,851.6163431109396,1306.5018522615617,1217.2550391291543,1118.277888897466,1421.7022641356377,931.4551205883463,844.889058514549,1058.0846473241747,862.1736862020175,1440.7542171482364,696.856640184177,1283.6831795761805,740.1110760251568,1151.5033862797573,873.3887261272231,771.7513132299592,0.0,1275.42997358275,1201.9829583208045,1830.4300640931115,746.8201566135887,776.9410667891012,898.1389645906036,800.2426779550535,597.7669861275027,1033.0154673900618,1151.2698114161522,1090.9322666800226,1002.850718589069,1022.0917796911743,854.8853362815703,865.9397341659426,1730.9442641853534,899.7362766570182,891.2909058814165,836.1046704722223
stroma_ad_carcinoma_FA_HN15_1_linfoides_mieloides_notumorales.csv,1361.574540015452,1037.0381284168373,1814.8177221584629,1083.3687933225685,1070.3775415788466,1239.709096593659,1283.2712466505131,1444.752675218767,1504.786352322706,1080.377437230195,1045.6257547012547,989.9580590854081,1521.740748469033,1770.7124932463043,1697.02597662795,1178.1858085139704,1159.2287774189392,1396.5242311789523,1138.665219232305,1388.9596840542274,1336.705267762148,1579.1518135829479,1298.2682002206866,1455.4436709564716,894.8060576972465,1027.4069444818522,1275.42997358275,0.0,1159.899846629108,1799.6485257808745,1120.7704450233523,1041.3398792338003,1266.1166580440538,1213.0164221270147,1257.0997611684122,969.2693092313888,1433.404659196135,1292.13539097834,1229.2389343203404,1450.5838867267528,968.8078311244424,980.6957951089554,1671.5862934623058,939.6303733870805,1210.1707778631007,1213.9673930460776
stroma_ad_dysplasia_FA_HN14_1_linfoides_mieloides_notumorales.csv,1416.2123584718015,1029.6506241463312,1893.0924234118909,882.4393278299688,1195.7895073568466,1436.4641124530024,1349.633662474611,1581.0208223678328,1842.0695279287756,1311.6698570142298,1188.548917548475,1030.3064419107363,1628.2909290823115,2026.0164805254994,1790.2143430285878,925.4179883610396,1159.1309206615974,1476.148759356206,1245.4781896158365,1082.6748352595387,1353.1169114504567,1747.2967907395846,1243.3392944573113,1476.1993653977445,822.385267559978,1097.320631123781,1201.9829583208045,1159.899846629108,0.0,1449.5174199756516,1075.086415034101,914.3349140193352,1461.5859186610776,1194.0091112376895,1266.9519101816397,1032.7270469807709,1492.0466410688032,1171.262060843663,1116.6209849860702,1357.6012833382504,937.7387737950958,1035.9342578270794,1191.716558297937,954.8411306081751,1399.9825501786256,1338.4724956490968
stroma_ad_dysplasia_FA_HN14_3_linfoides_mieloides_notumorales.csv,2065.477781274631,1772.5312221012418,2324.14308370549,1496.6869417719477,1949.211914996274,1761.5918417646892,2021.8125964341366,1565.0062213392616,2426.02062036599,2039.457934259549,1939.5693876581447,1816.837295886577,1665.4593057220586,2474.1079628277384,1691.0625953330177,1303.569957403265,1556.9608240344182,1704.607167990347,2096.3028639394765,1157.5124140837295,2053.6893482999612,1731.9654498222483,1697.7621001548796,1455.4167276566473,1613.3145365258356,1761.9124371361922,1830.4300640931115,1799.6485257808745,1449.5174199756516,0.0,1644.871817208148,1712.3185360109644,2334.342808016849,1523.856813998379,1880.2573508923756,1609.5028103204065,1550.3283666924451,1247.9630202557846,1307.2446554933226,1451.160529719764,1918.0538219776884,1900.6973604147531,1054.9644608267372,1877.7012676170548,2152.6781976579214,1896.6133746221074
stroma_ad_dysplasia_FA_HN11A_1_linfoides_mieloides_notumorales.csv,890.7283702490083,731.4716898182741,1257.9322514116989,850.4863445328773,891.265297035155,958.8681510385186,897.7909444735554,1226.6324432059093,1225.0440735952861,930.1884509838094,807.9330689494913,1195.0508547573404,1254.4186029916114,1325.1933517940074,1412.9385217731403,873.1084205311565,892.1037936291215,1075.2119286865845,888.2594646688572,1238.0102103876616,915.7111759425408,1387.8157688736158,830.0901913124104,1122.1023963659,841.5791846963865,748.6570691517068,746.8201566135887,1120.7704450233523,1075.086415034101,1644.871817208148,0.0,717.3468611811486,1035.2021682549873,798.2270477191199,733.8483812257409,990.5965312123705,1192.8168815868862,1070.695481066053,1019.7986904398007,1063.8799561019032,852.1578457047838,900.2346039312546,1516.0025841510426,916.826099328289,911.1314364110018,911.3026665062204
stroma_ad_carcinoma_FA_HN14_5_linfoides_mieloides_notumorales.csv,954.9998761058793,687.7219796754243,1369.7741635072139,824.9901714598554,747.2983727792201,1078.9333160329618,942.708422255939,1285.216386344303,1253.2439379838454,958.6530621126008,832.744542434097,982.772264942896,1370.0437693361964,1435.4725508043982,1594.771071169266,866.9469909617026,871.8785622586732,1186.7265386432464,807.3647269717924,1175.2918373605544,880.8679100306143,1439.0244810155482,830.8537400407305,1276.0219334607975,682.8071622408969,743.1401123049105,776.9410667891012,1041.3398792338003,914.3349140193352,1712.3185360109644,717.3468611811486,0.0,885.7035325233558,888.8064223678253,765.5567355526907,837.924874471863,1249.0938359939623,1143.9275480835279,1045.0119254520628,1108.2241006888626,670.0269419485791,755.2818465242497,1547.7432328236368,758.2777923854733,912.2631721142917,946.2151176362006
dysplasia_FA_HN15_5_linfoides_mieloides_notumorales.csv,912.845672896909,1010.2005485003956,1198.8177136039553,1287.784236770973,841.1643668311003,1122.256003206088,968.5715469969865,1191.4641573582503,839.7810620976461,1022.8446298985189,859.2801714970088,1374.7174437465974,1203.8875985151437,1091.954925544369,1600.51443713319,1348.5114024732288,1202.5140952785105,1271.21054932297,761.4534104421903,1753.1803473839886,929.2832390310901,1271.8365117281382,913.8877157327076,1388.540401678155,1042.7808023940656,901.0910106375031,898.1389645906036,1266.1166580440538,1461.5859186610776,2334.342808016849,1035.2021682549873,885.7035325233558,0.0,1128.7088045952173,797.2384495654103,1104.043426308582,1285.0769237645209,1473.058391307113,1399.3099992765938,1313.0548075167835,857.3735543383052,916.075511876579,2187.899874121312,962.3845142045071,637.4963317119593,867.35693830971
carcinoma_FA_HN11A_5_linfoides_mieloides_notumorales.csv,920.9755280130038,928.6456833898238,1163.0309666211376,838.190360646586,976.6173170665014,790.7763673680087,965.0725223369827,960.8801823311453,1245.0179510281225,1094.4016620370912,921.1435308635394,1308.8733696550491,1043.0736329985407,1304.0884138439537,1184.9553619498752,863.8631453996989,770.513047846212,886.2860081215873,1068.3908573867989,1187.0619575408018,985.2642511414896,1070.918672379605,628.0315216448782,931.0045726685569,935.228445189038,833.4761080983608,800.2426779550535,1213.0164221270147,1194.0091112376895,1523.856813998379,798.2270477191199,888.8064223678253,1128.7088045952173,0.0,745.3032125111854,993.6787948952843,950.3788218912694,807.667105873003,800.5179377934115,837.1982657327542,1022.9088752542738,966.0519770937437,1472.9726294722723,1031.8658501777727,1027.3841225227375,821.4061793290291
carcinoma_FA_HN11A_4_linfoides_mieloides_notumorales.csv,645.4065685497961,822.4915032314254,924.4862474363734,998.7896216791191,739.5824753115298,822.644828019622,776.5825265694976,954.2657567355586,888.0186789428225,1016.7622003436607,836.0600220429643,1346.470810896299,1001.2295653135715,965.1745524594676,1318.1709718336883,938.1165957462323,819.0650266605659,868.0561761879428,808.3670077894353,1441.6869136647379,611.2492695357739,1096.7220550633388,593.7654944255436,1011.01879089077,941.7808388876996,757.566811280577,597.7669861275027,1257.0997611684122,1266.9519101816397,1880.2573508923756,733.8483812257409,765.5567355526907,797.2384495654103,745.3032125111854,0.0,957.8258460785103,928.7602673852933,1048.7658127215273,1012.9602365874106,874.4529562387961,882.5512311096145,830.9301343990954,1759.9817687152727,874.0313770427878,843.0115767658066,733.7923895516426
dysplasia_FA_HN15_2_linfoides_mieloides_notumorales.csv,1180.8732442537741,955.6125861466209,1504.7636569662016,866.3275593771106,927.9808081981587,971.7248578018025,1204.6350003093896,888.4348605393311,1455.4197310350985,1145.517701936276,956.9413682252442,991.4960379580814,976.8887689658623,1640.9582582471257,1285.7890066871428,795.8945027150717,946.2662959016906,1079.946794906166,924.2462231294082,1106.9580727890548,1125.9978570580536,1052.1810958168755,860.7906474309818,982.8589511044876,710.1714588483666,934.840678006185,1033.0154673900618,969.2693092313888,1032.7270469807709,1609.5028103204065,990.5965312123705,837.924874471863,1104.043426308582,993.6787948952843,957.8258460785103,0.0,908.5726921761972,931.2103065101979,1030.7345404319758,900.7736432069191,819.2243608698949,858.9257675166959,1461.7975812629836,745.3862784164394,1160.9601095505925,868.6095841049898
carcinoma_FA_HN14_4_linfoides_mieloides_notumorales.csv,1278.813108740154,1325.857602010785,1254.8073655590852,1235.2316990404472,1334.3570033437659,814.4430666896217,1413.0035433326282,254.5371359793847,1344.294154022053,1461.910625558375,1232.4592931304549,1540.655447527954,226.4863822478792,1342.413128045836,536.1874704109927,866.2838726084889,1059.3117925050828,717.4621110992055,1289.6694764383647,1369.1930779442077,1282.850659536912,419.59185516998707,678.5533084212207,361.46434065021094,1146.093563008722,1130.3732591207336,1151.2698114161522,1433.404659196135,1492.0466410688032,1550.3283666924451,1192.8168815868862,1249.0938359939623,1285.0769237645209,950.3788218912694,928.7602673852933,908.5726921761972,0.0,795.6180950463648,1057.3458540951353,351.96377176277355,1330.372398374712,1233.1077776444536,1600.6061472058823,1256.856391019322,1350.9036919875086,869.0160256293838
carcinoma_FA_HN15_2_linfoides_mieloides_notumorales.csv,1278.730030441378,1165.0141617387933,1530.191802752507,990.0633943367512,1273.0302366436217,948.8302428670908,1290.8370490554973,830.3399538549686,1606.4556709946169,1421.647078814936,1139.0494220386777,1409.0565234921328,897.4876228311937,1671.619166215888,1011.2193839253773,725.5848168571224,873.8762701619228,844.4242625504394,1288.8175747047492,998.7405114714013,1293.9090004744423,957.9316300343279,839.3707799278025,808.9864821064014,1034.634597781436,1106.4597798074872,1090.9322666800226,1292.13539097834,1171.262060843663,1247.9630202557846,1070.695481066053,1143.9275480835279,1473.058391307113,807.667105873003,1048.7658127215273,931.2103065101979,795.6180950463648,0.0,780.420319600802,765.8457657796148,1270.2668567957369,1198.570435048691,1270.2814591870683,1214.8959731281718,1435.4458778955936,1103.64412656355
stroma_ad_carcinoma_FA_HN15_3_linfoides_mieloides_notumorales.csv,1217.89580333135,1075.931106103304,1465.257107099399,991.8926938292592,1171.4115014757265,1005.5304018374368,1204.1760923078423,1094.8577157286031,1453.0477786546262,1208.8121240144974,1063.7290058694925,1334.0893036979382,1167.7884904613247,1533.1978497998464,1226.18678484098,847.020967790514,893.4376384241255,988.7402191402681,1207.2834385525375,1055.3118262070084,1242.2489271968727,1187.2064291424613,871.7064321986988,1010.6695754934644,969.038298063442,975.4518002447471,1002.850718589069,1229.2389343203404,1116.6209849860702,1307.2446554933226,1019.7986904398007,1045.0119254520628,1399.3099992765938,800.5179377934115,1012.9602365874106,1030.7345404319758,1057.3458540951353,780.420319600802,0.0,951.8770513244527,1228.6247106579492,1207.0759753473114,1285.800598062779,1169.584966507827,1273.3831486952404,1087.7153672738239
carcinoma_FA_HN14_1_linfoides_mieloides_notumorales.csv,1230.2496981628244,1258.0061241076073,1316.2237371080453,1089.9457028156753,1275.5882927796454,879.1627762589792,1345.4443790803382,443.92543520469286,1459.5889542643433,1394.5751567399827,1185.4107539491656,1515.399807484801,455.6783988285618,1440.3596481300824,713.4729056602926,739.5388180811439,1014.075518319273,798.5679055229809,1199.0458137312412,1239.5483212193008,1221.8003136539423,532.9511629999512,608.1809288158541,434.75967761302854,1071.6441187543876,1037.8114903426283,1022.0917796911743,1450.5838867267528,1357.6012833382504,1451.160529719764,1063.8799561019032,1108.2241006888626,1313.0548075167835,837.1982657327542,874.4529562387961,900.7736432069191,351.96377176277355,765.8457657796148,951.8770513244527,0.0,1262.8016586469937,1289.0495003493563,1481.0419210390485,1209.3722978383792,1349.1482035846263,933.0347589987842
stroma_ad_dysplasia_FA_HN11A_2_linfoides_mieloides_notumorales.csv,1021.5741424588222,781.3666093054003,1409.161174358769,857.936733092574,713.3154484950297,1124.667247464123,1025.3557239046975,1326.2471961749582,1249.0927389513906,949.6535566557577,810.0339389347275,963.8165273790344,1399.7003308260405,1498.4412800825712,1685.8057014432525,1028.5006532260109,1036.6976694500686,1230.2892566528699,826.935936926345,1411.5524730373877,941.7070348840938,1463.9422492263616,934.5406827344273,1361.619457532448,685.000738472569,851.0632526915258,854.8853362815703,968.8078311244424,937.7387737950958,1918.0538219776884,852.1578457047838,670.0269419485791,857.3735543383052,1022.9088752542738,882.5512311096145,819.2243608698949,1330.372398374712,1270.2668567957369,1228.6247106579492,1262.8016586469937,0.0,670.4003444145314,1709.3937656146213,597.5609357894033,903.776651277469,943.8704062104899
