,dysplasia_FA_HN11A_1_linfoides_mieloides_notumorales.csv,stroma_ad_carcinoma_FA_HN14_4_linfoides_mieloides_notumorales.csv,stroma_ad_dysplasia_FA_HN15_5_linfoides_mieloides_notumorales.csv,stroma_ad_dysplasia_FA_HN14_2_linfoides_mieloides_notumorales.csv,stroma_ad_dysplasia_FA_HN11A_3_linfoides_mieloides_notumorales.csv,dysplasia_FA_HN11A_4_linfoides_mieloides_notumorales.csv,dysplasia_FA_HN11A_2_linfoides_mieloides_notumorales.csv,dysplasia_FA_HN14_2_linfoides_mieloides_notumorales.csv,stroma_ad_dysplasia_FA_HN15_4_linfoides_mieloides_notumorales.csv,stroma_ad_carcinoma_FA_HN15_4_linfoides_mieloides_notumorales.csv,dysplasia_FA_HN11A_3_linfoides_mieloides_notumorales.csv,stroma_ad_dysplasia_FA_HN15_2_linfoides_mieloides_notumorales.csv,carcinoma_FA_HN14_3_linfoides_mieloides_notumorales.csv,stroma_ad_carcinoma_FA_HN11A_1_linfoides_mieloides_notumorales.csv,dysplasia_FA_HN15_3_linfoides_mieloides_notumorales.csv,carcinoma_FA_HN15_1_linfoides_mieloides_notumorales.csv,stroma_ad_dysplasia_FA_HN14_4_linfoides_mieloides_notumorales.csv,carcinoma_FA_HN11A_2_linfoides_mieloides_notumorales.csv,dysplasia_FA_HN11A_5_linfoides_mieloides_notumorales.csv,stroma_ad_carcinoma_FA_HN15_2_linfoides_mieloides_notumorales.csv,stroma_ad_dysplasia_FA_HN11A_4_linfoides_mieloides_notumorales.csv,dysplasia_FA_HN14_1_linfoides_mieloides_notumorales.csv,carcinoma_FA_HN11A_1_linfoides_mieloides_notumorales.csv,carcinoma_FA_HN14_2_linfoides_mieloides_notumorales.csv,stroma_ad_carcinoma_FA_HN14_3_linfoides_mieloides_notumorales.csv,stroma_ad_carcinoma_FA_HN11A_2_linfoides_mieloides_notumorales.csv,stroma_ad_dysplasia_FA_HN11A_5_linfoides_mieloides_notumorales.csv,stroma_ad_carcinoma_FA_HN15_1_linfoides_mieloides_notumorales.csv,stroma_ad_dysplasia_FA_HN14_1_linfoides_mieloides_notumorales.csv,stroma_ad_dysplasia_FA_HN14_3_linfoides_mieloides_notumorales.csv,stroma_ad_dysplasia_FA_HN11A_1_linfoides_mieloides_notumorales.csv,stroma_ad_carcinoma_FA_HN14_5_linfoides_mieloides_notumorales.csv,dysplasia_FA_HN15_5_linfoides_mieloides_notumorales.csv,carcinoma_FA_HN11A_5_linfoides_mieloides_notumorales.csv,carcinoma_FA_HN11A_4_linfoides_mieloides_notumorales.csv,dysplasia_FA_HN15_2_linfoides_mieloides_notumorales.csv,carcinoma_FA_HN14_4_linfoides_mieloides_notumorales.csv,carcinoma_FA_HN15_2_linfoides_mieloides_notumorales.csv,stroma_ad_carcinoma_FA_HN15_3_linfoides_mieloides_notumorales.csv,carcinoma_FA_HN14_1_linfoides_mieloides_notumorales.csv,stroma_ad_dysplasia_FA_HN11A_2_linfoides_mieloides_notumorales.csv,stroma_ad_carcinoma_FA_HN14_1_linfoides_mieloides_notumorales.csv,stroma_ad_dysplasia_FA_HN15_3_linfoides_mieloides_notumorales.csv,stroma_ad_carcinoma_FA_HN14_2_linfoides_mieloides_notumorales.csv,stroma_ad_dysplasia_FA_HN15_1_linfoides_mieloides_notumorales.csv,carcinoma_FA_HN11A_3_linfoides_mieloides_notumorales.csv
dysplasia_FA_HN11A_1_linfoides_mieloides_notumorales.csv,0.0,2205.288175294045,3798.6079834609436,3417.365547272801,1363.187584515282,6059.690271198444,2958.368117502232,9547.756497451164,4221.982615436686,4676.745370216409,5796.332327072314,5476.2114594672785,11759.822438923542,2278.560168013184,13683.010938818223,7121.253744714162,4825.555744917229,7340.482831404099,4286.995062258417,8866.97350249048,1537.160757909123,10172.880889160777,5806.526795105331,10843.988249061818,2932.4847151473346,3300.291158769139,2627.69642849848,6831.60322564712,5220.717621170828,11698.197193049264,2696.792494882301,3137.9475511609667,4743.4733882517785,4537.180052231306,5373.946328258258,6730.879886274373,9813.243417111202,8971.853550965861,7004.754791465532,8614.33944877151,1919.7277405439654,1356.2405558720193,9886.96130812602,2026.8889402831871,2480.4722429709686,6365.876541754872
stroma_ad_carcinoma_FA_HN14_4_linfoides_mieloides_notumorales.csv,2205.288175294045,0.0,4675.671918913256,2441.79291456703,2854.846699960283,6416.157850106889,1055.4875124271996,10425.341431759523,5975.486801052948,2853.2104760946163,4114.699300139287,3565.6751263288534,12869.513912278326,3763.186156403831,13594.399490203243,5452.536911029527,3860.586228479103,7746.086636574433,3409.201227418971,6974.306097443106,3607.6907049307188,11153.08313611947,7140.884804851446,10745.46993328277,1784.3734738465637,1798.3558254314787,3581.0486428982017,4835.0565570583185,3233.5172409832658,9830.851647209567,1062.3024388484648,1534.6876345756252,5636.512315951169,4416.833718509097,6703.6261336553,6797.666737428687,10525.059858341057,7445.930809235404,5334.986529757835,9048.863366549464,1707.1059688614343,1215.0532258142473,8014.936693448692,1710.1697180316805,1032.0655821766322,7540.532900767261
stroma_ad_dysplasia_FA_HN15_5_linfoides_mieloides_notumorales.csv,3798.6079834609436,4675.671918913256,0.0,4311.269657412405,3680.6364871674014,5796.941709555982,4853.303531305707,8181.179673088679,1891.9981691165303,6400.771976710201,6787.043922789259,6897.695867219596,10613.168173643864,2651.669239144415,11579.748986982933,7322.486029821133,3545.9684583764965,6048.483476636651,6062.962197172891,9744.344371992858,3823.6472840012566,8862.823997884809,5894.278241307298,8820.542582929254,5268.871737758025,4496.076798979901,1935.181917798022,8440.974324421833,7680.250632570508,12105.340192175221,5146.764311570064,6098.990190186039,6835.231157508281,5524.864619014561,6213.40759945931,7530.101473409956,8610.04901621475,8530.433756797247,7223.33332430267,7243.928199100584,3635.927071689315,4253.54957363298,10638.424270099455,5058.626677309312,4025.0498434502374,7299.86021761679
stroma_ad_dysplasia_FA_HN14_2_linfoides_mieloides_notumorales.csv,3417.365547272801,2441.79291456703,4311.269657412405,0.0,3548.040331162995,5331.150533181798,2715.7482452803533,9271.423175836595,5205.045156075434,3800.0659528034853,3859.9245655960185,3993.769443346058,11712.978381603516,4099.358391302458,12823.070701615967,4289.841428049777,2522.4744816641282,6637.709147941437,3326.5573303567076,6539.808429323028,4214.632145398331,10058.637045475629,5886.285836175042,9901.50799740282,1443.7701473537245,2164.711388978458,2770.486950886277,5519.006789123732,4081.39138084074,9044.502225325139,2654.9541136429807,2842.8274849215577,4822.7579857444225,3489.0963360363903,5642.309016592429,5286.603463061173,9259.445355063901,6306.941501291636,4233.265896826613,7907.050323070172,1981.8604939902516,2561.849707052461,7474.587831044749,2487.246016975783,1764.6887214520998,6237.7788103118555
stroma_ad_dysplasia_FA_HN11A_3_linfoides_mieloides_notumorales.csv,1363.187584515282,2854.846699960283,3680.6364871674014,3548.040331162995,0.0,5798.04476943661,3273.909591293893,9593.902061308647,3842.3699839318415,4955.882160659536,5775.634797064638,5901.745142079846,11782.25100951537,2021.035008227122,13571.08737869919,6948.8418180092785,4281.484024088486,7179.695908839013,4373.920259426196,8937.488932118773,1058.0690094856363,10207.637425596253,5761.334424291024,10763.069596898185,3370.4750648398176,3373.5583959539676,2561.5304520977966,6970.785855903492,5854.127362560967,11610.413618865567,3264.7660372294717,3729.1358571483383,4638.102757891081,4350.444412416945,5294.520238415955,6312.479688802279,9920.460927456148,8670.599744978288,6796.04383989482,8509.194090659877,1843.5865038851673,1838.2234100233534,10003.259748026192,2335.9226520667175,2751.157528354828,6289.804787780074
dysplasia_FA_HN11A_4_linfoides_mieloides_notumorales.csv,6059.690271198444,6416.157850106889,5796.941709555982,5331.150533181798,5798.04476943661,0.0,6241.293942928789,5887.749084858381,5633.453806709045,6689.013492920235,4093.542127445973,7558.564494509069,7748.381459201722,5237.199136379476,8013.6691800009685,3461.5237142934675,4512.271493247711,1898.7832441728074,4528.855679849497,7728.604641435887,6365.709881537442,6022.274592422169,2672.291467116875,5485.4531787200995,5973.767307871934,5203.21860042113,5110.096136765337,7578.299316270683,8234.191691331014,8580.467730173112,6941.271344943485,7391.4215112387,3505.0028775750557,2444.0212477183954,3385.2217963695,2875.0705233271638,5633.52745668073,3454.5079619272065,4859.951083374226,4292.232873328758,6150.360193452543,6269.628198941838,8995.390213553783,6877.180670463021,6182.111876550838,2900.2732608747483
dysplasia_FA_HN11A_2_linfoides_mieloides_notumorales.csv,2958.368117502232,1055.4875124271996,4853.303531305707,2715.7482452803533,3273.909591293893,6241.293942928789,0.0,10236.561241035924,5964.897235818433,2277.579054306531,3743.903944682632,2793.9351606564396,12720.205850797169,3813.4061196220127,13243.070749755843,4837.882253359511,3499.0139321686825,7550.216235006035,3090.5093957477575,6080.984573531684,4204.796068233655,10949.127306900824,7078.262289933875,10629.670952809545,2103.6145809763016,1610.3704406256472,4170.574088139115,3988.149655494041,3138.592409796961,8991.187683127428,1143.7838300259664,1840.4598626118216,5599.682364526826,4262.3353555883905,6786.089950384293,6993.863999484945,10602.215345276853,6723.59063540195,4566.69425560045,8975.246516109757,2350.0759839758693,2111.546187978516,7124.240138737179,2340.9828700342687,1469.862828149237,7811.734771197732
dysplasia_FA_HN14_2_linfoides_mieloides_notumorales.csv,9547.756497451164,10425.341431759523,8181.179673088679,9271.423175836595,9593.902061308647,5887.749084858381,10236.561241035924,0.0,7739.67391511371,10698.044547219955,9025.689640677323,11505.340289794794,2623.2110440374845,8482.5837304514,4993.267925378108,7368.720308141899,8146.159935097487,4539.202686661879,8962.51982157971,11717.250542924332,9807.161781463628,999.7236459495201,4977.808576240953,2273.046442184266,9902.659953229282,9135.921065082555,8972.124201960853,11493.976214371329,12235.038697429785,12583.681106103813,10967.438312539805,11361.61399663495,8588.211642038606,6812.768732970357,7518.750769437347,5787.098622461502,1585.8074134597907,6653.075880644693,8997.043802976972,2191.9684641411736,10079.299759851208,10225.885732203931,12841.394700909315,10808.293304014098,10210.174258823286,6556.197587331729
stroma_ad_dysplasia_FA_HN15_4_linfoides_mieloides_notumorales.csv,4221.982615436686,5975.486801052948,1891.9981691165303,5205.045156075434,3842.3699839318415,5633.453806709045,5964.897235818433,7739.67391511371,0.0,7059.757801055503,7024.345768100018,8142.712814622384,9442.79649723551,2717.1279214039687,11824.600701020863,7726.755094463564,4244.814530572174,6007.275419448226,5996.904500642025,10231.27985677635,3717.874342201492,7978.173309798237,4793.100929418923,9216.462706609715,6214.6974436491755,5291.996499830542,2708.017630652349,8842.376015586495,8916.895437883328,12314.028921165384,6461.934865206221,7195.1892681904765,5897.910950751675,5420.799884832777,5063.766502050848,7295.46755004747,8780.951756575556,8723.706223617524,7385.714895199395,7317.99562682152,4667.013119555572,5309.77301071739,11179.72016444451,5756.469029706554,5306.286174617503,6409.29662782605
stroma_ad_carcinoma_FA_HN15_4_linfoides_mieloides_notumorales.csv,4676.745370216409,2853.2104760946163,6400.771976710201,3800.0659528034853,4955.882160659536,6689.013492920235,2277.579054306531,10698.044547219955,7059.757801055503,0.0,3137.71622243844,2406.175481965321,12967.677100402505,4878.200318574238,12535.54973411286,5056.602373791677,4945.42815397723,7934.900215471114,2553.161858195057,4428.0154236419885,5895.299655320662,10906.30903234359,7927.940358984416,10942.576007380343,2818.182683815826,2278.338373191457,5891.004574825071,2615.753731514308,3195.6027358951674,7401.846954573771,2424.738552391504,2867.7340614976492,6191.80374428915,4981.786678224745,7561.154451395074,7681.584024189875,11442.320815765022,6794.144197718936,3797.134811158333,9669.738458150083,4047.2847310373436,3865.6660677396562,5594.489821762052,3753.84921002148,3103.797142420576,8705.120022588766
dysplasia_FA_HN11A_3_linfoides_mieloides_notumorales.csv,5796.332327072314,4114.699300139287,6787.043922789259,3859.9245655960185,5775.634797064638,4093.542127445973,3743.903944682632,9025.689640677323,7024.345768100018,3137.71622243844,0.0,4228.081259465515,10821.94261843766,5501.15713774352,10455.296564239967,3365.184600230594,4681.307448062342,5182.94353467178,1914.192570496993,4693.603465925551,6582.497000782789,8828.250866102644,5838.522714219052,8493.397549408803,3850.336187401321,2751.957520180309,6071.36688437911,3980.322034618515,5279.348801862929,6695.893435942249,4082.936275084062,4708.051028797551,3752.080697293797,2865.129283200058,5240.000107721056,5249.659883777215,9006.804876221078,4437.042104183739,3023.69974078147,7371.753492758702,4809.398267356567,4984.976698994373,6349.178222310135,4988.130243962333,3877.2804608809984,6177.848243914265
stroma_ad_dysplasia_FA_HN15_2_linfoides_mieloides_notumorales.csv,5476.2114594672785,3565.6751263288534,6897.695867219596,3993.769443346058,5901.745142079846,7558.564494509069,2793.9351606564396,11505.340289794794,8142.712814622384,2406.175481965321,4228.081259465515,0.0,13955.855674021059,6230.196003846829,14017.080306391188,5060.67202222506,5109.026176162175,8834.550638545663,3596.4451733617,3691.076883319295,6771.436492954908,12195.160237725477,8426.56134085715,11665.209007008276,3099.0892518815144,2906.7013405436455,6257.640451267035,1949.128666417366,1831.626130290978,6644.664558554354,2947.619186050592,3299.7812906395943,6830.461931808165,5558.661606918036,8190.045218002826,8042.928214525633,11880.427043339387,6721.729027811491,3587.1684730622496,10306.081720113172,4618.1629370485925,4670.76662620334,4609.669513204409,4510.016901499813,3548.7602228359465,9053.330659396963
carcinoma_FA_HN14_3_linfoides_mieloides_notumorales.csv,11759.822438923542,12869.513912278326,10613.168173643864,11712.978381603516,11782.25100951537,7748.381459201722,12720.205850797169,2623.2110440374845,9442.79649723551,12967.677100402505,10821.94261843766,13955.855674021059,0.0,10714.553015916781,6319.553952428326,9273.67405635599,10635.441303299718,6452.113414469086,10988.979032631865,13986.053889865325,11692.070394391432,2580.194023968708,6380.870477074453,3439.0182222606763,12329.051371395106,11578.747531767245,11390.919494788119,13791.905238997864,14698.227968732983,14641.887822047787,13416.2628582876,13788.75980856537,9757.055830461222,8857.47544477915,8472.646248394356,7476.490527496492,3050.366145234551,8510.395835716512,11183.759893563805,3981.7600955579555,12510.935482650513,12664.608032042532,15166.266804837709,13090.130346485004,12647.604215379319,7599.897514332179
stroma_ad_carcinoma_FA_HN11A_1_linfoides_mieloides_notumorales.csv,2278.560168013184,3763.186156403831,2651.669239144415,4099.358391302458,2021.035008227122,5237.199136379476,3813.4061196220127,8482.5837304514,2717.1279214039687,4878.200318574238,5501.15713774352,6230.196003846829,10714.553015916781,0.0,12210.415581361553,6834.560937189649,4116.7381745126,6306.041722107327,4256.701454387064,8626.576132386554,2076.597427078469,8976.32842950004,5564.443428655429,9666.8641355145,4444.697964060443,3431.5991597437187,2485.4695457134803,6853.382986645992,6885.560569754486,11159.565368876645,4218.50794369093,5085.269601029637,5375.606522579428,4445.257687539641,5279.608927376858,7250.784188607513,9450.181431943027,8207.647712696456,6366.1689276160605,7827.678981438119,2764.9064214421496,3117.110917437276,9641.687747650562,3867.8287347328405,3304.740930757457,6626.167046078975
dysplasia_FA_HN15_3_linfoides_mieloides_notumorales.csv,13683.010938818223,13594.399490203243,11579.748986982933,12823.070701615967,13571.08737869919,8013.6691800009685,13243.070749755843,4993.267925378108,11824.600701020863,12535.54973411286,10455.296564239967,14017.080306391188,6319.553952428326,12210.415581361553,0.0,9630.92949288388,11177.610047241209,6591.918493938652,11971.8632904991,12820.867987490752,13917.705067839857,4811.446962205522,8796.905354002047,3577.349933203009,13512.921752539054,12150.271820403825,12638.942689480193,13472.396424874665,15285.964707176996,13029.704520391822,14060.28156824744,14803.228984574494,10915.018573616057,10113.71943637258,10038.863383649674,8596.987943567647,4698.631731101892,7720.670810214425,10698.500321444055,5249.186322747551,13767.701919942716,13882.592864358865,14351.185113764694,14639.814316373731,13360.755083973992,9094.11588821124
carcinoma_FA_HN15_1_linfoides_mieloides_notumorales.csv,7121.253744714162,5452.536911029527,7322.486029821133,4289.841428049777,6948.8418180092785,3461.5237142934675,4837.882253359511,7368.720308141899,7726.755094463564,5056.602373791677,3365.184600230594,5060.67202222506,9273.67405635599,6834.560937189649,9630.92949288388,0.0,4240.510519073022,4286.3059657014255,4314.771173956447,5486.116209012398,7730.895497620566,7895.193699196555,4301.358213070678,6947.996039322689,4636.549005361926,4264.583626920818,6615.2221176654475,5275.852028637611,5839.276190421495,6356.105363430338,5257.791496029981,5758.338280450614,5074.763576654174,2833.360758196517,5621.207311667934,3361.850807262948,7213.014705859947,2566.4973051276374,2932.7454155050436,5586.441473076264,5986.138133801733,6314.208892055962,6642.384651789216,6421.515104108464,5049.2838244878685,4746.41132149195
stroma_ad_dysplasia_FA_HN14_4_linfoides_mieloides_notumorales.csv,4825.555744917229,3860.586228479103,3545.9684583764965,2522.4744816641282,4281.484024088486,4512.271493247711,3499.0139321686825,8146.159935097487,4244.814530572174,4945.42815397723,4681.307448062342,5109.026176162175,10635.441303299718,4116.7381745126,11177.610047241209,4240.510519073022,0.0,5477.9135255864185,4716.344143864493,7111.574488036558,5087.808876517596,8874.492009893314,5439.76760513471,8459.266183131609,3848.5819978682994,3149.4375961412497,2954.5065589653814,6375.178689655216,5934.686561738149,9096.00738622136,4078.031055832721,5019.934133553872,5868.322678587095,4064.354176348471,5948.126484490658,5453.009389509419,8469.493643627535,5325.960216032756,4382.853663203619,6914.42127036948,3667.7681213841543,4252.332003428157,7953.949675215178,4710.383988663314,3166.9043389625067,6475.1015336101245
carcinoma_FA_HN11A_2_linfoides_mieloides_notumorales.csv,7340.482831404099,7746.086636574433,6048.483476636651,6637.709147941437,7179.695908839013,1898.7832441728074,7550.216235006035,4539.202686661879,6007.275419448226,7934.900215471114,5182.94353467178,8834.550638545663,6452.113414469086,6306.041722107327,6591.918493938652,4286.3059657014255,5477.9135255864185,0.0,5773.345774642892,8950.891868155442,7527.430466479898,4543.059611549774,2703.8944915843067,4293.5092173054145,7287.8689140624465,6493.303286252158,6396.311360233345,8814.096149768879,9566.788508238893,9511.611373818883,8286.79788311406,8703.669348080983,5144.724569096195,3795.4120239358067,4512.552367305632,2993.0839195432463,4407.413245550392,3384.503977120662,6003.014412769906,2904.413846820092,7499.861835481142,7590.5114747772295,10159.321739955894,8218.88963590292,7523.252806970337,3622.222630377986
dysplasia_FA_HN11A_5_linfoides_mieloides_notumorales.csv,4286.995062258417,3409.201227418971,6062.962197172891,3326.5573303567076,4373.920259426196,4528.855679849497,3090.5093957477575,8962.51982157971,5996.904500642025,2553.161858195057,1914.192570496993,3596.4451733617,10988.979032631865,4256.701454387064,11971.8632904991,4314.771173956447,4716.344143864493,5773.345774642892,0.0,5289.344920511156,5139.926637293324,9068.850720674925,5811.013286348964,9474.340491140045,2892.623285702412,2101.6093744408795,5305.0902078434165,3545.4548937738914,4423.415885301941,7851.602939224959,3358.4711978427363,3668.3923959485255,3868.0065402538753,2812.6056560164243,5394.370228070074,5547.095900732138,9413.248071096788,5843.806609856645,3841.2842295154555,7666.696992488165,3700.33138812204,3814.9310625420844,6564.845047742329,3584.2795307104125,3322.5968876274824,6488.952044102164
stroma_ad_carcinoma_FA_HN15_2_linfoides_mieloides_notumorales.csv,8866.97350249048,6974.306097443106,9744.344371992858,6539.808429323028,8937.488932118773,7728.604641435887,6080.984573531684,11717.250542924332,10231.27985677635,4428.0154236419885,4693.603465925551,3691.076883319295,13986.053889865325,8626.576132386554,12820.867987490752,5486.116209012398,7111.574488036558,8950.891868155442,5289.344920511156,0.0,9901.407634755838,11839.30575221529,9086.23254060998,11913.871506722053,6306.8258313507695,5771.371348545479,9119.818882085894,3129.8542063888613,4758.962592833012,3228.8537200176315,6449.100862835823,6797.200619154487,8008.906912638765,6336.707648168002,9284.967480205107,8692.362167475985,12437.52452126395,6786.060402171931,3312.735107599576,10678.964194374254,7836.076601321989,8046.437671347209,2144.047521614013,7938.224151491286,6787.908572854543,9853.470932283213
stroma_ad_dysplasia_FA_HN11A_4_linfoides_mieloides_notumorales.csv,1537.160757909123,3607.6907049307188,3823.6472840012566,4214.632145398331,1058.0690094856363,6365.709881537442,4204.796068233655,9807.161781463628,3717.874342201492,5895.299655320662,6582.497000782789,6771.436492954908,11692.070394391432,2076.597427078469,13917.705067839857,7730.895497620566,5087.808876517596,7527.430466479898,5139.926637293324,9901.407634755838,0.0,10355.329860789898,5632.543501644903,11067.740368208984,4049.0941392272016,4280.250266872774,2784.991569070472,7830.419738957159,6460.450128656109,12495.744743202167,4064.1968568111656,4313.47055247148,4571.44137739364,5144.9043925360165,4799.920060981811,6788.428618407177,10064.42987253929,9448.105302584403,7687.426793320925,8807.663680650627,2576.75436357662,2498.8951717901327,10897.681573673604,2751.509490242802,3515.098051614582,5739.859777155977
dysplasia_FA_HN14_1_linfoides_mieloides_notumorales.csv,10172.880889160777,11153.08313611947,8862.823997884809,10058.637045475629,10207.637425596253,6022.274592422169,10949.127306900824,999.7236459495201,7978.173309798237,10906.30903234359,8828.250866102644,12195.160237725477,2580.194023968708,8976.32842950004,4811.446962205522,7895.193699196555,8874.492009893314,4543.059611549774,9068.850720674925,11839.30575221529,10355.329860789898,0.0,5336.283965617513,2649.48155749147,10697.069499967984,9808.588643996258,9698.830562608302,11948.200387537687,13003.289304676633,12493.83616522468,11700.764613267009,12156.252279032355,8750.516984944425,7426.60394892642,7660.58324602274,6345.897554028695,2366.0391493481666,6718.005714511135,9220.242441793349,2639.7129398012366,10876.926993879828,11014.27799082391,13183.120940049497,11519.684386288935,10923.61825885737,6884.923868078125
carcinoma_FA_HN11A_1_linfoides_mieloides_notumorales.csv,5806.526795105331,7140.884804851446,5894.278241307298,5886.285836175042,5761.334424291024,2672.291467116875,7078.262289933875,4977.808576240953,4793.100929418923,7927.940358984416,5838.522714219052,8426.56134085715,6380.870477074453,5564.443428655429,8796.905354002047,4301.358213070678,5439.76760513471,2703.8944915843067,5811.013286348964,9086.23254060998,5632.543501644903,5336.283965617513,0.0,5961.961945229131,6438.937076121325,6135.417149688606,5565.251934363313,8696.65933178908,8825.593777155462,10282.775156776403,7634.284804486536,7848.52734707329,3999.5106812959175,3255.3103819872113,2793.2902732763673,2838.473560948486,5078.682713458783,5054.883037550122,6201.995771526394,3955.4753226972407,6610.707684819318,6804.358557582754,10250.704031684521,7025.832455128569,6913.725057253054,1944.257723183119
carcinoma_FA_HN14_2_linfoides_mieloides_notumorales.csv,10843.988249061818,10745.46993328277,8820.542582929254,9901.50799740282,10763.069596898185,5485.4531787200995,10629.670952809545,2273.046442184266,9216.462706609715,10942.576007380343,8493.397549408803,11665.209007008276,3439.0182222606763,9666.8641355145,3577.349933203009,6947.996039322689,8459.266183131609,4293.5092173054145,9474.340491140045,11913.871506722053,11067.740368208984,2649.48155749147,5961.961945229131,0.0,10592.71165024827,9438.110529573018,9782.468547473913,11731.82968390384,12601.228061057927,12416.631661544816,11274.728670385806,11939.278479857077,8413.338161956859,7250.425073140407,7537.597925364518,5643.281873515548,1413.333257161084,5660.462733299429,9043.644498299542,2458.7137979002378,10829.28058859551,10934.739036209485,13077.390120433405,11705.157480318154,10511.290541053579,6463.145463775719
stroma_ad_carcinoma_FA_HN14_3_linfoides_mieloides_notumorales.csv,2932.4847151473346,1784.3734738465637,5268.871737758025,1443.7701473537245,3370.4750648398176,5973.767307871934,2103.6145809763016,9902.659953229282,6214.6974436491755,2818.182683815826,3850.336187401321,3099.0892518815144,12329.051371395106,4444.697964060443,13512.921752539054,4636.549005361926,3848.5819978682994,7287.8689140624465,2892.623285702412,6306.8258313507695,4049.0941392272016,10697.069499967984,6438.937076121325,10592.71165024827,0.0,1818.741547085927,3737.7468304003373,4510.312067494001,2807.070566304834,9095.369615612373,1890.942118078152,1649.1121995275942,5052.973170084407,3979.0364661775197,5965.490358330788,5829.134021211713,9881.114901826486,6731.907159050127,4568.358474403509,8569.83648594499,1900.1839990572785,1971.169468242153,7372.001570591118,1882.3885173290116,1577.8851001387302,6726.720464443738
stroma_ad_carcinoma_FA_HN11A_2_linfoides_mieloides_notumorales.csv,3300.291158769139,1798.3558254314787,4496.076798979901,2164.711388978458,3373.5583959539676,5203.21860042113,1610.3704406256472,9135.921065082555,5291.996499830542,2278.338373191457,2751.957520180309,2906.7013405436455,11578.747531767245,3431.5991597437187,12150.271820403825,4264.583626920818,3149.4375961412497,6493.303286252158,2101.6093744408795,5771.371348545479,4280.250266872774,9808.588643996258,6135.417149688606,9438.110529573018,1818.741547085927,0.0,3834.4763727068944,4129.238664346549,3837.005642401728,8474.85719178744,2099.587318137113,2902.9465372983655,4607.394016807371,3287.4148569567215,5862.7835382682615,6008.977875901614,9693.617988376474,6191.57088636619,3968.617560182426,8015.416478128338,2288.9332547317304,2520.294216484696,6708.72660972482,2663.364902411233,1491.608279844429,6889.744434010282
stroma_ad_dysplasia_FA_HN11A_5_linfoides_mieloides_notumorales.csv,2627.69642849848,3581.0486428982017,1935.181917798022,2770.486950886277,2561.5304520977966,5110.096136765337,4170.574088139115,8972.124201960853,2708.017630652349,5891.004574825071,6071.36688437911,6257.640451267035,11390.919494788119,2485.4695457134803,12638.942689480193,6615.2221176654475,2954.5065589653814,6396.311360233345,5305.0902078434165,9119.818882085894,2784.991569070472,9698.830562608302,5565.251934363313,9782.468547473913,3737.7468304003373,3834.4763727068944,0.0,7864.688075233939,6247.439696485423,11523.885317083028,4162.059360473439,4638.551886712452,5483.703707356551,4512.443064203658,5296.359905031999,6287.323467668216,9035.076124662988,8037.074429221901,6609.132441707832,7628.7722185812545,2355.0332101857393,2864.2423229708334,10016.996308299573,3476.3161860990426,2940.5070690563575,6046.0750963072105
stroma_ad_carcinoma_FA_HN15_1_linfoides_mieloides_notumorales.csv,6831.60322564712,4835.0565570583185,8440.974324421833,5519.006789123732,6970.785855903492,7578.299316270683,3988.149655494041,11493.976214371329,8842.376015586495,2615.753731514308,3980.322034618515,1949.128666417366,13791.905238997864,6853.382986645992,13472.396424874665,5275.852028637611,6375.178689655216,8814.096149768879,3545.4548937738914,3129.8542063888613,7830.419738957159,11948.200387537687,8696.65933178908,11731.82968390384,4510.312067494001,4129.238664346549,7864.688075233939,0.0,2748.070065355224,5913.84798363028,4263.484896343582,4366.120307833892,7023.186797475255,5770.951006107582,8498.787317368455,8433.092638219832,12179.182504943681,6706.172615892446,3390.366104815757,10458.021929417899,6113.429662527452,5966.354067852402,4203.992705447478,5878.275674934876,5080.238780117558,9468.363212250355
stroma_ad_dysplasia_FA_HN14_1_linfoides_mieloides_notumorales.csv,5220.717621170828,3233.5172409832658,7680.250632570508,4081.39138084074,5854.127362560967,8234.191691331014,3138.592409796961,12235.038697429785,8916.895437883328,3195.6027358951674,5279.348801862929,1831.626130290978,14698.227968732983,6885.560569754486,15285.964707176996,5839.276190421495,5934.686561738149,9566.788508238893,4423.415885301941,4758.962592833012,6460.450128656109,13003.289304676633,8825.593777155462,12601.228061057927,2807.070566304834,3837.005642401728,6247.439696485423,2748.070065355224,0.0,7772.916810076291,2808.3128463929825,2298.044999544046,7082.3694373813805,6159.219865757744,8226.87481614784,8171.905114355747,12208.749692272055,7750.972179911123,5115.765125028619,10834.906743291436,4498.026114308023,4131.260258662113,5741.098218630316,3882.9522227033053,3703.0435679648617,8989.01668404861
stroma_ad_dysplasia_FA_HN14_3_linfoides_mieloides_notumorales.csv,11698.197193049264,9830.851647209567,12105.340192175221,9044.502225325139,11610.413618865567,8580.467730173112,8991.187683127428,12583.681106103813,12314.028921165384,7401.846954573771,6695.893435942249,6644.664558554354,14641.887822047787,11159.565368876645,13029.704520391822,6356.105363430338,9096.00738622136,9511.611373818883,7851.602939224959,3228.8537200176315,12495.744743202167,12493.83616522468,10282.775156776403,12416.631661544816,9095.369615612373,8474.85719178744,11523.885317083028,5913.84798363028,7772.916810076291,0.0,9359.26723050876,9778.35548347741,9958.751915960072,8140.180284104997,10929.818737248406,9432.68328183929,13201.021595760283,7311.5031179083335,5093.263584655415,11338.611056580903,10585.593810576542,10870.403653906871,2352.11186226161,10790.094753185029,9527.635176723634,11020.096779415375
stroma_ad_dysplasia_FA_HN11A_1_linfoides_mieloides_notumorales.csv,2696.792494882301,1062.3024388484648,5146.764311570064,2654.9541136429807,3264.7660372294717,6941.271344943485,1143.7838300259664,10967.438312539805,6461.934865206221,2424.738552391504,4082.936275084062,2947.619186050592,13416.2628582876,4218.50794369093,14060.28156824744,5257.791496029981,4078.031055832721,8286.79788311406,3358.4711978427363,6449.100862835823,4064.1968568111656,11700.764613267009,7634.284804486536,11274.728670385806,1890.942118078152,2099.587318137113,4162.059360473439,4263.484896343582,2808.3128463929825,9359.26723050876,0.0,1144.0141500612704,5982.888038728988,4894.171043834928,7202.932760486005,7140.554777565528,11020.801659998619,7353.85142567537,5165.219598243598,9568.915753266156,2153.156873766847,1830.3015267104934,7455.413909561045,1832.0242569016016,1364.3851483755222,8105.32200076157
stroma_ad_carcinoma_FA_HN14_5_linfoides_mieloides_notumorales.csv,3137.9475511609667,1534.6876345756252,6098.990190186039,2842.8274849215577,3729.1358571483383,7391.4215112387,1840.4598626118216,11361.61399663495,7195.1892681904765,2867.7340614976492,4708.051028797551,3299.7812906395943,13788.75980856537,5085.269601029637,14803.228984574494,5758.338280450614,5019.934133553872,8703.669348080983,3668.3923959485255,6797.200619154487,4313.47055247148,12156.252279032355,7848.52734707329,11939.278479857077,1649.1121995275942,2902.9465372983655,4638.551886712452,4366.120307833892,2298.044999544046,9778.35548347741,1144.0141500612704,0.0,6081.147777199403,5255.955610823832,7209.176425199269,7182.853228070931,11313.366466493702,7905.968716908922,5692.276991023947,9986.113238937125,2584.178413151412,2037.2155606928386,7845.523445397762,1863.2407196309866,2215.387716794919,7988.092027693995
dysplasia_FA_HN15_5_linfoides_mieloides_notumorales.csv,4743.4733882517785,5636.512315951169,6835.231157508281,4822.7579857444225,4638.102757891081,3505.0028775750557,5599.682364526826,8588.211642038606,5897.910950751675,6191.80374428915,3752.080697293797,6830.461931808165,9757.055830461222,5375.606522579428,10915.018573616057,5074.763576654174,5868.322678587095,5144.724569096195,3868.0065402538753,8008.906912638765,4571.44137739364,8750.516984944425,3999.5106812959175,8413.338161956859,5052.973170084407,4607.394016807371,5483.703707356551,7023.186797475255,7082.3694373813805,9958.751915960072,5982.888038728988,6081.147777199403,0.0,2602.034685403793,2073.58227999617,4262.93994958568,8069.145763060929,6221.262059132137,5504.043510817184,7005.144283046158,5185.111590542589,5367.705152120914,9483.162602537046,5129.15803335799,5387.084906603603,3302.421764963757
carcinoma_FA_HN11A_5_linfoides_mieloides_notumorales.csv,4537.180052231306,4416.833718509097,5524.864619014561,3489.0963360363903,4350.444412416945,2444.0212477183954,4262.3353555883905,6812.768732970357,5420.799884832777,4981.786678224745,2865.129283200058,5558.661606918036,8857.47544477915,4445.257687539641,10113.71943637258,2833.360758196517,4064.354176348471,3795.4120239358067,2812.6056560164243,6336.707648168002,5144.9043925360165,7426.60394892642,3255.3103819872113,7250.425073140407,3979.0364661775197,3287.4148569567215,4512.443064203658,5770.951006107582,6159.219865757744,8140.180284104997,4894.171043834928,5255.955610823832,2602.034685403793,0.0,3344.423677951354,3281.953855481384,6741.832267959409,4655.593550397847,3810.4890552263914,5252.955654132428,4073.8404253799454,4258.695305614366,7730.653044197438,4727.425872577993,4158.590417308627,3830.426006744392
carcinoma_FA_HN11A_4_linfoides_mieloides_notumorales.csv,5373.946328258258,6703.6261336553,6213.40759945931,5642.309016592429,5294.520238415955,3385.2217963695,6786.089950384293,7518.750769437347,5063.766502050848,7561.154451395074,5240.000107721056,8190.045218002826,8472.646248394356,5279.608927376858,10038.863383649674,5621.207311667934,5948.126484490658,4512.552367305632,5394.370228070074,9284.967480205107,4799.920060981811,7660.58324602274,2793.2902732763673,7537.597925364518,5965.490358330788,5862.7835382682615,5296.359905031999,8498.787317368455,8226.87481614784,10929.818737248406,7202.932760486005,7209.176425199269,2073.58227999617,3344.423677951354,0.0,4271.222692526439,7097.420532644473,6484.54639840936,6188.10534959315,6173.535565022994,6163.974860863077,6297.106384803328,10643.847669297436,6224.424457915767,6469.3764839316655,2409.802684239306
dysplasia_FA_HN15_2_linfoides_mieloides_notumorales.csv,6730.879886274373,6797.666737428687,7530.101473409956,5286.603463061173,6312.479688802279,2875.0705233271638,6993.863999484945,5787.098622461502,7295.46755004747,7681.584024189875,5249.659883777215,8042.928214525633,7476.490527496492,7250.784188607513,8596.987943567647,3361.850807262948,5453.009389509419,2993.0839195432463,5547.095900732138,8692.362167475985,6788.428618407177,6345.897554028695,2838.473560948486,5643.281873515548,5829.134021211713,6008.977875901614,6287.323467668216,8433.092638219832,8171.905114355747,9432.68328183929,7140.554777565528,7182.853228070931,4262.93994958568,3281.953855481384,4271.222692526439,0.0,5043.015873242639,2930.49420309072,5932.477995458161,4007.5718756042947,6242.825619245071,6578.225089717573,9848.144033900388,6312.090934090849,6517.545964422594,2613.486226730419
carcinoma_FA_HN14_4_linfoides_mieloides_notumorales.csv,9813.243417111202,10525.059858341057,8610.04901621475,9259.445355063901,9920.460927456148,5633.52745668073,10602.215345276853,1585.8074134597907,8780.951756575556,11442.320815765022,9006.804876221078,11880.427043339387,3050.366145234551,9450.181431943027,4698.631731101892,7213.014705859947,8469.493643627535,4407.413245550392,9413.248071096788,12437.52452126395,10064.42987253929,2366.0391493481666,5078.682713458783,1413.333257161084,9881.114901826486,9693.617988376474,9035.076124662988,12179.182504943681,12208.749692272055,13201.021595760283,11020.801659998619,11313.366466493702,8069.145763060929,6741.832267959409,7097.420532644473,5043.015873242639,0.0,6331.286301771512,9589.77099965114,2100.915886534484,10063.41149591103,10224.464306643344,13593.911279494652,10838.087527054082,10289.62323192805,5801.332439447698
carcinoma_FA_HN15_2_linfoides_mieloides_notumorales.csv,8971.853550965861,7445.930809235404,8530.433756797247,6306.941501291636,8670.599744978288,3454.5079619272065,6723.59063540195,6653.075880644693,8723.706223617524,6794.144197718936,4437.042104183739,6721.729027811491,8510.395835716512,8207.647712696456,7720.670810214425,2566.4973051276374,5325.960216032756,3384.503977120662,5843.806609856645,6786.060402171931,9448.105302584403,6718.005714511135,5054.883037550122,5660.462733299429,6731.907159050127,6191.57088636619,8037.074429221901,6706.172615892446,7750.972179911123,7311.5031179083335,7353.85142567537,7905.968716908922,6221.262059132137,4655.593550397847,6484.54639840936,2930.49420309072,6331.286301771512,0.0,3941.6309919465466,5039.155626744546,7940.455716255257,8206.54000747198,8008.150454245791,8469.589853200392,7072.745247816081,5185.80809251441
stroma_ad_carcinoma_FA_HN15_3_linfoides_mieloides_notumorales.csv,7004.754791465532,5334.986529757835,7223.33332430267,4233.265896826613,6796.04383989482,4859.951083374226,4566.69425560045,8997.043802976972,7385.714895199395,3797.134811158333,3023.69974078147,3587.1684730622496,11183.759893563805,6366.1689276160605,10698.500321444055,2932.7454155050436,4382.853663203619,6003.014412769906,3841.2842295154555,3312.735107599576,7687.426793320925,9220.242441793349,6201.995771526394,9043.644498299542,4568.358474403509,3968.617560182426,6609.132441707832,3390.366104815757,5115.765125028619,5093.263584655415,5165.219598243598,5692.276991023947,5504.043510817184,3810.4890552263914,6188.10534959315,5932.477995458161,9589.77099965114,3941.6309919465466,0.0,7751.0258314941475,5884.320542577739,6201.2606416512535,4567.369603646616,6355.7167258011,4947.810968762112,7019.749010887553
carcinoma_FA_HN14_1_linfoides_mieloides_notumorales.csv,8614.33944877151,9048.863366549464,7243.928199100584,7907.050323070172,8509.194090659877,4292.232873328758,8975.246516109757,2191.9684641411736,7317.99562682152,9669.738458150083,7371.753492758702,10306.081720113172,3981.7600955579555,7827.678981438119,5249.186322747551,5586.441473076264,6914.42127036948,2904.413846820092,7666.696992488165,10678.964194374254,8807.663680650627,2639.7129398012366,3955.4753226972407,2458.7137979002378,8569.83648594499,8015.416478128338,7628.7722185812545,10458.021929417899,10834.906743291436,11338.611056580903,9568.915753266156,9986.113238937125,7005.144283046158,5252.955654132428,6173.535565022994,4007.5718756042947,2100.915886534484,5039.155626744546,7751.0258314941475,0.0,8805.665835891832,8879.801903326323,11853.364290606194,9515.064710292554,8808.563765890525,5073.769886548137
stroma_ad_dysplasia_FA_HN11A_2_linfoides_mieloides_notumorales.csv,1919.7277405439654,1707.1059688614343,3635.927071689315,1981.8604939902516,1843.5865038851673,6150.360193452543,2350.0759839758693,10079.299759851208,4667.013119555572,4047.2847310373436,4809.398267356567,4618.1629370485925,12510.935482650513,2764.9064214421496,13767.701919942716,5986.138133801733,3667.7681213841543,7499.861835481142,3700.33138812204,7836.076601321989,2576.75436357662,10876.926993879828,6610.707684819318,10829.28058859551,1900.1839990572785,2288.9332547317304,2355.0332101857393,6113.429662527452,4498.026114308023,10585.593810576542,2153.156873766847,2584.178413151412,5185.111590542589,4073.8404253799454,6163.974860863077,6242.825619245071,10063.41149591103,7940.455716255257,5884.320542577739,8805.665835891832,0.0,1104.1937039081931,8816.095120081156,1464.5850278450578,1177.706768385261,7017.1366102092215
