,topology_carcinoma_1_clean_mac.csv,topology_ad_carcinoma_11_clean_mac.csv,topology_ad_carcinoma_9_clean_mac.csv,topology_dysplasia_16_clean_mac.csv,topology_carcinoma_19_clean_mac.csv,topology_ad_carcinoma_5_clean_mac.csv,topology_dysplasia_5_clean_mac.csv,topology_ad_carcinoma_13_clean_mac.csv,topology_carcinoma_11_clean_mac.csv,topology_carcinoma_5_clean_mac.csv,topology_carcinoma_16_clean_mac.csv,topology_ad_carcinoma_6_clean_mac.csv,topology_carcinoma_15_clean_mac.csv,topology_carcinoma_10_clean_mac.csv,topology_ad_dysplasia_2_clean_mac.csv,topology_carcinoma_3_clean_mac.csv,topology_dysplasia_4_clean_mac.csv,topology_carcinoma_12_clean_mac.csv,topology_dysplasia_6_clean_mac.csv,topology_dysplasia_8_clean_mac.csv,topology_dysplasia_18_clean_mac.csv,topology_dysplasia_7_clean_mac.csv,topology_carcinoma_2_clean_mac.csv,topology_ad_carcinoma_15_clean_mac.csv,topology_carcinoma_4_clean_mac.csv,topology_ad_carcinoma_4_clean_mac.csv,topology_ad_dysplasia_7_clean_mac.csv,topology_ad_carcinoma_1_clean_mac.csv,topology_dysplasia_9_clean_mac.csv,topology_carcinoma_20_clean_mac.csv,topology_ad_carcinoma_12_clean_mac.csv,topology_ad_dysplasia_1_clean_mac.csv,topology_dysplasia_1_clean_mac.csv,topology_ad_dysplasia_8_clean_mac.csv,topology_ad_dysplasia_6_clean_mac.csv,topology_carcinoma_18_clean_mac.csv,topology_dysplasia_11_clean_mac.csv,topology_ad_carcinoma_7_clean_mac.csv,topology_ad_carcinoma_2_clean_mac.csv,topology_ad_dysplasia_5_clean_mac.csv,topology_carcinoma_6_clean_mac.csv,topology_dysplasia_10_clean_mac.csv,topology_dysplasia_12_clean_mac.csv,topology_ad_dysplasia_3_clean_mac.csv,topology_carcinoma_8_clean_mac.csv,topology_dysplasia_19_clean_mac.csv,topology_dysplasia_17_clean_mac.csv,topology_dysplasia_14_clean_mac.csv,topology_ad_dysplasia_4_clean_mac.csv,topology_dysplasia_3_clean_mac.csv,topology_dysplasia_2_clean_mac.csv,topology_ad_carcinoma_8_clean_mac.csv,topology_carcinoma_17_clean_mac.csv,topology_carcinoma_9_clean_mac.csv,topology_ad_carcinoma_14_clean_mac.csv,topology_carcinoma_14_clean_mac.csv,topology_ad_carcinoma_10_clean_mac.csv,topology_dysplasia_15_clean_mac.csv,topology_carcinoma_7_clean_mac.csv,topology_ad_dysplasia_9_clean_mac.csv,topology_ad_carcinoma_3_clean_mac.csv,topology_dysplasia_13_clean_mac.csv,topology_ad_dysplasia_10_clean_mac.csv,topology_carcinoma_13_clean_mac.csv
topology_carcinoma_1_clean_mac.csv,0.0,17506.62068213805,10461.85896640717,15676.141911337398,8914.760359640473,11836.993004476151,12021.55901770792,13496.86586357195,4284.98224250866,11705.461909357246,3318.567561734038,14886.990367356075,5863.556066500696,2800.2925277725235,11165.988587861939,11017.889771593625,17366.999433936777,4968.011713598675,15309.166087744174,16407.513839394287,16657.63162363439,17452.267925134074,3941.4526792239103,14089.910313338152,5800.372701281181,10028.078662690234,10441.07610405322,10969.83744288464,16378.644404290091,4453.449500412134,16129.808450134184,6982.141440571084,5054.151770899988,17042.147846300904,13224.009481702338,9368.347296736314,12227.372343471956,8969.442941682903,12518.702696476852,14490.688020421023,8568.008836707124,15925.105262709132,14424.306460913993,13625.005882193569,3252.680189297721,17392.01023508396,15964.13703636595,15955.252421494333,13397.799374248827,12623.465787684554,12174.72275623727,7299.424688742401,7031.133238423804,1867.1555596788198,12544.398927995931,8311.71306359158,7955.2314285974,15952.813071350161,8914.782458511412,16082.889219852976,10508.602385097032,14188.065003520987,8053.324412584477,5658.629776924561
topology_ad_carcinoma_11_clean_mac.csv,17506.62068213805,0.0,7103.98822561951,3612.27126144456,10697.994631322248,5876.265150789743,6041.981579789471,5527.052226056841,13309.21581765103,28250.32962965113,16766.3271022792,3576.7729493780353,13478.838339510323,15983.330841628449,7051.821024172375,6811.7042140587,4449.2271876001005,16487.000741112526,3045.6041671894973,1365.0375463348478,3028.3326008185923,1481.613164262795,20412.64655798402,4077.6031363897464,21322.043430366244,8802.11980854634,7415.441619265172,8092.9039516059165,5904.7338365984415,14263.430334014643,1662.0640943066649,10610.615797513947,12680.632256534427,4746.484480081618,5219.983700268689,8888.333370339866,5303.976157151197,9152.91043687045,5184.436793912458,4511.254102402232,10544.250787997236,1728.904705412851,3152.9508350989254,4310.764267431594,15098.220864251118,2156.741577685618,1876.6725346727292,2080.9410988612153,5077.944432482571,5905.284717440056,7847.881482214853,12117.667208346757,10781.725391904152,16902.99496359768,5040.369658645947,10268.454964137485,9896.267994377085,2869.7181382649496,8689.217894569387,4209.2383611330815,7099.422236263228,3419.166060833817,9554.411207198353,11973.243817067108
topology_ad_carcinoma_9_clean_mac.csv,10461.85896640717,7103.98822561951,0.0,6292.66589442373,4875.314155340566,2156.517757858414,3067.1152216755995,4368.939180782284,6293.689486689171,21174.361225789085,10084.260908255479,5340.069515123182,6956.830496316903,9345.532502688544,2393.4984686586654,2575.2214175901745,7701.525229273833,9449.702626278628,5572.426470533098,6008.909807054742,6664.145144288384,7141.494956243322,13465.303230632426,4540.451806906393,14351.042914249265,3807.6327199208745,1460.6815074162694,4030.857683528652,7505.719719208571,7473.644732312312,5720.170588361728,3689.6462207443446,5914.51949395839,7747.638561624498,4083.073007003942,3251.0360826211777,2054.110923698588,2541.480153906576,2680.392899754842,5202.393059401048,5409.631366866407,5535.267911724017,4268.80223162845,4020.898463709317,8041.8901226977005,6991.096174108492,5553.273507758085,5618.486145213517,4173.098657249829,3787.3440482033598,4530.214127231204,5063.960160623827,3897.5211421176646,9885.04458576156,2518.514924676783,4174.784430871861,2894.6704314645735,5885.45445910966,2850.4930492664766,7033.317961331608,1025.7625795413112,3822.560831486863,2656.220244195566,5030.199124303602
topology_dysplasia_16_clean_mac.csv,15676.141911337398,3612.27126144456,6292.66589442373,0.0,10614.716830057187,4378.502859169412,6510.8292607212,2401.0094526127236,11877.584717407657,26144.672755594213,15839.029348295024,1080.8467599185713,12879.660548455677,15276.161221019833,4554.749372824952,6122.366880260798,7363.610174677605,14410.854279840163,5081.185631308791,3367.7533084368783,1194.8688654777234,4416.721949606916,19007.509348645417,2988.852821543625,20332.704832621297,6082.017970566907,6473.2052095611325,6912.486460347351,9067.714757172766,13169.313887019624,2321.5098779298487,8879.474290834096,11716.232135828139,1683.4356202822057,2500.8149388772863,8589.15556770725,5308.179617794342,6888.781684401266,3808.2407483650954,1479.577955632037,11034.912111704629,3881.0512714240904,3693.059859416488,2551.0528172141467,13212.889454613585,2408.268766056766,2375.8774819413056,1636.907259577132,2434.5861649974804,7434.613270188476,9546.289386557868,10819.466256125623,8702.667173276563,15403.771371735584,4812.263521336036,7766.847806206773,8716.401886598604,1140.7688180156847,7626.871436872436,896.1803769905155,6282.662045305233,3840.1443600021134,7782.762277698201,10162.683113136027
topology_carcinoma_19_clean_mac.csv,8914.760359640473,10697.994631322248,4875.314155340566,10614.716830057187,0.0,6516.052661400808,4853.122633372411,8812.566340543803,5724.6957434887245,20157.614807601,6834.288224026106,9738.317901988612,3420.3830451936524,6433.901413355221,6653.174827546144,4659.010530979008,9416.989519098106,9859.039338541394,7857.204929166613,9710.46163801693,11117.705235076455,10303.930349428432,11229.489460001469,9038.11303815621,12999.113732982067,7883.567344440464,5403.108956877055,8254.08088018535,8088.429308112985,4719.572635918309,9619.864501362246,3987.418740271063,4049.0795343624486,12220.323084015577,8387.659388296535,2307.8970966013358,6006.9128197427535,6061.811714509262,7000.148160391836,9641.942289117165,1643.6193795392326,9216.602665311126,7689.889455825533,8489.706247551585,7922.036712550678,11121.632097520729,9623.92353692199,9791.208062899072,8560.890490127591,4886.419236045505,3910.2401586720134,6700.783755335325,4667.363721634895,8388.449208367032,6061.078218396311,7292.1240775697,5229.527529138097,10303.26063587635,3548.3026899394254,11365.718510787066,5079.2835086862015,7907.188761441143,3760.766328952054,5033.37924709527
topology_ad_carcinoma_5_clean_mac.csv,11836.993004476151,5876.265150789743,2156.517757858414,4378.502859169412,6516.052661400808,0.0,2868.804506398576,2831.109134267194,7843.322266788004,22412.444208710614,11792.418436604166,3437.8023667917573,8807.718082312918,11173.432255708052,1757.0690808491722,2673.817764022491,6719.789914554541,10635.028030161684,4592.77380647938,4780.051373821729,4854.240487459934,6008.427947863449,15014.316171497976,2709.057341536686,16152.443461948866,4077.8549328878366,2520.1417088046073,4332.745483767436,6804.537494058373,9147.7130817218,4461.331783934652,4949.079250358269,7651.448838456085,5810.053703498939,2200.1542771277827,4619.527502433008,1547.151934684173,3369.9407181645747,1077.943990514862,3276.281190561395,6913.426981485027,4329.5776895864055,3218.553579045414,2117.581368673029,9317.913175933225,5622.837321661427,4259.288523029523,4232.498984348738,2287.5541465874135,3823.7609803367973,5442.918818445277,6822.438144228226,4963.793621136936,11424.198332213338,1573.5780120176216,4875.684458886835,4688.2041442657155,4160.5005818950995,3729.4845605309047,5112.01225460071,2315.416465855917,2621.2005922196618,3842.922038039248,6304.726083873778
topology_dysplasia_5_clean_mac.csv,12021.55901770792,6041.981579789471,3067.1152216755995,6510.8292607212,4853.122633372411,2868.804506398576,0.0,5446.54442767577,7942.117132428749,23094.810643504865,10892.711408713063,5666.486426157879,7566.433195039211,10245.72002083969,4318.950464315627,1263.4598081991817,5405.151436861316,11697.017897093241,3365.467588246317,5023.3620761788125,6482.064081077841,5719.539108767845,14762.296217323714,4702.888215613328,15878.197104987688,6654.797375287057,4036.3746439925417,6287.0883081287,4716.694218954025,8532.612829196867,4938.4318634279225,5528.522131944836,7074.207379152294,8020.868267517152,4378.437917727485,3001.7573742890086,1965.4954579611394,5443.826874227703,3391.534201136214,5493.562450977068,5051.158320906987,4555.245276294829,3325.6616121001844,4260.666936779915,10032.68516587404,6365.444385468362,4871.814252229212,5150.979491110834,4531.289838282604,1410.644913002184,3294.9142978713126,7375.759126486151,5963.861835787629,11468.289888785028,2404.4016732721893,7061.098620460201,5346.710517162628,5594.206295633289,3344.019995796737,7304.67108661602,3000.739949308954,3301.0367510891947,4501.383799330249,6748.913844468868
topology_ad_carcinoma_13_clean_mac.csv,13496.86586357195,5527.052226056841,4368.939180782284,2401.0094526127236,8812.566340543803,2831.109134267194,5446.54442767577,0.0,9858.305122995209,23999.989171594323,14008.946862804389,2020.5326059002764,10992.127503661755,13394.53442416816,2569.9358736187837,5116.2223162371665,7787.150173879658,12205.785502047587,5758.403444790727,4560.979783453393,3532.8953890573375,5924.097721185584,16981.172601920694,2229.8335419048244,18342.06425889088,4057.826974588399,4518.817555393182,5020.790467280007,8562.658275768286,11270.71508843345,3983.0322650410844,6833.501833007035,9893.910902620944,3694.976242900076,1277.545124521051,7134.771236981134,3976.994530588628,4707.806111418248,2303.4807537783436,1284.2307402590152,9450.20166155357,4245.317003036669,3922.7633612763466,2077.470166750906,11090.444576604148,4734.502785898416,3757.6679027356854,3616.663834548944,1248.3490961012676,6508.265126856447,7694.615096179184,8744.398818776543,6703.884577131578,13338.60420876029,3237.778405036024,5549.570919997105,6724.714830246415,3009.766420788769,6150.188674917705,2765.001505885318,4353.17931626357,3038.047601728459,5764.215472326947,8136.370616357759
topology_carcinoma_11_clean_mac.csv,4284.98224250866,13309.21581765103,6293.689486689171,11877.584717407657,5724.6957434887245,7843.322266788004,7942.117132428749,9858.305122995209,0.0,15218.422104916748,4794.69980740398,10975.994777969596,3692.5955061837863,3718.9863525782575,7706.603497954292,6954.574283024345,13302.650407363648,4254.464470436773,11160.836749265558,12212.7444665113,12628.53304162626,13257.394297357763,7318.6342619516,10195.838582163673,8736.78996522264,6426.782351707607,6341.013599248054,7242.860256122109,12467.077092885764,3320.9630606069986,11937.254783150163,3284.412546387209,2232.4841617253546,13403.59101594405,9516.270264368844,5679.783168652713,8041.614234667402,5508.470428287411,8391.353383829106,10825.777062355388,5512.419231321373,11727.29558664025,10226.870272499475,9716.654848817054,2273.792109231559,13210.62308192941,11778.114257205629,11778.265146509311,9664.185786948534,8638.255676629398,8512.891600155055,3761.807927937835,3499.7558383584665,3768.4713328443013,8358.458679563877,4818.251929274264,3982.8710072229123,11892.42759288285,4879.352824506614,12493.37820901383,6458.462760444422,10000.832087258055,4302.502334198394,2179.025837496209
topology_carcinoma_5_clean_mac.csv,11705.461909357246,28250.32962965113,21174.361225789085,26144.672755594213,20157.614807601,22412.444208710614,23094.810643504865,23999.989171594323,15218.422104916748,0.0,13918.191377749648,25392.53448687994,17044.882014982268,13872.572857143563,21844.457523427565,22098.315738619127,28463.372734720913,11997.056210734107,26313.901859834157,27149.737109776244,27173.905135398785,28277.987776325437,9213.442743694848,24635.310192468434,7395.384100169758,20221.116572003804,20966.49713292646,20647.31009590826,27588.914527144072,15542.494122441743,26845.79505229226,17824.466183515884,16288.122308478858,27589.49207998055,23748.590964712293,20609.421723584655,23052.664362425756,19522.995376134993,23113.337464749617,25017.099475040133,19815.479150484607,26668.87055030673,25252.10245490409,24154.244327679844,13314.175513152697,28018.2792419766,26641.125510058686,26583.016864270645,23901.666821649935,23778.432111378275,23424.258750914225,16676.18352837841,17680.62074412175,11897.364680482393,23411.392028130922,18860.4503339973,18457.239183991824,26469.315630245514,19952.67724754496,26671.576116075914,21261.48716501301,24903.424278501898,18810.506451548383,16673.369683328783
topology_carcinoma_16_clean_mac.csv,3318.567561734038,16766.3271022792,10084.260908255479,15839.029348295024,6834.288224026106,11792.418436604166,10892.711408713063,14008.946862804389,4794.69980740398,13918.191377749648,0.0,14985.741978582042,3583.334167352938,1949.0304842390995,11793.600832182157,10092.079444934232,16037.215744539193,7522.988939233438,14211.883946885817,15689.752800292941,16512.831354147373,16547.653589014968,4848.856774544289,14278.673506385912,7032.928611631659,10952.72499045329,10328.231527198757,11673.35062418157,14811.208990699992,2917.3966464083214,15495.176881901638,7399.282231740212,4354.359135684356,17470.689854783494,13595.352999300794,7957.831478259495,11672.318924814072,9886.694961986743,12269.936895694835,14886.274335967844,6424.947645734805,15228.716597644685,13651.439128943068,13733.758170182105,5437.538029702328,16878.59750274448,15403.087175778135,15505.935432454116,13796.98128718947,11297.582708659651,10484.848485369594,8172.604183605742,7559.325380965419,4140.423281202537,11812.769429856313,9240.786436406144,8069.644234612404,15760.486129695228,8658.82629331503,16614.956034430947,10178.310835981252,13657.212358462855,8375.249555602402,6206.808123217158
topology_ad_carcinoma_6_clean_mac.csv,14886.990367356075,3576.7729493780353,5340.069515123182,1080.8467599185713,9738.317901988612,3437.8023667917573,5666.486426157879,2020.5326059002764,10975.994777969596,25392.53448687994,14985.741978582042,0.0,12019.277653840267,14381.010026091992,3868.4717982526663,5316.406248637573,6680.815039809069,13590.251227066385,4471.42396079057,2917.6911882250647,1807.8918734885651,4111.284776294888,18136.767011691336,2049.0419532977126,19353.447679174944,5400.961111540987,5541.566763263931,6037.715433669956,8250.735212400876,12306.294459777917,2072.0917372276785,8018.5521426524865,10824.968585886007,2517.1834025378603,1833.6531345169174,7724.681081945111,4410.050524304303,6172.5106392781445,2851.961545860655,1038.271042281626,10121.800477718856,3114.060439937161,2928.4913904257196,1680.938090337409,12376.024941119982,2812.679895926625,1857.5469263805824,1637.139285389128,1706.5811847679495,6557.832802027519,8626.00011933353,9944.536874798474,7914.061257953796,14538.641897168938,3903.63263993854,7036.970644500859,7840.914255149968,1177.4633527353722,6699.500833035745,1769.4430916880033,5426.885040992858,2944.211198648856,6925.981634425578,9343.806445701612
topology_carcinoma_15_clean_mac.csv,5863.556066500696,13478.838339510323,6956.830496316903,12879.660548455677,3420.3830451936524,8807.718082312918,7566.433195039211,10992.127503661755,3692.5955061837863,17044.882014982268,3583.334167352938,12019.277653840267,0.0,3295.3240975509016,8835.518119054459,6914.647390354687,12660.292566896633,7675.276539933897,10878.045251919279,12415.232056398372,13497.634880741407,13220.808201934686,8085.289084045931,11310.212083231545,9903.42356357775,8357.302846491544,7274.907483050768,9062.379514413387,11369.352717671829,1666.9341181616676,12269.099546368736,4488.176723898998,1718.8032826410583,14495.657955429702,10636.438025447944,4662.523540707518,8509.360328172737,7014.666559499181,9284.705354526359,11914.599951628607,3104.9029196336537,11960.046016815515,10380.665695787195,10770.237097751897,5540.318185905268,13703.045632370386,12211.538768380913,12335.735201694497,10818.061594030554,7960.486613282175,6999.981350968763,6188.452943200208,4729.503810146355,5364.644565352002,8544.897903896466,6894.054807050489,5352.594280919082,12722.447024824876,5693.207770894474,13632.261268817658,7054.668685346893,10477.650188356516,5438.620242634869,3620.9744209845717
topology_carcinoma_10_clean_mac.csv,2800.2925277725235,15983.330841628449,9345.532502688544,15276.161221019833,6433.901413355221,11173.432255708052,10245.72002083969,13394.53442416816,3718.9863525782575,13872.572857143563,1949.0304842390995,14381.010026091992,3295.3240975509016,0.0,11216.417485440843,9418.220138075514,15464.07139424656,5841.854158361628,13542.408037458114,14906.236854081624,15874.547837954668,15807.765499647101,4925.0044683302585,13663.471254937278,6722.868994869375,9960.99743821954,9625.997775367656,10482.640358377077,14290.97797726092,2546.7767363103812,14718.772910486712,6797.266280510156,3739.543876783686,16861.52729831423,13018.568560311262,7339.781371817157,10920.369890598693,9126.363004292974,11645.68509097555,14276.681745222604,6013.3632457794165,14443.39497181288,12868.606044542548,13118.82225916667,3816.379539999453,16132.695018965496,14641.08245689679,14765.086374092549,13181.63430285146,10694.023691268983,9933.46907305466,6951.002437221627,6976.700621741544,2766.3586650996317,11009.411423942844,8396.95873050315,7219.207766158009,15100.559113525498,8067.3519321376625,16010.685939616656,9438.55401202284,12908.092822586083,7778.085453322421,5613.188968894887
topology_ad_dysplasia_2_clean_mac.csv,11165.988587861939,7051.821024172375,2393.4984686586654,4554.749372824952,6653.174827546144,1757.0690808491722,4318.950464315627,2569.9358736187837,7706.603497954292,21844.457523427565,11793.600832182157,3868.4717982526663,8835.518119054459,11216.417485440843,0.0,3695.9510632914044,8258.361254860982,10052.124770641005,6109.747728853893,5958.559917226809,5633.633590920239,7248.401530794937,14750.887544306564,3188.8790758303185,16233.422037093773,2905.2827380229937,2564.0886896784336,3992.9525490200785,8474.131157538324,9070.924806441335,5582.481922082742,4578.361320974302,7685.6145269161225,5921.76482869283,2160.8275916578673,4890.094001210629,2689.296726955664,2526.1731112960665,2007.4759568743125,3375.2343549173593,7153.098374065619,5519.705513469706,4571.969530705506,2783.0810670647975,8844.911617007905,6620.179635191395,5350.614158712618,5256.497685464748,2299.277791514472,5165.317267149132,6255.300771980408,6660.498157341181,4351.820801269188,11136.969019659808,3035.301057739927,3703.168208236812,4679.617564653783,4964.527742431792,3999.857990616619,4966.63247420129,2437.8762772986734,3814.2395034474553,3565.1528987476904,5759.559340512884
topology_carcinoma_3_clean_mac.csv,11017.889771593625,6811.7042140587,2575.2214175901745,6122.366880260798,4659.010530979008,2673.817764022491,1263.4598081991817,5116.2223162371665,6954.574283024345,22098.315738619127,10092.079444934232,5316.406248637573,6914.647390354687,9418.220138075514,3695.9510632914044,0.0,6395.196370606175,10738.64638543292,4315.723280031936,5735.655388881906,6750.547683023682,6602.354742978497,13779.132740709032,4562.965843844696,15036.473886719543,6012.5652864038475,3815.6089923604845,6420.635000961633,5640.464293279918,7592.825914608672,5602.055604442027,4564.2301399576145,6175.400531445225,7663.87997788461,4017.7640115767754,2692.9510778421977,2360.6352536653035,4631.95176561082,3064.1906781740527,5171.346272255745,5209.917823730836,5299.350725771808,3715.441422771804,3986.1848453874795,9052.39270271596,6994.108874844414,5515.765511964833,5631.031598550883,4120.2554035529265,1927.1720904600809,3876.285452272195,6431.318932412258,4999.7155193925055,10464.871645665773,2524.826508352543,6347.104298803326,4483.812283144955,5988.800364729499,2443.736283728748,6844.448170704672,2492.236036572266,3981.529279252675,3544.085138100457,5765.002854699269
topology_dysplasia_4_clean_mac.csv,17366.999433936777,4449.2271876001005,7701.525229273833,7363.610174677605,9416.989519098106,6719.789914554541,5405.151436861316,7787.150173879658,13302.650407363648,28463.372734720913,16037.215744539193,6680.815039809069,12660.292566896633,15464.07139424656,8258.361254860982,6395.196370606175,0.0,16935.06206810426,2659.427413341097,4248.079374958983,6987.209096381899,3275.1944880031215,20042.637407415416,6004.563129657325,21247.798026584678,10408.9949601256,8422.505396153143,9778.986028414976,2598.0328347052246,13739.644638999871,5284.932071121527,10838.67201066264,12380.72024950757,8781.12895038777,6924.005832233354,8159.414044955994,5724.04253905584,10052.570930304539,6387.488098167242,6900.797515529743,9679.982312949507,3830.1200064273858,4044.712302361575,5891.483402003148,15356.14166970452,5903.205184283641,5118.60911951094,5962.502026480098,6893.744403980028,4803.58791229434,6047.968621389779,12503.034608006992,11197.248405450002,16826.020159698466,5354.672777476867,11497.995008563665,10356.226961484603,6376.2374432944125,8575.960504342664,8141.03006670136,7436.3772711812535,4890.698678424831,9787.073596896515,12078.997671886862
topology_carcinoma_12_clean_mac.csv,4968.011713598675,16487.000741112526,9449.702626278628,14410.854279840163,9859.039338541394,10635.028030161684,11697.017897093241,12205.785502047587,4254.464470436773,11997.056210734107,7522.988939233438,13590.251227066385,7675.276539933897,5841.854158361628,10052.124770641005,10738.64638543292,16935.06206810426,0.0,14787.17763315852,15392.00518434873,15365.540210898595,16560.341542756087,7171.4414958708185,12800.806459460695,6534.383092670245,8432.174482527606,9156.306837067632,8799.834238785777,16333.003575638873,7069.747416986165,15070.782667651378,6310.505579506636,6311.8737681900775,15804.919661821612,11973.477800841352,9738.185737178273,11370.645410216837,7731.624834697646,11320.941484192519,13247.289706951571,9669.62382021384,14910.313591308392,13569.4433435293,12344.823474051032,2256.8604920965313,16210.522442736898,14854.796107666907,14783.927640766484,12121.189141940622,12470.67257295371,12533.139216916532,4980.526397513013,5951.412023449122,3937.2073073537817,11752.01625777074,7073.086127711969,6743.06082675397,14662.569245329048,8670.202475646955,14851.225681206217,9611.443082344545,13151.180162417348,7297.17011747897,5261.965121281572
topology_dysplasia_6_clean_mac.csv,15309.166087744174,3045.6041671894973,5572.426470533098,5081.185631308791,7857.204929166613,4592.77380647938,3365.467588246317,5758.403444790727,11160.836749265558,26313.901859834157,14211.883946885817,4471.42396079057,10878.045251919279,13542.408037458114,6109.747728853893,4315.723280031936,2659.427413341097,14787.17763315852,0.0,2518.7108500506884,4808.530198038156,2549.710602090065,18056.927196607183,4221.032467346135,19131.08361301657,8292.197445703667,6280.2606492251825,7684.604212393553,4190.201013600918,11833.403337276843,3101.380426293968,8681.885683499082,10360.728247175954,6519.651037157643,4863.269745905799,6303.293113337508,3608.973313320777,7922.108628864991,4274.974888068686,4854.192541209029,7870.460848715225,2206.168449578056,1971.2172341533815,3814.9737706708734,13201.814212079593,4029.05777591317,2931.306983910392,3682.378603267422,4844.575394435656,3049.299683124388,5080.936250585924,10358.697752156664,9052.511709291859,14736.08839110075,3233.361562066172,9351.828955765683,8214.725421324754,4102.450684324087,6442.457078579986,5870.950829507931,5286.753598122425,2849.6361504373435,7632.961868212386,9928.398782272085
topology_dysplasia_8_clean_mac.csv,16407.513839394287,1365.0375463348478,6008.909807054742,3367.7533084368783,9710.46163801693,4780.051373821729,5023.3620761788125,4560.979783453393,12212.7444665113,27149.737109776244,15689.752800292941,2917.6911882250647,12415.232056398372,14906.236854081624,5958.559917226809,5735.655388881906,4248.079374958983,15392.00518434873,2518.7108500506884,0.0,3011.634179890898,1576.141659607915,19316.904506358034,3107.7474418434344,20222.879835172713,7666.41202646743,6303.231117099143,6995.118693770278,5875.447945712972,13178.997959399034,1396.0956004115656,9513.352165638726,11586.243950947144,4748.044934825441,4097.64305246503,7831.560443710727,4204.06123986124,8059.6805714895145,4094.3034140415602,3636.8770848837057,9534.23384548124,1023.1074021859296,2157.057401135653,3234.7653867531108,13998.316109653788,2008.0387343726838,1462.265917266491,2004.8396072089683,3998.6752241984886,5194.401368691434,7175.618985547038,11019.054933669768,9683.008104775332,15801.721070896727,3970.5013099470725,9137.245806355528,8798.965547516389,2484.868135335889,7608.437938768716,4128.607572942117,6014.5618578190715,2301.9477261956276,8455.828746257737,10875.698135372906
topology_dysplasia_18_clean_mac.csv,16657.63162363439,3028.3326008185923,6664.145144288384,1194.8688654777234,11117.705235076455,4854.240487459934,6482.064081077841,3532.8953890573375,12628.53304162626,27173.905135398785,16512.831354147373,1807.8918734885651,13497.634880741407,15874.547837954668,5633.633590920239,6750.547683023682,6987.209096381899,15365.540210898595,4808.530198038156,3011.634179890898,0.0,3992.6449249663888,19800.988327379575,3214.8689530173997,20864.157899051308,7073.300106961325,6492.541340043714,6928.812635137038,8683.28577854403,13884.869442599798,1966.847105437114,9737.614801342128,12316.870043280775,1864.8220709192594,3520.630849081298,9010.291154389164,5320.5653872734,7946.234821337789,4324.808549648291,2412.8947507598878,11284.856725206413,3526.176709057278,3882.607853547688,3054.0475986199426,14136.166223906957,1438.7558660441914,2114.409719113643,1515.9743920454491,3394.5533108559207,7239.401114287868,9261.667241169382,11548.812220483318,9691.091754379795,16214.480839325406,5132.975797931101,8653.499275619613,9369.925863265105,984.2537631230053,8167.346642572303,1448.512048993911,6829.644715635622,3744.9128255196383,8648.939651183891,11092.760046532181
topology_dysplasia_7_clean_mac.csv,17452.267925134074,1481.613164262795,7141.494956243322,4416.721949606916,10303.930349428432,6008.427947863449,5719.539108767845,5924.097721185584,13257.394297357763,28277.987776325437,16547.653589014968,4111.284776294888,13220.808201934686,15807.765499647101,7248.401530794937,6602.354742978497,3275.1944880031215,16560.341542756087,2549.710602090065,1576.141659607915,3992.6449249663888,0.0,20295.74168607097,4428.045791005837,21269.741199916636,9093.919450810305,7566.536192027622,8408.874486767167,4956.990168761164,14106.6587537212,2355.0005908469543,10615.088212667122,12565.263196158498,5759.351455125012,5532.5346894709855,8639.031358769904,5260.177592563984,9296.944051231918,5311.847235004543,4975.435557115069,10221.840632460286,1878.9928732922258,3078.38139154717,4544.914178561125,15121.17258311457,2875.582783137758,2448.3798751966374,2998.3399474646076,5422.860956194956,5482.41839159333,7390.746730309718,12107.750826863818,10832.2159862401,16869.151538496586,4943.555329612361,10511.695843182028,9918.70097710822,3577.9841150448824,8587.403430975297,5142.96029096458,7089.66512041593,3516.2800963980008,9557.989883883487,11971.714127594294
topology_carcinoma_2_clean_mac.csv,3941.4526792239103,20412.64655798402,13465.303230632426,19007.509348645417,11229.489460001469,15014.316171497976,14762.296217323714,16981.172601920694,7318.6342619516,9213.442743694848,4848.856774544289,18136.767011691336,8085.289084045931,4925.0044683302585,14750.887544306564,13779.132740709032,20042.637407415416,7171.4414958708185,18056.927196607183,19316.904506358034,19800.988327379575,20295.74168607097,0.0,17372.122535809314,3869.5839260465195,13454.819448509885,13549.494967338414,13954.266375959049,18966.65578101701,6583.137530070779,19054.22208666288,10369.721570269276,7779.345109292493,20565.214805482752,16599.00384102392,11935.19423297907,15178.428738893856,12591.997949041235,15583.554218253417,17982.85088887515,10879.481247661119,18843.457831337935,17292.311584382023,16884.860748912357,6199.81257816151,20372.818224496645,18926.78526574384,18962.348781362893,16818.881332252306,15272.562980249919,14698.089994911046,10096.302664662413,10489.543444198971,3943.0857409614023,15416.989044620963,11963.30307896621,11050.461208549994,19074.609976090855,11821.971659938086,19611.56631050551,13505.387530414238,17147.1696079414,11365.150455344095,9147.371052043176
topology_ad_carcinoma_15_clean_mac.csv,14089.910313338152,4077.6031363897464,4540.451806906393,2988.852821543625,9038.11303815621,2709.057341536686,4702.888215613328,2229.8335419048244,10195.838582163673,24635.310192468434,14278.673506385912,2049.0419532977126,11310.212083231545,13663.471254937278,3188.8790758303185,4562.965843844696,6004.563129657325,12800.806459460695,4221.032467346135,3107.7474418434344,3214.8689530173997,4428.045791005837,17372.122535809314,0.0,18603.59164681625,5138.561676764198,4591.461775484808,5477.866406091734,6748.649254459166,11582.298422650392,3044.5148216505017,7209.351967093535,10091.392409975879,4213.2997173879285,1512.6113340855338,6971.498928326974,3417.149592469873,5410.173394921981,2143.7879992119124,1874.1993638758468,9286.334108757066,2869.826323791867,2904.978355892942,847.9789611943211,11578.602289626777,4042.801418024194,2821.609840952755,2964.183209731239,1402.450020341567,5534.5338793053215,7394.748704891736,9218.979875433684,7124.581979663715,13737.753077504194,3188.383266614476,6394.904692066881,7145.9978209515075,2726.511182134488,5709.378851420254,3514.1212689030026,4739.217899669138,2136.8074902326834,6131.687099882145,8536.376077061279
topology_carcinoma_4_clean_mac.csv,5800.372701281181,21322.043430366244,14351.042914249265,20332.704832621297,12999.113732982067,16152.443461948866,15878.197104987688,18342.06425889088,8736.78996522264,7395.384100169758,7032.928611631659,19353.447679174944,9903.42356357775,6722.868994869375,16233.422037093773,15036.473886719543,21247.798026584678,6534.383092670245,19131.08361301657,20222.879835172713,20864.157899051308,21269.741199916636,3869.5839260465195,18603.59164681625,0.0,14438.118799789268,14462.367749706555,14294.289732026353,20301.49995167983,8605.849154304746,19946.71037937014,11852.032191044325,9145.385875750244,21800.575877145555,18040.650388750848,13380.70444883133,16042.282327689692,13883.065057227735,16593.455574954558,19213.806301589088,12531.697559377828,19739.65371695052,18288.5502013721,18066.830004530788,7515.490674327699,21225.5979206937,19788.1218809935,19831.37288816702,18135.79769980329,16521.74789018673,16120.895491986264,10266.248836309966,12007.844774807634,5455.694706471032,16364.807457427987,13119.332953345858,11800.327960674098,20103.856014542613,13263.106006174869,21030.02592772727,14512.887803043646,18005.684552669605,12814.324963891142,10732.100436782348
topology_ad_carcinoma_4_clean_mac.csv,10028.078662690234,8802.11980854634,3807.6327199208745,6082.017970566907,7883.567344440464,4077.8549328878366,6654.797375287057,4057.826974588399,6426.782351707607,20221.116572003804,10952.72499045329,5400.961111540987,8357.302846491544,9960.99743821954,2905.2827380229937,6012.5652864038475,10408.9949601256,8432.174482527606,8292.197445703667,7666.41202646743,7073.300106961325,9093.919450810305,13454.819448509885,5138.561676764198,14438.118799789268,0.0,3165.7618815173028,1722.4361103322908,10780.730675459416,8685.635179720615,7286.735319588324,5080.707156232349,7233.996810358835,7599.945571254308,3887.7148388002156,6533.734678031343,4984.27093237844,2227.1708728270596,4075.9932062930097,5058.436040327565,8179.146103385761,7330.885386029968,6682.865052837502,4681.969290530467,7485.104482648029,8184.415817441222,7041.457759133894,6932.423754055999,4054.2974886907305,7456.88683263753,8118.849018214164,4875.204626206379,4620.675756705295,9778.182748981266,5261.625819856324,2373.553103101821,3131.7421659151437,6466.3327783821405,5731.499512892377,6747.587272459053,3907.5365732930413,5731.990802127613,4623.075135580655,5518.63677525861
topology_ad_dysplasia_7_clean_mac.csv,10441.07610405322,7415.441619265172,1460.6815074162694,6473.2052095611325,5403.108956877055,2520.1417088046073,4036.3746439925417,4518.817555393182,6341.013599248054,20966.49713292646,10328.231527198757,5541.566763263931,7274.907483050768,9625.997775367656,2564.0886896784336,3815.6089923604845,8422.505396153143,9156.306837067632,6280.2606492251825,6303.231117099143,6492.541340043714,7566.536192027622,13549.494967338414,4591.461775484808,14462.367749706555,3165.7618815173028,0.0,3191.309965446794,8461.887231905548,7727.498866987568,6007.280565998512,3813.4880196528666,6199.412656527297,7924.819264724918,4282.203693262163,4028.869508558945,2840.3062196490346,1963.7635057882649,3017.5026293523815,5362.668935902509,5817.821232033416,5852.108990248201,5014.892488221815,4206.08151991356,7935.156639218652,7109.040876426425,5765.2053608788165,5771.98096348786,4338.518277423002,4753.444515436746,5491.639681033777,5125.1929641992165,3859.416732001216,9903.368278946064,3434.8093778663397,3204.4064239708355,2981.4746871319917,5758.396408224796,3351.0958918759266,7216.108436853359,1964.6525942286414,4123.043597823018,2879.6810103965367,5082.940785002346
topology_ad_carcinoma_1_clean_mac.csv,10969.83744288464,8092.9039516059165,4030.857683528652,6912.486460347351,8254.08088018535,4332.745483767436,6287.0883081287,5020.790467280007,7242.860256122109,20647.31009590826,11673.35062418157,6037.715433669956,9062.379514413387,10482.640358377077,3992.9525490200785,6420.635000961633,9778.986028414976,8799.834238785777,7684.604212393553,6995.118693770278,6928.812635137038,8408.874486767167,13954.266375959049,5477.866406091734,14294.289732026353,1722.4361103322908,3191.309965446794,0.0,10242.685499446916,9539.662518662173,6606.379784494059,6207.606589323554,7933.851302462362,8394.053600350073,4832.473265877025,6797.896797720082,4614.0005468189265,3453.643899189325,4184.375978755117,5845.5008074119805,8334.455572873985,6630.059462763357,6220.693229324679,5132.348148562134,8141.861623813762,7560.478991840867,6329.011504582942,6272.303997536312,4907.383153043213,7138.187695657728,7755.6977606578375,4823.571160388618,5897.884972988562,10329.01271138107,5050.637106839787,3732.7610015599594,3865.52544050417,6102.753630376135,6399.033049280538,7686.461911085254,4153.503807897792,5084.178885447732,5638.390551976792,6688.972084121596
topology_dysplasia_9_clean_mac.csv,16378.644404290091,5904.7338365984415,7505.719719208571,9067.714757172766,8088.429308112985,6804.537494058373,4716.694218954025,8562.658275768286,12467.077092885764,27588.914527144072,14811.208990699992,8250.735212400876,11369.352717671829,14290.97797726092,8474.131157538324,5640.464293279918,2598.0328347052246,16333.003575638873,4190.201013600918,5875.447945712972,8683.28577854403,4956.990168761164,18966.65578101701,6748.649254459166,20301.49995167983,10780.730675459416,8461.887231905548,10242.685499446916,0.0,12571.570784121772,6972.203202330458,10131.173873493455,11384.63841776936,10491.206808455549,7565.354264903137,7074.275417785455,5871.2700895048,9988.770442716319,6852.738598029488,8162.053396561843,8442.075452200235,5357.629222987243,5500.4613650034025,6860.588990311671,14620.336224338906,7627.060530784501,6781.482442781017,7669.117747653423,7542.445362623666,3957.923109159457,4574.9407833166615,12008.92759816809,10594.28591574452,15890.907670925311,5574.314658852938,11554.521069473747,9985.37225183306,8054.643474689272,7747.219915602761,9847.498498670617,7245.94449898952,5728.537992480657,9131.809616781684,11345.887665753275
topology_carcinoma_20_clean_mac.csv,4453.449500412134,14263.430334014643,7473.644732312312,13169.313887019624,4719.572635918309,9147.7130817218,8532.612829196867,11270.71508843345,3320.9630606069986,15542.494122441743,2917.3966464083214,12306.294459777917,1666.9341181616676,2546.7767363103812,9070.924806441335,7592.825914608672,13739.644638999871,7069.747416986165,11833.403337276843,13178.997959399034,13884.869442599798,14106.6587537212,6583.137530070779,11582.298422650392,8605.849154304746,8685.635179720615,7727.498866987568,9539.662518662173,12571.570784121772,0.0,12942.913499160653,4676.642611108949,1825.2654341741322,14756.260787373327,10868.182508251648,5625.950263777724,9110.356725872749,7319.676375543805,9607.21073287604,12176.952881676163,4358.70470516675,12714.750324518183,11144.727449523858,11035.379298183187,4899.8366402541005,14305.620232032095,12843.69680865335,12924.6210165701,11079.825220876995,8977.076793642249,8295.317389730666,6310.222002435559,4862.469058278696,4350.373668493605,9280.940138342343,7091.245755982995,5771.269321959301,13138.498311121199,5957.15352203577,13891.050677062323,7612.607682234122,11088.520764645506,5638.184319405507,3679.712882390018
topology_ad_carcinoma_12_clean_mac.csv,16129.808450134184,1662.0640943066649,5720.170588361728,2321.5098779298487,9619.864501362246,4461.331783934652,4938.4318634279225,3983.0322650410844,11937.254783150163,26845.79505229226,15495.176881901638,2072.0917372276785,12269.099546368736,14718.772910486712,5582.481922082742,5602.055604442027,5284.932071121527,15070.782667651378,3101.380426293968,1396.0956004115656,1966.847105437114,2355.0005908469543,19054.22208666288,3044.5148216505017,19946.71037937014,7286.735319588324,6007.280565998512,6606.379784494059,6972.203202330458,12942.913499160653,0.0,9227.74677416387,11345.252455977487,3639.615405578295,3705.5281976853607,7696.025303189214,3938.0989919048625,7728.23384267514,3769.563212149778,2969.2176994886977,9585.130572977958,1850.008391835044,2197.0634859862944,2884.3576490405417,13703.59491914163,1546.264413854037,732.2813585593603,994.5243917519105,3552.9510280424315,5515.532002273954,7502.233145409075,10736.077461076808,9377.51724885111,15526.415637267928,3795.151664719402,8764.533456745898,8509.39786536746,1572.6046445085426,7390.836668108658,3033.5719122224373,5734.972907899826,2230.6420821867287,8170.003164361096,10592.14574703715
