,topology_ad_carcinoma_2_clean_tumorales.csv,topology_ad_dysplasia_1_clean_tumorales.csv,topology_carcinoma_4_clean_tumorales.csv,topology_dysplasia_10_clean_tumorales.csv,topology_ad_carcinoma_12_clean_tumorales.csv,topology_ad_carcinoma_8_clean_tumorales.csv,topology_ad_dysplasia_5_clean_tumorales.csv,topology_dysplasia_17_clean_tumorales.csv,topology_ad_dysplasia_3_clean_tumorales.csv,topology_carcinoma_10_clean_tumorales.csv,topology_carcinoma_20_clean_tumorales.csv,topology_ad_dysplasia_4_clean_tumorales.csv,topology_carcinoma_19_clean_tumorales.csv,topology_dysplasia_12_clean_tumorales.csv,topology_carcinoma_12_clean_tumorales.csv,topology_dysplasia_15_clean_tumorales.csv,topology_ad_carcinoma_15_clean_tumorales.csv,topology_dysplasia_9_clean_tumorales.csv,topology_carcinoma_11_clean_tumorales.csv,topology_carcinoma_5_clean_tumorales.csv,topology_carcinoma_1_clean_tumorales.csv,topology_dysplasia_18_clean_tumorales.csv,topology_ad_dysplasia_10_clean_tumorales.csv,topology_dysplasia_14_clean_tumorales.csv,topology_dysplasia_16_clean_tumorales.csv,topology_carcinoma_9_clean_tumorales.csv,topology_carcinoma_17_clean_tumorales.csv,topology_carcinoma_18_clean_tumorales.csv,topology_ad_carcinoma_7_clean_tumorales.csv,topology_carcinoma_6_clean_tumorales.csv,topology_ad_carcinoma_14_clean_tumorales.csv,topology_dysplasia_19_clean_tumorales.csv,topology_carcinoma_3_clean_tumorales.csv,topology_dysplasia_4_clean_tumorales.csv,topology_ad_carcinoma_4_clean_tumorales.csv,topology_ad_carcinoma_10_clean_tumorales.csv,topology_ad_carcinoma_1_clean_tumorales.csv,topology_dysplasia_1_clean_tumorales.csv,topology_dysplasia_13_clean_tumorales.csv,topology_ad_carcinoma_6_clean_tumorales.csv,topology_ad_carcinoma_5_clean_tumorales.csv,topology_ad_carcinoma_13_clean_tumorales.csv,topology_dysplasia_11_clean_tumorales.csv,topology_dysplasia_2_clean_tumorales.csv,topology_carcinoma_2_clean_tumorales.csv,topology_carcinoma_7_clean_tumorales.csv,topology_carcinoma_8_clean_tumorales.csv,topology_ad_dysplasia_6_clean_tumorales.csv,topology_carcinoma_15_clean_tumorales.csv,topology_ad_carcinoma_3_clean_tumorales.csv,topology_ad_dysplasia_9_clean_tumorales.csv,topology_ad_carcinoma_9_clean_tumorales.csv,topology_ad_carcinoma_11_clean_tumorales.csv,topology_dysplasia_7_clean_tumorales.csv,topology_dysplasia_6_clean_tumorales.csv,topology_dysplasia_5_clean_tumorales.csv,topology_carcinoma_14_clean_tumorales.csv,topology_dysplasia_3_clean_tumorales.csv,topology_carcinoma_13_clean_tumorales.csv,topology_ad_dysplasia_2_clean_tumorales.csv,topology_carcinoma_16_clean_tumorales.csv,topology_ad_dysplasia_7_clean_tumorales.csv,topology_dysplasia_8_clean_tumorales.csv
topology_ad_carcinoma_2_clean_tumorales.csv,1.425522721780888e-308,232.82510673813368,345.75337087495853,345.75337087495853,99.26053028100645,inf,279.31383725777323,345.7533708749586,345.7533708749586,345.7533708749586,345.7533708749586,inf,345.7533708749586,345.7533708749586,345.7533708749586,345.7533708749586,142.11003879194504,345.75337087495853,345.7533708749586,345.75337087495853,345.7533708749586,345.7533708749586,345.7533708749586,345.7533708749586,345.7533708749586,345.7533708749586,326.9633497465459,345.7533708749586,inf,345.75337087495853,inf,345.7533708749586,345.7533708749586,345.75337087495853,inf,inf,140.0123864951059,345.7533708749586,345.7533708749586,220.0707412906046,inf,231.56690322379006,345.7533708749586,345.75337087495853,345.75337087495853,345.7533708749586,345.7533708749586,345.7533708749586,345.75337087495853,345.7533708749586,248.8162793595959,214.19842930645854,inf,345.75337087495853,345.75337087495853,345.7533708749586,345.7533708749586,345.7533708749586,345.7533708749586,345.7533708749586,345.7533708749586,inf,345.7533708749586
topology_ad_dysplasia_1_clean_tumorales.csv,232.82510673813368,1.556026249426503e-308,351.0392477519162,351.0392477519162,224.5615441838118,inf,162.90128388870642,351.03924775191626,351.03924775191626,351.03924775191626,351.03924775191626,inf,351.03924775191626,351.03924775191626,351.03924775191626,351.03924775191626,247.18604795759512,351.0392477519162,351.03924775191626,351.0392477519162,351.03924775191626,351.03924775191626,351.03924775191626,351.03924775191626,351.03924775191626,351.03924775191626,337.5351035004612,351.03924775191626,inf,351.0392477519162,inf,351.03924775191626,351.03924775191626,351.0392477519162,inf,inf,339.0953837621655,351.03924775191626,351.03924775191626,345.15672717619304,inf,138.0790909066908,351.03924775191626,351.0392477519162,351.0392477519162,351.03924775191626,351.03924775191626,351.03924775191626,351.0392477519162,351.03924775191626,259.38803311351126,363.28587364572263,inf,351.0392477519162,351.0392477519162,351.03924775191626,351.03924775191626,351.03924775191626,351.03924775191626,351.03924775191626,351.03924775191626,inf,351.03924775191626
topology_carcinoma_4_clean_tumorales.csv,345.75337087495853,351.0392477519162,2.0195387192613795e-308,61.12779366684301,334.16715847071055,inf,316.9459277471763,51.7744065263563,71.87390807649147,46.27424436544533,133.1477244432986,inf,12.38532689308755,29.040216300923888,18.376383315365953,32.32775339954372,318.39182559378366,128.88988917568912,20.1496567072052,13.065336645432325,14.730860701597365,60.386818804798864,71.87390807649147,29.282141311261974,60.243109211664404,18.25162626601916,182.27169600168563,19.258715613144332,inf,43.50222632725383,inf,68.8108765700488,31.380701991428136,19.03145103827761,inf,inf,386.96122290742267,23.277726993479444,44.959298868575665,359.2211786941382,inf,350.5724913594819,24.635418676389477,25.589497247339494,13.453402740925268,25.9202935895366,20.245537001857443,115.24063894358221,22.889160651258408,65.59440663802124,221.3452311951606,379.05596178810396,inf,53.18435442990227,48.27257775239848,39.357065128355764,29.79119430127599,29.919534175900026,22.441721736246052,71.87390807649147,68.24007026402735,inf,36.14795042177252
topology_dysplasia_10_clean_tumorales.csv,345.75337087495853,351.0392477519162,61.12779366684301,1.90259069980209e-308,334.16715847071055,inf,316.9459277471763,102.43780490991298,102.43780490991298,34.65186719532986,127.57471879271402,inf,55.092679708141816,89.44155009662636,65.74061093996406,73.82737458453843,318.39182559378366,67.7620955088461,59.23813857550001,74.19313031227534,69.36087602476164,102.43780490991298,102.43780490991298,72.22907585453794,102.43780490991298,79.37941993286216,159.66778218354528,48.9785072180157,inf,102.43780490991298,inf,102.43780490991298,92.50849565827114,65.46718299195845,inf,inf,386.96122290742267,56.094159069744386,69.59682291904045,359.2211786941382,inf,350.5724913594819,75.81535868777588,43.728955543928,66.17214926418589,72.46243857352684,75.76362790237302,79.61820591768097,76.3623551786367,79.35096540415147,221.3452311951606,379.05596178810396,inf,102.43780490991298,96.25654993127972,38.87275844268771,51.915647276689384,50.56604821023818,53.44018160277125,102.43780490991298,84.31144832642319,inf,59.199793528084435
topology_ad_carcinoma_12_clean_tumorales.csv,99.26053028100645,224.5615441838118,334.16715847071055,334.16715847071055,1.106854039992966e-308,inf,241.57517678524476,334.16715847071055,334.16715847071055,334.16715847071055,334.16715847071055,inf,334.16715847071055,334.16715847071055,334.16715847071055,334.16715847071055,79.27883652463902,334.16715847071055,334.16715847071055,334.16715847071055,334.16715847071055,334.16715847071055,334.16715847071055,334.16715847071055,334.16715847071055,334.16715847071055,303.7909249380499,334.16715847071055,inf,334.16715847071055,inf,334.16715847071055,334.16715847071055,334.16715847071055,inf,inf,195.04041395384155,334.16715847071055,334.16715847071055,207.1631007818965,inf,224.5615441838118,334.16715847071055,334.16715847071055,334.16715847071055,334.16715847071055,334.16715847071055,334.16715847071055,334.16715847071055,334.16715847071055,225.64385455109993,243.42139372095568,inf,334.16715847071055,334.16715847071055,334.16715847071055,334.16715847071055,334.16715847071055,334.16715847071055,334.16715847071055,334.16715847071055,inf,334.16715847071055
topology_ad_carcinoma_8_clean_tumorales.csv,inf,inf,inf,inf,inf,1.4774843258482166e-308,inf,inf,inf,inf,inf,inf,inf,inf,inf,inf,inf,inf,inf,inf,inf,inf,inf,inf,inf,inf,inf,inf,inf,inf,148.78503950938887,inf,inf,inf,252.4424214634427,220.36048532278795,inf,inf,inf,inf,133.3205089582201,inf,inf,inf,inf,inf,inf,inf,inf,inf,inf,inf,350.2463622320099,inf,inf,inf,inf,inf,inf,inf,inf,inf,inf
topology_ad_dysplasia_5_clean_tumorales.csv,279.31383725777323,162.90128388870642,316.9459277471763,316.9459277471763,241.57517678524476,inf,2.087745921677256e-308,316.94592774717637,316.94592774717637,316.94592774717637,316.94592774717637,inf,316.94592774717637,316.94592774717637,316.94592774717637,316.94592774717637,247.3593994915703,316.9459277471763,316.94592774717637,316.9459277471763,316.94592774717637,316.94592774717637,316.94592774717637,316.94592774717637,316.94592774717637,316.94592774717637,269.34846349098143,316.94592774717637,inf,316.9459277471763,inf,316.94592774717637,316.94592774717637,316.9459277471763,inf,inf,339.0953837621655,316.94592774717637,316.94592774717637,345.15672717619304,inf,231.9408293420518,316.94592774717637,316.9459277471763,316.9459277471763,316.94592774717637,316.94592774717637,316.94592774717637,316.9459277471763,316.94592774717637,209.11134230916036,363.28587364572263,inf,316.9459277471763,316.9459277471763,316.94592774717637,316.94592774717637,316.94592774717637,316.94592774717637,316.94592774717637,316.94592774717637,inf,316.94592774717637
topology_dysplasia_17_clean_tumorales.csv,345.7533708749586,351.03924775191626,51.7744065263563,102.43780490991298,334.16715847071055,inf,316.94592774717637,8.46743384668123e-309,45.98670481331334,95.01103025921414,134.81091375738572,inf,57.809520485057504,26.222763751810447,54.2483018054694,48.85381100959017,318.39182559378366,136.31885266433602,61.93751044727567,43.94782692547793,51.358240091377326,13.122609732616837,45.98670481331334,40.673124338661374,19.337034692688498,39.62207719100162,182.27169600168563,64.01042345879623,inf,15.811657780121767,inf,18.923693007642512,27.31029930878593,53.215400207332095,inf,inf,386.96122290742267,68.7892341417068,94.35355751077931,359.2211786941382,inf,350.5724913594819,40.48369011295055,74.84053405764783,46.73005092901343,40.43976161967248,43.24417571659525,129.4942275482826,38.81501019946984,88.02954934125714,221.34523119516064,379.055961788104,inf,15.83201151276432,16.6456502619196,91.13147165471207,60.986552916509936,81.69394070225633,68.40462190307107,45.98670481331334,104.21325327459053,inf,55.65882626542142
topology_ad_dysplasia_3_clean_tumorales.csv,345.7533708749586,351.03924775191626,71.87390807649147,102.43780490991298,334.16715847071055,inf,316.94592774717637,45.98670481331334,0.0,95.01103025921415,134.81091375738572,inf,74.89146505584208,57.71702986159981,69.56749943993097,70.41361031810843,318.39182559378366,136.31885266433602,72.81873562216299,65.34123975377531,67.75736689753217,46.13051481110746,0.0,66.32326698264401,41.75235347065929,62.7480949434819,182.27169600168565,77.99191654271144,inf,50.72127243784579,inf,37.46846979146707,56.18355708077742,69.70421341393376,inf,inf,386.96122290742267,74.3907253750408,94.35355751077932,359.2211786941382,inf,350.5724913594819,64.53012556602505,83.40697184213724,69.35173027782004,66.20658562314958,64.55599095872648,129.4942275482826,64.25662732059463,90.00147948394189,221.34523119516064,379.055961788104,inf,45.281730861540346,54.30952994427313,91.55244064066937,76.4799812715683,86.8336751644415,80.18901576484888,0.0,104.21325327459053,inf,73.81611794602404
topology_carcinoma_10_clean_tumorales.csv,345.7533708749586,351.03924775191626,46.27424436544533,34.65186719532986,334.16715847071055,inf,316.94592774717637,95.01103025921414,95.01103025921415,8.73798895494073e-309,127.57471879271404,inf,40.239130406744124,74.58800079522865,50.887061638566365,49.194839882211454,318.39182559378366,82.6156448102438,44.384589274102325,59.339581010877644,54.50732672336394,95.01103025921414,95.01103025921415,57.37552655314025,95.01103025921414,64.52587063146447,174.521331484943,34.0382274330054,inf,88.5795156427367,inf,95.01103025921414,77.65494635687347,50.613633690560754,inf,inf,386.96122290742267,41.2406097683467,34.94495572371059,359.2211786941382,inf,350.5724913594819,60.96180938637821,28.7208475753646,51.3185999627882,57.60888927212915,60.91007860097534,68.96639457813689,61.50880587723901,60.76796184588808,221.34523119516064,379.055961788104,inf,95.01103025921414,81.40300062988203,19.959109988367274,37.06209797529169,23.844083784457766,29.644028988730554,95.01103025921415,72.98266499797661,inf,42.3898246263802
topology_carcinoma_20_clean_tumorales.csv,345.7533708749586,351.03924775191626,133.1477244432986,127.57471879271402,334.16715847071055,inf,316.94592774717637,134.81091375738572,134.81091375738572,127.57471879271404,1.2140715506913005e-308,inf,133.5083006990301,134.81091375738572,130.48682863490956,133.5083006990301,318.39182559378366,112.79181460305392,126.48500070265078,134.81091375738572,134.1070937197071,134.81091375738572,134.81091375738572,134.81091375738572,134.81091375738572,134.81091375738572,94.92156448859981,130.2298112392412,inf,134.81091375738572,inf,134.81091375738572,134.81091375738572,131.6768486938292,inf,inf,386.96122290742267,120.84037676468989,133.5083006990301,359.2211786941382,inf,350.5724913594819,134.81091375738572,123.28978740427843,133.5083006990301,134.81091375738572,134.81091375738572,133.5083006990301,134.81091375738572,133.5083006990301,173.06863487554978,379.055961788104,inf,134.81091375738572,134.81091375738572,124.84233746696174,133.5083006990301,119.46510166917172,133.5083006990301,134.81091375738572,79.3561720397552,inf,133.5083006990301
topology_ad_dysplasia_4_clean_tumorales.csv,inf,inf,inf,inf,inf,inf,inf,inf,inf,inf,inf,1.991925710088835e-308,inf,inf,inf,inf,inf,inf,inf,inf,inf,inf,inf,inf,inf,inf,inf,inf,229.23411161334917,inf,inf,inf,inf,inf,inf,inf,inf,inf,inf,inf,inf,inf,inf,inf,inf,inf,inf,inf,inf,inf,inf,inf,inf,inf,inf,inf,inf,inf,inf,inf,inf,252.81476866251563,inf
topology_carcinoma_19_clean_tumorales.csv,345.7533708749586,351.03924775191626,12.38532689308755,55.092679708141816,334.16715847071055,inf,316.94592774717637,57.809520485057504,74.89146505584208,40.239130406744124,133.5083006990301,inf,1.3968868937380506e-308,34.34887038848454,17.442724683604464,25.174012467092744,318.39182559378366,122.85477521698792,22.284245478495876,19.100450604133528,14.268196316619822,57.52190048946926,74.89146505584208,27.77437103198386,66.2782231703656,24.28674022472036,182.27169600168563,18.4968227237365,inf,48.340385235992585,inf,74.84599052875001,37.41581595012934,16.82667256650515,inf,inf,386.96122290742267,23.903298889828278,38.92418490987446,359.2211786941382,inf,350.5724913594819,20.72267897963408,33.057239800171786,15.641124471318303,23.839319756949152,20.67094819423121,109.20552498488101,21.26967547049489,61.79662729595404,221.34523119516064,379.055961788104,inf,59.21946838860347,42.25002311854834,33.32195116965457,28.51273626843357,27.245148506016633,21.17422081762777,74.89146505584208,75.70781281685966,inf,30.715034177933983
topology_dysplasia_12_clean_tumorales.csv,345.7533708749586,351.03924775191626,29.040216300923888,89.44155009662636,334.16715847071055,inf,316.94592774717637,26.222763751810447,57.71702986159981,74.58800079522865,134.81091375738572,inf,34.34887038848454,9.82870716365553e-309,32.98716996457591,25.393160913017212,318.39182559378366,136.31885266433602,41.190695702329414,23.435574456140415,31.11449646703029,39.074686500056075,57.71702986159981,19.43010172804775,32.328226735397635,19.37833356665459,182.27169600168565,40.54977336222326,inf,17.94606809973359,inf,44.87576977508175,9.232830114939024,26.992636455521648,inf,inf,386.96122290742267,45.347956506617756,73.27305529835901,359.2211786941382,inf,350.5724913594819,18.489039046437266,51.37988396107487,23.269400832440468,16.97911152309952,25.422098855589354,129.4942275482826,18.397708271450206,64.56889924468416,221.34523119516064,379.055961788104,inf,24.87059800011893,21.177367419292892,67.6708215581391,37.525902819936974,58.233290605683365,44.94397180649811,57.71702986159981,92.99244682598143,inf,32.19817616884846
topology_carcinoma_12_clean_tumorales.csv,345.7533708749586,351.03924775191626,18.376383315365953,65.74061093996406,334.16715847071055,inf,316.94592774717637,54.2483018054694,69.56749943993097,50.887061638566365,130.48682863490956,inf,17.442724683604464,32.98716996457591,5.7391463852023e-309,33.47405072594181,318.39182559378366,133.50270644881016,12.319264485758504,21.939551568304132,19.78072862788987,64.14883202364823,69.56749943993097,33.109919825536714,57.4023722589898,20.679150173047077,182.27169600168565,16.848834205560962,inf,43.65837224950765,inf,68.81544508680548,28.00154573876672,21.630219515349918,inf,inf,386.96122290742267,15.889209319421923,49.57211614169671,359.2211786941382,inf,350.5724913594819,28.9885575930128,27.678944804412566,19.621848501508133,29.661226913162324,16.14476602700884,119.85345621670325,29.440880702540085,65.8036720811572,221.34523119516064,379.055961788104,inf,50.907011460393,48.36449252206931,43.9698824014768,24.070526948589396,34.532351449021064,21.24303264983581,69.56749943993097,69.29150766931915,inf,36.56648130804447
topology_dysplasia_15_clean_tumorales.csv,345.7533708749586,351.03924775191626,32.32775339954372,73.82737458453843,334.16715847071055,inf,316.94592774717637,48.85381100959017,70.41361031810843,49.194839882211454,133.5083006990301,inf,25.174012467092744,25.393160913017212,33.47405072594181,1.257753381649257e-308,318.39182559378366,131.81048469245525,41.227714314994614,29.24431314014262,34.40203356565013,48.56619101400192,70.41361031810843,12.407834298062681,57.32251369489828,24.286788777287917,182.27169600168565,37.42935297976828,inf,39.384675760525255,inf,65.89028105328268,28.46010647466201,31.182913256561832,inf,inf,386.96122290742267,48.6354936052376,47.87989438534179,359.2211786941382,inf,350.5724913594819,22.93151854786096,55.30153475443193,26.45121939647227,18.710088325810148,24.917159843488506,118.16123446034834,27.078545656337795,49.43052993824938,221.34523119516064,379.055961788104,inf,50.263758913136144,32.20816074767057,42.63397380364469,25.751492997157527,49.48944346027677,24.790605943207282,70.41361031810843,97.95210777111978,inf,17.43269057766834
topology_ad_carcinoma_15_clean_tumorales.csv,142.11003879194504,247.18604795759512,318.39182559378366,318.39182559378366,79.27883652463902,inf,247.3593994915703,318.39182559378366,318.39182559378366,318.39182559378366,318.39182559378366,inf,318.39182559378366,318.39182559378366,318.39182559378366,318.39182559378366,9.309134831089944e-309,318.39182559378366,318.39182559378366,318.39182559378366,318.39182559378366,318.39182559378366,318.39182559378366,318.39182559378366,318.39182559378366,318.39182559378366,272.24025918419613,318.39182559378366,inf,318.39182559378366,inf,318.39182559378366,318.39182559378366,318.39182559378366,inf,inf,183.47196854119056,318.39182559378366,318.39182559378366,195.59465536924552,inf,247.18604795759512,318.39182559378366,318.39182559378366,318.39182559378366,318.39182559378366,318.39182559378366,318.39182559378366,318.39182559378366,318.39182559378366,203.03806430295384,231.8529483083047,inf,318.39182559378366,318.39182559378366,318.39182559378366,318.39182559378366,318.39182559378366,318.39182559378366,318.39182559378366,318.39182559378366,inf,318.39182559378366
topology_dysplasia_9_clean_tumorales.csv,345.75337087495853,351.0392477519162,128.88988917568912,67.7620955088461,334.16715847071055,inf,316.9459277471763,136.31885266433602,136.31885266433602,82.6156448102438,112.79181460305392,inf,122.85477521698792,136.31885266433602,133.50270644881016,131.81048469245525,318.39182559378366,7.30931504703335e-309,127.0002340843461,136.31885266433602,136.31885266433602,136.31885266433602,136.31885266433602,136.31885266433602,136.31885266433602,136.31885266433602,91.9056866746992,116.65387224324918,inf,136.31885266433602,inf,136.31885266433602,136.31885266433602,133.22927850080453,inf,inf,386.96122290742267,123.8562545785905,98.54263165251814,359.2211786941382,inf,350.5724913594819,136.31885266433602,105.82376164439759,133.934244773032,136.31885266433602,136.31885266433602,103.46501138284265,136.31885266433602,103.46501138284265,209.11134230916036,379.05596178810396,inf,136.31885266433602,136.31885266433602,89.53282404733334,119.67774278553549,98.9703549997891,112.25967379897435,136.31885266433602,64.21119877949101,inf,125.005469436624
topology_carcinoma_11_clean_tumorales.csv,345.7533708749586,351.03924775191626,20.1496567072052,59.23813857550001,334.16715847071055,inf,316.94592774717637,61.93751044727567,72.81873562216299,44.384589274102325,126.48500070265078,inf,22.284245478495876,41.190695702329414,12.319264485758504,41.227714314994614,318.39182559378366,127.0002340843461,1.376160124142877e-308,23.800527933948995,25.93891492907079,67.28977265604776,72.81873562216299,40.87563563948727,62.56149245713327,27.1356068807591,182.27169600168565,10.346361841096922,inf,54.022093727460415,inf,70.7005316613918,37.29558165438565,27.087243724068117,inf,inf,386.96122290742267,9.730052914779563,43.06964377723267,359.2211786941382,inf,350.5724913594819,33.347541939784406,21.176472439948526,24.889091094542845,37.350435554968584,22.105768676206168,113.35098385223921,35.23488478905635,70.04438709574669,221.34523119516064,379.055961788104,inf,57.351566527195686,58.79244515260507,37.46741003701277,25.146756537584174,28.02987908455702,18.21538591788929,72.81873562216299,62.789035304855105,inf,46.549307847791056
topology_carcinoma_5_clean_tumorales.csv,345.75337087495853,351.0392477519162,13.065336645432325,74.19313031227534,334.16715847071055,inf,316.9459277471763,43.94782692547793,65.34123975377531,59.339581010877644,134.81091375738572,inf,19.100450604133528,23.435574456140415,21.939551568304132,29.24431314014262,318.39182559378366,136.31885266433602,23.800527933948995,5.610173729779555e-309,15.978354646977799,57.07043665809478,65.34123975377531,31.147994244481925,50.32397689343634,16.75718405515098,182.27169600168563,25.30135357787225,inf,34.84739580733448,inf,62.87151993312045,21.78359764481511,15.395357558178674,inf,inf,386.96122290742267,28.71200063122008,58.024635514008,359.2211786941382,inf,350.5724913594819,21.536263156781743,36.131464176723846,10.03392658908706,21.52281972727207,23.740766515012524,128.30597558901454,16.898727155816076,62.19802674245078,221.3452311951606,379.05596178810396,inf,41.67027585709373,39.61774723247913,52.422401773788096,31.44684060041478,42.98487082133235,29.695552022147094,65.34123975377531,77.74402704163042,inf,29.355190630631597
topology_carcinoma_1_clean_tumorales.csv,345.7533708749586,351.03924775191626,14.730860701597365,69.36087602476164,334.16715847071055,inf,316.94592774717637,51.358240091377326,67.75736689753217,54.50732672336394,134.1070937197071,inf,14.268196316619822,31.11449646703029,19.78072862788987,34.40203356565013,318.39182559378366,136.31885266433602,25.93891492907079,15.978354646977799,1.397194657640428e-308,60.83010201271586,67.75736689753217,29.461577832890327,54.08364224805742,12.947696228228537,182.27169600168563,23.07562130090393,inf,42.01226107683917,inf,66.63118528774154,26.580615246646445,16.79529132696234,inf,inf,386.96122290742267,26.87600294910024,53.192381226494284,359.2211786941382,inf,350.5724913594819,16.02169462176445,31.299209889210147,15.367382136395237,23.76499720999716,19.196667628687,123.47372130150083,18.158316943651187,66.63154672107444,221.34523119516064,379.055961788104,inf,49.615773990126385,45.58625676805539,47.59014748627438,28.540638168722786,38.152616533818644,24.86329773463339,67.75736689753217,72.91177275411671,inf,38.222230587878926
topology_dysplasia_18_clean_tumorales.csv,345.7533708749586,351.03924775191626,60.386818804798864,102.43780490991298,334.16715847071055,inf,316.94592774717637,13.122609732616837,46.13051481110746,95.01103025921414,134.81091375738572,inf,57.52190048946926,39.074686500056075,64.14883202364823,48.56619101400192,318.39182559378366,136.31885266433602,67.28977265604776,57.07043665809478,60.83010201271586,6.430472528519816e-309,46.13051481110746,43.082615595769106,16.82452383163691,49.86236220075868,182.27169600168565,63.72280346320798,inf,26.20097677610799,inf,17.32409003928076,37.86779358023207,61.85769455426826,inf,inf,386.96122290742267,74.16648636537239,94.35355751077931,359.2211786941382,inf,350.5724913594819,53.60629984556739,79.72918710105053,48.453927464789246,40.15214162408424,51.68523295415773,129.4942275482826,45.17519148530223,87.7419293456689,221.34523119516064,379.055961788104,inf,16.74189997656955,27.275952075139756,90.84385165912381,60.698932920921685,81.40632070666808,68.11700190748283,46.13051481110746,104.21325327459053,inf,55.37120626983318
topology_ad_dysplasia_10_clean_tumorales.csv,345.7533708749586,351.03924775191626,71.87390807649147,102.43780490991298,334.16715847071055,inf,316.94592774717637,45.98670481331334,0.0,95.01103025921415,134.81091375738572,inf,74.89146505584208,57.71702986159981,69.56749943993097,70.41361031810843,318.39182559378366,136.31885266433602,72.81873562216299,65.34123975377531,67.75736689753217,46.13051481110746,0.0,66.32326698264401,41.75235347065929,62.7480949434819,182.27169600168565,77.99191654271144,inf,50.72127243784579,inf,37.46846979146707,56.18355708077742,69.70421341393376,inf,inf,386.96122290742267,74.3907253750408,94.35355751077932,359.2211786941382,inf,350.5724913594819,64.53012556602505,83.40697184213724,69.35173027782004,66.20658562314958,64.55599095872648,129.4942275482826,64.25662732059463,90.00147948394189,221.34523119516064,379.055961788104,inf,45.281730861540346,54.30952994427313,91.55244064066937,76.4799812715683,86.8336751644415,80.18901576484888,0.0,104.21325327459053,inf,73.81611794602404
topology_dysplasia_14_clean_tumorales.csv,345.7533708749586,351.03924775191626,29.282141311261974,72.22907585453794,334.16715847071055,inf,316.94592774717637,40.673124338661374,66.32326698264401,57.37552655314025,134.81091375738572,inf,27.77437103198386,19.43010172804775,33.109919825536714,12.407834298062681,318.39182559378366,136.31885266433602,40.87563563948727,31.147994244481925,29.461577832890327,43.082615595769106,66.32326698264401,9.41822717023417e-309,49.14182702396948,26.205960339444786,182.27169600168565,37.27641333182082,inf,31.203989089596462,inf,57.70959438235389,20.83067672526674,29.086297811786906,inf,inf,386.96122290742267,44.660131746161625,56.060581056270586,359.2211786941382,inf,350.5724913594819,19.709965805982208,46.45525565788222,28.235270063852546,21.511109967936505,25.390042686451963,126.34192113127713,28.08241613232216,51.90075780462928,221.34523119516064,379.055961788104,inf,42.08307224220735,24.027474076741782,50.45834731605069,26.333600263574624,41.020816363594946,27.731497564409693,66.32326698264401,90.71707308049423,inf,18.889602452818117
topology_dysplasia_16_clean_tumorales.csv,345.7533708749586,351.03924775191626,60.243109211664404,102.43780490991298,334.16715847071055,inf,316.94592774717637,19.337034692688498,41.75235347065929,95.01103025921414,134.81091375738572,inf,66.2782231703656,32.328226735397635,57.4023722589898,57.32251369489828,318.39182559378366,136.31885266433602,62.56149245713327,50.32397689343634,54.08364224805742,16.82452383163691,41.75235347065929,49.14182702396948,1.5671023412615175e-308,43.11590243610024,182.27169600168565,72.47912614410433,inf,25.235081876475576,inf,19.70090537994578,31.121333815573635,55.90371988654897,inf,inf,386.96122290742267,68.40753440678807,94.35355751077931,359.2211786941382,inf,350.5724913594819,46.85984008090895,83.30923674295593,55.19875361432153,48.90846430498058,45.60727497613439,129.4942275482826,45.00854769987072,90.00147948394189,221.34523119516064,379.055961788104,inf,19.834287837837856,25.114352947227697,91.55244064066936,69.45525560181804,86.83367516444149,76.87332458837918,41.75235347065929,104.21325327459053,inf,64.12752895072953
topology_carcinoma_9_clean_tumorales.csv,345.7533708749586,351.03924775191626,18.25162626601916,79.37941993286216,334.16715847071055,inf,316.94592774717637,39.62207719100162,62.7480949434819,64.52587063146447,134.81091375738572,inf,24.28674022472036,19.37833356665459,20.679150173047077,24.286788777287917,318.39182559378366,136.31885266433602,27.1356068807591,16.75718405515098,12.947696228228537,49.86236220075868,62.7480949434819,26.205960339444786,43.11590243610024,5.403490401336496e-309,182.27169600168563,30.487643198459082,inf,30.27609817646346,inf,55.66344547578436,15.975130168382655,17.16563231446284,inf,inf,386.96122290742267,31.373637789575838,63.21092513459483,359.2211786941382,inf,350.5724913594819,15.18672041771152,41.31775379731069,16.096883979862316,15.221294674990055,18.029493988804685,129.4942275482826,14.61934419635347,60.763465270886584,221.34523119516064,379.055961788104,inf,37.87961108975068,32.638560539826855,57.60869139437492,27.537474370544437,48.17116044191918,34.88184164273393,62.7480949434819,82.93031666221725,inf,26.486067687503223
topology_carcinoma_17_clean_tumorales.csv,326.9633497465459,337.5351035004612,182.27169600168563,159.66778218354528,303.7909249380499,inf,269.34846349098143,182.27169600168563,182.27169600168565,174.521331484943,94.92156448859981,inf,182.27169600168563,182.27169600168565,182.27169600168565,182.27169600168565,272.24025918419613,91.9056866746992,182.27169600168565,182.27169600168563,182.27169600168563,182.27169600168565,182.27169600168565,182.27169600168565,182.27169600168565,182.27169600168563,1.5574179872689293e-308,182.27169600168565,inf,182.27169600168563,inf,182.27169600168563,182.27169600168565,182.27169600168563,inf,inf,386.96122290742267,182.27169600168565,175.83627698181263,353.8989653849052,inf,336.6015907155926,182.27169600168565,182.27169600168563,182.27169600168563,182.27169600168565,182.27169600168565,148.8735462228325,182.27169600168563,182.27169600168565,120.47559217265575,379.055961788104,inf,182.27169600168563,182.27169600168563,181.43851072203256,182.27169600168565,182.27169600168563,182.27169600168565,182.27169600168565,156.1168854541902,inf,182.27169600168563
topology_carcinoma_18_clean_tumorales.csv,345.7533708749586,351.03924775191626,19.258715613144332,48.9785072180157,334.16715847071055,inf,316.94592774717637,64.01042345879623,77.99191654271144,34.0382274330054,130.2298112392412,inf,18.4968227237365,40.54977336222326,16.848834205560962,37.42935297976828,318.39182559378366,116.65387224324918,10.346361841096922,25.30135357787225,23.07562130090393,63.72280346320798,77.99191654271144,37.27641333182082,72.47912614410433,30.487643198459082,182.27169600168565,1.8470759992229253e-308,inf,54.541288209731306,inf,77.99191654271144,43.61671892386806,20.867945559732476,inf,inf,386.96122290742267,14.458393661264964,34.332717331574074,359.2211786941382,inf,350.5724913594819,30.130713263105832,22.67158404328208,21.16124489043639,30.753400531346117,26.871851167969936,103.00462201114229,31.466894219478558,68.14520642813352,221.34523119516064,379.055961788104,inf,65.4203713623422,51.21904887489231,27.121048195915844,24.137796978956004,17.683517243460102,15.581130168187656,77.99191654271144,65.32215705996995,inf,41.24955000199708
topology_ad_carcinoma_7_clean_tumorales.csv,inf,inf,inf,inf,inf,inf,inf,inf,inf,inf,inf,229.23411161334917,inf,inf,inf,inf,inf,inf,inf,inf,inf,inf,inf,inf,inf,inf,inf,inf,2.186989048904234e-308,inf,inf,inf,inf,inf,inf,inf,inf,inf,inf,inf,inf,inf,inf,inf,inf,inf,inf,inf,inf,inf,inf,inf,inf,inf,inf,inf,inf,inf,inf,inf,inf,225.21884762355648,inf
topology_carcinoma_6_clean_tumorales.csv,345.75337087495853,351.0392477519162,43.50222632725383,102.43780490991298,334.16715847071055,inf,316.9459277471763,15.811657780121767,50.72127243784579,88.5795156427367,134.81091375738572,inf,48.340385235992585,17.94606809973359,43.65837224950765,39.384675760525255,318.39182559378366,136.31885266433602,54.022093727460415,34.84739580733448,42.01226107683917,26.20097677610799,50.72127243784579,31.203989089596462,25.235081876475576,30.27609817646346,182.27169600168563,54.541288209731306,inf,5.331256375644447e-309,inf,32.00206005113367,18.20294353302167,42.693983238183364,inf,inf,386.96122290742267,58.21190920040708,87.26457014586705,359.2211786941382,inf,350.5724913594819,29.386803656246144,65.3713988085829,37.2609156799485,30.97062637060756,32.89564727701056,129.49422754828257,31.70858104370072,78.56041409219222,221.3452311951606,379.05596178810396,inf,16.10844284792589,10.91201085467592,81.66233640564715,51.51741766744502,72.22480545319141,58.935486654006155,50.72127243784579,104.21325327459053,inf,46.189691016356505
topology_ad_carcinoma_14_clean_tumorales.csv,inf,inf,inf,inf,inf,148.78503950938887,inf,inf,inf,inf,inf,inf,inf,inf,inf,inf,inf,inf,inf,inf,inf,inf,inf,inf,inf,inf,inf,inf,inf,inf,2.0867201727426173e-308,inf,inf,inf,283.1022629828674,267.06129491254,inf,inf,inf,inf,205.94433216301246,inf,inf,inf,inf,inf,inf,inf,inf,inf,inf,inf,350.2463622320099,inf,inf,inf,inf,inf,inf,inf,inf,inf,inf
topology_dysplasia_19_clean_tumorales.csv,345.7533708749586,351.03924775191626,68.8108765700488,102.43780490991298,334.16715847071055,inf,316.94592774717637,18.923693007642512,37.46846979146707,95.01103025921414,134.81091375738572,inf,74.84599052875001,44.87576977508175,68.81544508680548,65.89028105328268,318.39182559378366,136.31885266433602,70.7005316613918,62.87151993312045,66.63118528774154,17.32409003928076,37.46846979146707,57.70959438235389,19.70090537994578,55.66344547578436,182.27169600168563,77.99191654271144,inf,32.00206005113367,inf,1.0099818684583e-308,43.66887685525775,67.65877782929392,inf,inf,386.96122290742267,74.1664863653724,94.35355751077931,359.2211786941382,inf,350.5724913594819,59.40738312059306,83.40697184213724,63.76652097270595,57.476231663365,54.17504233451881,129.4942275482826,53.576315058255126,90.00147948394189,221.34523119516064,379.055961788104,inf,22.172916435848336,33.682120305612116,91.55244064066936,76.47998127156829,86.83367516444149,80.18901576484886,37.46846979146707,104.21325327459053,inf,72.69529630911393
topology_carcinoma_3_clean_tumorales.csv,345.7533708749586,351.03924775191626,31.380701991428136,92.50849565827114,334.16715847071055,inf,316.94592774717637,27.31029930878593,56.18355708077742,77.65494635687347,134.81091375738572,inf,37.41581595012934,9.232830114939024,28.00154573876672,28.46010647466201,318.39182559378366,136.31885266433602,37.29558165438565,21.78359764481511,26.580615246646445,37.86779358023207,56.18355708077742,20.83067672526674,31.121333815573635,15.975130168382655,182.27169600168565,43.61671892386806,inf,18.20294353302167,inf,43.66887685525775,1.5390997948295486e-308,27.041312666312706,inf,inf,386.96122290742267,41.48539712733231,76.3400008600038,359.2211786941382,inf,350.5724913594819,16.69313697049526,54.44682952271967,26.33634639408527,20.04605708474432,20.49586928690161,129.4942275482826,18.865214927556693,67.63584480632898,221.34523119516064,379.055961788104,inf,24.56583261802951,21.496863498219412,70.73776711978391,40.592848381581774,61.30023616732816,48.01091736814291,56.18355708077742,96.05939238762625,inf,35.265121730493256
topology_dysplasia_4_clean_tumorales.csv,345.75337087495853,351.0392477519162,19.03145103827761,65.46718299195845,334.16715847071055,inf,316.9459277471763,53.215400207332095,69.70421341393376,50.613633690560754,131.6768486938292,inf,16.82667256650515,26.992636455521648,21.630219515349918,31.182913256561832,318.39182559378366,133.22927850080453,27.087243724068117,15.395357558178674,16.79529132696234,61.85769455426826,69.70421341393376,29.086297811786906,55.90371988654897,17.16563231446284,182.27169600168563,20.867945559732476,inf,42.693983238183364,inf,67.65877782929392,27.041312666312706,4.621593201488866e-309,inf,inf,386.96122290742267,29.670842889675157,49.298688193691106,359.2211786941382,inf,350.5724913594819,18.760612782968234,27.405516856406962,14.150900043177305,28.62832531502501,20.081918569154475,119.58002826869765,24.92032876802992,63.56476049554619,221.3452311951606,379.05596178810396,inf,48.84496510478683,47.46433466332801,43.696454453471205,26.320173887948336,34.25892350101546,21.38777594934035,69.70421341393376,69.01807972131354,inf,35.50403973600984
topology_ad_carcinoma_4_clean_tumorales.csv,inf,inf,inf,inf,inf,252.4424214634427,inf,inf,inf,inf,inf,inf,inf,inf,inf,inf,inf,inf,inf,inf,inf,inf,inf,inf,inf,inf,inf,inf,inf,inf,283.1022629828674,inf,inf,inf,1.5753305274464647e-308,118.73414581750214,inf,inf,inf,inf,133.8066879646114,inf,inf,inf,inf,inf,inf,inf,inf,inf,inf,inf,229.4475690742605,inf,inf,inf,inf,inf,inf,inf,inf,inf,inf
topology_ad_carcinoma_10_clean_tumorales.csv,inf,inf,inf,inf,inf,220.36048532278795,inf,inf,inf,inf,inf,inf,inf,inf,inf,inf,inf,inf,inf,inf,inf,inf,inf,inf,inf,inf,inf,inf,inf,inf,267.06129491254,inf,inf,inf,118.73414581750214,9.947511153181325e-309,inf,inf,inf,inf,162.81362150981948,inf,inf,inf,inf,inf,inf,inf,inf,inf,inf,inf,224.60061544378686,inf,inf,inf,inf,inf,inf,inf,inf,inf,inf
topology_ad_carcinoma_1_clean_tumorales.csv,140.0123864951059,339.0953837621655,386.96122290742267,386.96122290742267,195.04041395384155,inf,339.0953837621655,386.96122290742267,386.96122290742267,386.96122290742267,386.96122290742267,inf,386.96122290742267,386.96122290742267,386.96122290742267,386.96122290742267,183.47196854119056,386.96122290742267,386.96122290742267,386.96122290742267,386.96122290742267,386.96122290742267,386.96122290742267,386.96122290742267,386.96122290742267,386.96122290742267,386.96122290742267,386.96122290742267,inf,386.96122290742267,inf,386.96122290742267,386.96122290742267,386.96122290742267,inf,inf,1.342218220770524e-308,386.96122290742267,386.96122290742267,205.92990844484723,inf,301.573096471343,386.96122290742267,386.96122290742267,386.96122290742267,386.96122290742267,386.96122290742267,386.96122290742267,386.96122290742267,386.96122290742267,331.2319834245242,205.2349025235531,inf,386.96122290742267,386.96122290742267,386.96122290742267,386.96122290742267,386.96122290742267,386.96122290742267,386.96122290742267,386.96122290742267,inf,386.96122290742267
topology_dysplasia_1_clean_tumorales.csv,345.7533708749586,351.03924775191626,23.277726993479444,56.094159069744386,334.16715847071055,inf,316.94592774717637,68.7892341417068,74.3907253750408,41.2406097683467,120.84037676468989,inf,23.903298889828278,45.347956506617756,15.889209319421923,48.6354936052376,318.39182559378366,123.8562545785905,9.730052914779563,28.71200063122008,26.87600294910024,74.16648636537239,74.3907253750408,44.660131746161625,68.40753440678807,31.373637789575838,182.27169600168565,14.458393661264964,inf,58.21190920040708,inf,74.1664863653724,41.48539712733231,29.670842889675157,inf,inf,386.96122290742267,5.908823979865445e-309,40.55582767649435,359.2211786941382,inf,350.5724913594819,37.78976370665622,18.032492934192902,28.066699607848278,44.20215924939973,28.223129575714278,110.20700434648359,40.49416270240464,73.74827674086816,221.34523119516064,379.055961788104,inf,63.849234029713855,62.98226062555173,34.32343053125714,25.266113537238425,24.8858995788014,24.88006569172144,74.3907253750408,59.64505579909948,inf,52.45569062746639
