,topology_ad_carcinoma_2_clean_tumorales.csv,topology_ad_dysplasia_1_clean_tumorales.csv,topology_carcinoma_4_clean_tumorales.csv,topology_dysplasia_10_clean_tumorales.csv,topology_ad_carcinoma_12_clean_tumorales.csv,topology_ad_carcinoma_8_clean_tumorales.csv,topology_ad_dysplasia_5_clean_tumorales.csv,topology_dysplasia_17_clean_tumorales.csv,topology_ad_dysplasia_3_clean_tumorales.csv,topology_carcinoma_10_clean_tumorales.csv,topology_carcinoma_20_clean_tumorales.csv,topology_ad_dysplasia_4_clean_tumorales.csv,topology_carcinoma_19_clean_tumorales.csv,topology_dysplasia_12_clean_tumorales.csv,topology_carcinoma_12_clean_tumorales.csv,topology_dysplasia_15_clean_tumorales.csv,topology_ad_carcinoma_15_clean_tumorales.csv,topology_dysplasia_9_clean_tumorales.csv,topology_carcinoma_11_clean_tumorales.csv,topology_carcinoma_5_clean_tumorales.csv,topology_carcinoma_1_clean_tumorales.csv,topology_dysplasia_18_clean_tumorales.csv,topology_ad_dysplasia_10_clean_tumorales.csv,topology_dysplasia_14_clean_tumorales.csv,topology_dysplasia_16_clean_tumorales.csv,topology_carcinoma_9_clean_tumorales.csv,topology_carcinoma_17_clean_tumorales.csv,topology_carcinoma_18_clean_tumorales.csv,topology_ad_carcinoma_7_clean_tumorales.csv,topology_carcinoma_6_clean_tumorales.csv,topology_ad_carcinoma_14_clean_tumorales.csv,topology_dysplasia_19_clean_tumorales.csv,topology_carcinoma_3_clean_tumorales.csv,topology_dysplasia_4_clean_tumorales.csv,topology_ad_carcinoma_4_clean_tumorales.csv,topology_ad_carcinoma_10_clean_tumorales.csv,topology_ad_carcinoma_1_clean_tumorales.csv,topology_dysplasia_1_clean_tumorales.csv,topology_dysplasia_13_clean_tumorales.csv,topology_ad_carcinoma_6_clean_tumorales.csv,topology_ad_carcinoma_5_clean_tumorales.csv,topology_ad_carcinoma_13_clean_tumorales.csv,topology_dysplasia_11_clean_tumorales.csv,topology_dysplasia_2_clean_tumorales.csv,topology_carcinoma_2_clean_tumorales.csv,topology_carcinoma_7_clean_tumorales.csv,topology_carcinoma_8_clean_tumorales.csv,topology_ad_dysplasia_6_clean_tumorales.csv,topology_carcinoma_15_clean_tumorales.csv,topology_ad_carcinoma_3_clean_tumorales.csv,topology_ad_dysplasia_9_clean_tumorales.csv,topology_ad_carcinoma_9_clean_tumorales.csv,topology_ad_carcinoma_11_clean_tumorales.csv,topology_dysplasia_7_clean_tumorales.csv,topology_dysplasia_6_clean_tumorales.csv,topology_dysplasia_5_clean_tumorales.csv,topology_carcinoma_14_clean_tumorales.csv,topology_dysplasia_3_clean_tumorales.csv,topology_carcinoma_13_clean_tumorales.csv,topology_ad_dysplasia_2_clean_tumorales.csv,topology_carcinoma_16_clean_tumorales.csv,topology_ad_dysplasia_7_clean_tumorales.csv,topology_dysplasia_8_clean_tumorales.csv
topology_ad_carcinoma_2_clean_tumorales.csv,0.0,inf,inf,inf,inf,inf,inf,inf,inf,inf,inf,inf,inf,inf,inf,inf,inf,inf,inf,inf,inf,inf,inf,inf,inf,inf,inf,inf,inf,inf,inf,inf,inf,inf,inf,inf,inf,inf,inf,inf,inf,inf,inf,inf,inf,inf,inf,inf,inf,inf,inf,inf,inf,inf,inf,inf,inf,inf,inf,inf,inf,inf,inf
topology_ad_dysplasia_1_clean_tumorales.csv,inf,0.0,102.41245623385748,84.32891340364176,56.20082100158825,0.0,0.0,38.06971538935393,0.0,68.9804299670405,69.97613842111284,0.0,57.91639103882288,125.48716488062436,43.181133281318424,52.87556268669607,15.122668166888843,137.44715933452204,87.09374930164844,90.30366269440563,73.82337966154398,35.415480611093614,0.0,43.49041440366024,41.1031168167208,74.1343391915228,52.35466740921211,76.15041282002167,4.197889520725852,55.619093218870916,0.0,51.660862785866,53.43130674181231,126.63468841294358,1.7036276558703705,7.501379863091074,15.732530856978642,62.85854876752464,54.93761841609937,0.0,0.0,0.0,61.938864104154504,98.43063475260158,78.39923878421925,66.09319816424818,84.3605400018796,0.0,74.47869159390311,0.0,0.0,2.4856024299833166,0.0,134.87718474523348,87.87346627634776,81.23379777050607,53.2451718985041,129.46776628750206,92.35513956248926,0.0,77.73110182816282,0.0,68.29978260902737
topology_carcinoma_4_clean_tumorales.csv,inf,102.41245623385748,1.70444895692415e-308,72.81700489905836,102.41245623385748,102.41245623385748,102.41245623385748,102.41245623385748,102.41245623385748,46.38993315061441,69.97613842111286,102.41245623385748,64.98098957588616,62.301007282811725,71.7951818392134,57.91012548101861,102.41245623385748,137.44715933452204,63.50507940236869,31.521846226783907,66.43963404992166,102.41245623385748,102.41245623385748,102.41245623385748,102.41245623385748,41.0083885034239,72.65680654373426,36.17797741967104,102.41245623385748,85.9968158878132,102.41245623385748,87.43678252988775,65.20551552152571,35.187187115284814,102.41245623385748,102.41245623385748,102.41245623385748,56.537516463243435,89.64139642454683,102.41245623385748,102.41245623385748,102.41245623385748,70.29868417062173,23.30842596064764,43.05861138970073,75.74711921351806,39.08635004597451,102.41245623385748,56.555950805067,102.41245623385748,102.41245623385748,102.41245623385748,102.41245623385748,57.76761046804831,71.58096399158467,81.2337977705061,77.92009598915183,82.89771366359327,29.404277644736368,102.41245623385748,71.87305850012007,102.41245623385748,102.41245623385748
topology_dysplasia_10_clean_tumorales.csv,inf,84.32891340364176,72.81700489905836,2.045257701228063e-308,72.68404921974769,84.32891340364176,84.32891340364176,79.5357425451914,84.32891340364176,56.30907321702901,84.32891340364176,84.32891340364176,39.70706046959583,95.50139004029523,51.47210172612648,52.87556268669607,84.32891340364176,133.78844185160767,87.09374930164844,54.54483585394098,41.834447816804044,84.32891340364176,84.32891340364176,61.67432217281768,75.48549596750755,56.215441988316115,72.31607984673062,62.11771873031708,84.32891340364176,34.04590133960943,84.32891340364176,64.40990422161994,36.773410498093284,108.00419201434318,84.32891340364176,84.32891340364176,84.32891340364176,55.91262046318829,38.357778166911174,84.32891340364176,84.32891340364176,84.32891340364176,43.90482084368608,55.41673626371002,51.021360071794234,41.24590678118571,59.3292940678665,84.32891340364176,44.28884395912462,84.32891340364176,84.32891340364176,84.32891340364176,84.32891340364176,93.93202872264314,56.27850761250494,61.84789973634673,41.224804411616006,129.46776628750206,74.43945825328888,84.32891340364176,77.73110182816285,84.32891340364176,37.879495613106286
topology_ad_carcinoma_12_clean_tumorales.csv,inf,56.20082100158825,102.41245623385748,72.68404921974769,1.430103755205291e-308,56.20082100158825,56.20082100158825,56.20082100158825,56.20082100158825,68.9804299670405,67.82659495050586,56.20082100158825,56.20082100158828,125.48716488062436,56.20082100158825,56.20082100158825,56.20082100158825,97.06446378203881,87.09374930164844,90.30366269440563,72.50527623009685,56.20082100158825,56.20082100158825,56.20082100158825,56.20082100158825,68.16270635297451,56.20082100158825,76.15041282002167,56.20082100158825,56.20082100158825,56.20082100158825,56.20082100158825,56.20082100158825,126.63468841294358,56.20082100158825,56.20082100158825,56.20082100158825,58.449550036975864,56.20082100158825,56.20082100158825,56.20082100158825,56.20082100158825,56.20082100158828,98.43063475260158,78.39923878421925,66.09319816424818,84.3605400018796,56.20082100158825,68.4953012761161,56.20082100158825,56.20082100158825,56.20082100158825,56.20082100158825,134.87718474523348,87.87346627634776,66.78246691315059,56.20082100158825,129.46776628750206,92.35513956248926,56.20082100158825,77.73110182816282,56.20082100158825,60.459544941168645
topology_ad_carcinoma_8_clean_tumorales.csv,inf,0.0,102.41245623385748,84.32891340364176,56.20082100158825,0.0,0.0,38.06971538935393,0.0,68.9804299670405,69.97613842111284,0.0,57.91639103882288,125.48716488062436,43.181133281318424,52.87556268669607,15.122668166888843,137.44715933452204,87.09374930164844,90.30366269440563,73.82337966154398,35.415480611093614,0.0,43.49041440366024,41.1031168167208,74.1343391915228,52.35466740921211,76.15041282002167,4.197889520725852,55.619093218870916,0.0,51.660862785866,53.43130674181231,126.63468841294358,1.7036276558703705,7.501379863091074,15.732530856978642,62.85854876752464,54.93761841609937,0.0,0.0,0.0,61.938864104154504,98.43063475260158,78.39923878421925,66.09319816424818,84.3605400018796,0.0,74.47869159390311,0.0,0.0,2.4856024299833166,0.0,134.87718474523348,87.87346627634776,81.23379777050607,53.2451718985041,129.46776628750206,92.35513956248926,0.0,77.73110182816282,0.0,68.29978260902737
topology_ad_dysplasia_5_clean_tumorales.csv,inf,0.0,102.41245623385748,84.32891340364176,56.20082100158825,0.0,0.0,38.06971538935393,0.0,68.9804299670405,69.97613842111284,0.0,57.91639103882288,125.48716488062436,43.181133281318424,52.87556268669607,15.122668166888843,137.44715933452204,87.09374930164844,90.30366269440563,73.82337966154398,35.415480611093614,0.0,43.49041440366024,41.1031168167208,74.1343391915228,52.35466740921211,76.15041282002167,4.197889520725852,55.619093218870916,0.0,51.660862785866,53.43130674181231,126.63468841294358,1.7036276558703705,7.501379863091074,15.732530856978642,62.85854876752464,54.93761841609937,0.0,0.0,0.0,61.938864104154504,98.43063475260158,78.39923878421925,66.09319816424818,84.3605400018796,0.0,74.47869159390311,0.0,0.0,2.4856024299833166,0.0,134.87718474523348,87.87346627634776,81.23379777050607,53.2451718985041,129.46776628750206,92.35513956248926,0.0,77.73110182816282,0.0,68.29978260902737
topology_dysplasia_17_clean_tumorales.csv,inf,38.06971538935393,102.41245623385748,79.5357425451914,56.20082100158825,38.06971538935393,38.06971538935393,1.4493408467792775e-308,38.06971538935393,68.9804299670405,69.97613842111284,38.06971538935393,53.79413474924931,125.48716488062436,42.61511286172387,52.87556268669607,36.55176239913921,137.44715933452204,87.09374930164844,90.30366269440563,70.80249480400079,22.609068575749447,38.06971538935393,31.75046390104046,18.975763908130375,74.1343391915228,52.35466740921211,76.15041282002167,38.06971538935393,45.99765423019849,38.06971538935393,20.06519112385783,52.697343299023146,126.63468841294358,38.06971538935393,38.06971538935393,38.06971538935393,62.85854876752464,54.89776292532994,38.06971538935393,38.06971538935393,38.06971538935393,59.6868035490873,98.43063475260158,78.39923878421925,63.2279784029007,84.3605400018796,38.06971538935393,74.47869159390311,38.06971538935393,38.06971538935393,38.06971538935393,38.06971538935393,134.87718474523348,79.91401951924755,81.23379777050607,46.46810435580778,129.46776628750206,92.35513956248926,38.06971538935393,77.73110182816282,38.06971538935393,43.47674060894022
topology_ad_dysplasia_3_clean_tumorales.csv,inf,0.0,102.41245623385748,84.32891340364176,56.20082100158825,0.0,0.0,38.06971538935393,0.0,68.9804299670405,69.97613842111284,0.0,57.91639103882288,125.48716488062436,43.181133281318424,52.87556268669607,15.122668166888843,137.44715933452204,87.09374930164844,90.30366269440563,73.82337966154398,35.415480611093614,0.0,43.49041440366024,41.1031168167208,74.1343391915228,52.35466740921211,76.15041282002167,4.197889520725852,55.619093218870916,0.0,51.660862785866,53.43130674181231,126.63468841294358,1.7036276558703705,7.501379863091074,15.732530856978642,62.85854876752464,54.93761841609937,0.0,0.0,0.0,61.938864104154504,98.43063475260158,78.39923878421925,66.09319816424818,84.3605400018796,0.0,74.47869159390311,0.0,0.0,2.4856024299833166,0.0,134.87718474523348,87.87346627634776,81.23379777050607,53.2451718985041,129.46776628750206,92.35513956248926,0.0,77.73110182816282,0.0,68.29978260902737
topology_carcinoma_10_clean_tumorales.csv,inf,68.9804299670405,46.38993315061441,56.30907321702901,68.9804299670405,68.9804299670405,68.9804299670405,68.9804299670405,68.9804299670405,9.156069554704154e-309,69.97613842111284,68.9804299670405,31.288543932248274,69.07431829185128,33.99913283825444,55.49776090896884,68.9804299670405,137.44715933452204,79.25759868856505,31.521846226783907,34.14504187209698,68.9804299670405,68.9804299670405,64.29877324240422,68.9804299670405,41.18736284493809,51.335604103400456,30.335927497253238,68.9804299670405,56.20693209851359,68.9804299670405,66.96266314686821,41.18736284493809,81.57712026589923,68.9804299670405,68.9804299670405,68.9804299670405,47.57231731131645,56.30907321702901,68.9804299670405,68.9804299670405,68.9804299670405,50.187772375903364,35.8189023811554,24.717562296667722,38.979370513729975,32.90222231942255,68.9804299670405,41.18736284493809,68.9804299670405,68.9804299670405,68.9804299670405,68.9804299670405,70.30864655683939,58.73749854691101,81.23379777050607,39.67573729192006,129.28764681420768,48.012386504844926,68.9804299670405,76.65228730862185,68.9804299670405,62.26095253829459
topology_carcinoma_20_clean_tumorales.csv,inf,69.97613842111284,69.97613842111286,84.32891340364176,67.82659495050586,69.97613842111284,69.97613842111284,69.97613842111284,69.97613842111284,69.97613842111284,1.2632464662921156e-308,69.97613842111284,69.97613842111284,85.71806658161978,69.97613842111284,69.97613842111284,69.97613842111284,94.09079033654356,69.97613842111286,69.97613842111286,69.97613842111286,69.97613842111284,69.97613842111284,69.97613842111284,69.97613842111284,71.62493569514638,69.97613842111284,69.97613842111286,69.97613842111284,69.97613842111284,69.97613842111284,69.97613842111284,69.97613842111284,95.58891383516661,69.97613842111284,69.97613842111284,69.97613842111284,69.97613842111284,69.97613842111284,69.97613842111284,69.97613842111284,69.97613842111284,69.97613842111284,69.97613842111286,69.97613842111286,69.97613842111284,69.97613842111286,69.97613842111284,72.13152529811666,69.97613842111284,69.97613842111284,69.97613842111284,69.97613842111284,101.69972472778164,76.79434701329077,67.82659495050586,69.97613842111284,107.69878909251725,69.97613842111286,69.97613842111284,69.97613842111286,69.97613842111284,69.97613842111284
topology_ad_dysplasia_4_clean_tumorales.csv,inf,0.0,102.41245623385748,84.32891340364176,56.20082100158825,0.0,0.0,38.06971538935393,0.0,68.9804299670405,69.97613842111284,0.0,57.91639103882288,125.48716488062436,43.181133281318424,52.87556268669607,15.122668166888843,137.44715933452204,87.09374930164844,90.30366269440563,73.82337966154398,35.415480611093614,0.0,43.49041440366024,41.1031168167208,74.1343391915228,52.35466740921211,76.15041282002167,4.197889520725852,55.619093218870916,0.0,51.660862785866,53.43130674181231,126.63468841294358,1.7036276558703705,7.501379863091074,15.732530856978642,62.85854876752464,54.93761841609937,0.0,0.0,0.0,61.938864104154504,98.43063475260158,78.39923878421925,66.09319816424818,84.3605400018796,0.0,74.47869159390311,0.0,0.0,2.4856024299833166,0.0,134.87718474523348,87.87346627634776,81.23379777050607,53.2451718985041,129.46776628750206,92.35513956248926,0.0,77.73110182816282,0.0,68.29978260902737
topology_carcinoma_19_clean_tumorales.csv,inf,57.91639103882288,64.98098957588616,39.70706046959583,56.20082100158828,57.91639103882288,57.91639103882288,53.79413474924931,57.91639103882288,31.288543932248274,69.97613842111284,57.91639103882288,1.1130962071506305e-308,87.66537471712303,25.59196490065932,44.64132579397398,57.91639103882288,137.44715933452204,87.09374930164844,55.15329517776236,30.984891354522603,57.91639103882288,57.91639103882288,44.04062978828051,50.94785386969343,31.73577161066771,51.709774522608654,48.63488016788557,57.91639103882288,33.55765350447717,57.91639103882288,53.110487595529946,25.33261150221506,100.16817669117097,57.91639103882288,57.91639103882288,57.91639103882288,51.99917212619016,38.84150959728288,57.91639103882288,57.91639103882288,57.91639103882288,33.28440582429903,67.10744631340367,44.798614028361754,25.33261150221506,51.493278744694294,57.91639103882288,22.51336077765822,57.91639103882288,57.91639103882288,57.91639103882288,57.91639103882288,101.59719048908767,45.45663789819994,81.23379777050607,25.270194624579403,129.46776628750206,66.60344293011667,57.91639103882288,77.73110182816282,57.91639103882288,44.04062978828051
topology_dysplasia_12_clean_tumorales.csv,inf,125.48716488062436,62.301007282811725,95.50139004029523,125.48716488062436,125.48716488062436,125.48716488062436,125.48716488062436,125.48716488062436,69.07431829185128,85.71806658161978,125.48716488062436,87.66537471712303,8.801361633419496e-309,94.47956698045027,81.37515763331552,125.48716488062436,128.07460335598557,86.9701115546656,62.156403234433185,89.12401919115854,125.48716488062436,125.48716488062436,125.48716488062436,125.48716488062436,58.719313948844444,96.12183869603118,63.540322513668,125.48716488062436,108.68120102905007,125.48716488062436,110.90181468218466,79.60329435148736,54.64299078992076,125.48716488062436,125.48716488062436,125.48716488062436,80.00254861554035,112.3257815657837,125.48716488062436,125.48716488062436,125.48716488062436,92.9830693118586,61.592628288611536,65.7429965309376,98.43150435475494,46.08115378506082,125.48716488062436,79.24033594630387,125.48716488062436,125.48716488062436,125.48716488062436,125.48716488062436,106.57477453281706,76.69151451558531,93.79465042731775,100.6044811303887,60.21332852235639,45.202118849263854,125.48716488062436,77.73110182816285,125.48716488062436,125.48716488062436
topology_carcinoma_12_clean_tumorales.csv,inf,43.181133281318424,71.7951818392134,51.47210172612648,56.20082100158825,43.181133281318424,43.181133281318424,42.61511286172387,43.181133281318424,33.99913283825444,69.97613842111284,43.181133281318424,25.59196490065932,94.47956698045027,1.4971126115437816e-308,51.45551805730122,42.83531095548126,137.44715933452204,87.09374930164844,51.19013676754837,37.58584012568977,43.181133281318424,43.181133281318424,38.893524553805236,42.83531095548126,38.549963873994955,50.478027942273656,55.44907243121281,43.181133281318424,31.110320197907413,43.181133281318424,41.08648869948357,30.200107496211814,106.98236895449821,43.181133281318424,43.181133281318424,43.181133281318424,51.99917212619016,28.10309484524052,43.181133281318424,43.181133281318424,43.181133281318424,30.40680228881824,63.14428790318968,46.59963343079487,34.09643818492907,58.30747100802154,43.181133281318424,38.42448322804263,43.181133281318424,43.181133281318424,43.181133281318424,43.181133281318424,99.28281946033053,51.35854602913798,81.23379777050607,22.666895309147066,129.46776628750206,73.41763519344391,43.181133281318424,77.73110182816282,43.181133281318424,36.8557038496956
topology_dysplasia_15_clean_tumorales.csv,inf,52.87556268669607,57.91012548101861,52.87556268669607,56.20082100158825,52.87556268669607,52.87556268669607,52.87556268669607,52.87556268669607,55.49776090896884,69.97613842111284,52.87556268669607,44.64132579397398,81.37515763331552,51.45551805730122,1.0460573681087624e-308,52.87556268669607,137.44715933452204,67.3991819920139,61.300757343513155,52.87556268669607,52.87556268669607,52.87556268669607,52.87556268669607,52.87556268669607,46.331243177243806,47.64272483663294,42.55614589273961,52.87556268669607,52.87556268669607,52.87556268669607,52.87556268669607,45.92026180503862,90.26145049190393,52.87556268669607,52.87556268669607,52.80918961760622,51.99917212619016,52.87556268669607,52.87556268669607,52.87556268669607,52.87556268669607,49.95902038870955,71.47148310513799,47.953345640768106,52.87556268669607,51.63751431450774,52.87556268669607,42.07784087382794,52.87556268669607,52.87556268669607,52.87556268669607,52.87556268669607,107.74465265483846,52.87556268669607,81.23379777050607,52.87556268669607,103.23737744550544,56.69671673084963,52.87556268669607,64.2772289091105,52.87556268669607,52.87556268669607
topology_ad_carcinoma_15_clean_tumorales.csv,inf,15.122668166888843,102.41245623385748,84.32891340364176,56.20082100158825,15.122668166888843,15.122668166888843,36.55176239913921,15.122668166888843,68.9804299670405,69.97613842111284,15.122668166888843,57.91639103882288,125.48716488062436,42.83531095548126,52.87556268669607,1.593825875080806e-308,137.44715933452204,87.09374930164844,90.30366269440563,73.82337966154398,35.415480611093614,15.122668166888843,43.24910031942777,41.1031168167208,74.1343391915228,52.35466740921211,76.15041282002167,15.122668166888843,54.741533373945515,15.122668166888843,46.91688184402912,53.43130674181231,126.63468841294358,15.122668166888843,15.122668166888843,15.732530856978642,62.85854876752464,54.93761841609937,15.122668166888843,15.122668166888843,15.122668166888843,61.938864104154504,98.43063475260158,78.39923878421925,66.09319816424818,84.3605400018796,15.122668166888843,74.47869159390311,15.122668166888843,15.122668166888843,15.122668166888843,15.122668166888843,134.87718474523348,87.87346627634776,81.23379777050607,53.2451718985041,129.46776628750206,92.35513956248926,15.122668166888843,77.73110182816282,15.122668166888843,67.25251649359552
topology_dysplasia_9_clean_tumorales.csv,inf,137.44715933452204,137.44715933452204,133.78844185160767,97.06446378203881,137.44715933452204,137.44715933452204,137.44715933452204,137.44715933452204,137.44715933452204,94.09079033654356,137.44715933452204,137.44715933452204,128.07460335598557,137.44715933452204,137.44715933452204,137.44715933452204,1.2617068065506218e-308,117.8913229592718,137.44715933452204,137.44715933452204,137.44715933452204,137.44715933452204,137.44715933452204,137.44715933452204,137.44715933452204,137.44715933452204,137.44715933452204,137.44715933452204,137.44715933452204,137.44715933452204,137.44715933452204,137.44715933452204,115.57180138193763,137.44715933452204,137.44715933452204,137.15006696065586,137.44715933452204,137.44715933452204,137.44715933452204,137.44715933452204,137.44715933452204,137.44715933452204,137.44715933452204,137.44715933452204,137.44715933452204,137.44715933452204,137.44715933452204,137.44715933452204,137.44715933452204,137.44715933452204,137.44715933452204,137.44715933452204,135.66405864829022,137.447159334522,97.06446378203881,137.44715933452204,91.47476847695859,137.44715933452204,137.44715933452204,120.496634339215,137.44715933452204,137.44715933452204
topology_carcinoma_11_clean_tumorales.csv,inf,87.09374930164844,63.50507940236869,87.09374930164844,87.09374930164844,87.09374930164844,87.09374930164844,87.09374930164844,87.09374930164844,79.25759868856505,69.97613842111286,87.09374930164844,87.09374930164844,86.9701115546656,87.09374930164844,67.3991819920139,87.09374930164844,117.8913229592718,7.877243864314526e-309,61.729581426668574,87.09374930164844,87.09374930164844,87.09374930164844,87.09374930164844,87.09374930164844,67.16762329217534,56.40351336921688,50.773850468326884,87.09374930164844,87.09374930164844,87.09374930164844,87.09374930164844,87.09374930164844,76.76235664525609,87.09374930164844,87.09374930164844,86.77293639933234,39.96143559828383,87.09374930164844,87.09374930164844,87.09374930164844,87.09374930164844,87.09374930164844,75.18674887426346,75.92627692765137,87.09374930164844,68.61534317496293,87.09374930164844,87.09374930164844,87.09374930164844,87.09374930164844,87.09374930164844,87.09374930164844,70.76884768938524,87.09374930164847,87.09374930164844,87.09374930164844,50.03004812564262,55.06156332236668,87.09374930164844,46.85518192821954,87.09374930164844,87.09374930164844
topology_carcinoma_5_clean_tumorales.csv,inf,90.30366269440563,31.521846226783907,54.54483585394098,90.30366269440563,90.30366269440563,90.30366269440563,90.30366269440563,90.30366269440563,31.521846226783907,69.97613842111286,90.30366269440563,55.15329517776236,62.156403234433185,51.19013676754837,61.300757343513155,90.30366269440563,137.44715933452204,61.729581426668574,1.8378720650205326e-308,38.8314151085234,90.30366269440563,90.30366269440563,83.08048745162037,90.30366269440563,38.644913659042075,62.231115038603775,31.897649550839247,90.30366269440563,66.34420710263544,90.30366269440563,90.30366269440563,65.06091147314717,62.79540605668308,90.30366269440563,90.30366269440563,90.30366269440563,48.65001060888284,62.03317748314856,90.30366269440563,90.30366269440563,90.30366269440563,50.91063550467129,24.78520243424913,27.314147851173743,48.1389002721198,38.94174599759597,90.30366269440563,40.04691430107725,90.30366269440563,90.30366269440563,90.30366269440563,90.30366269440563,55.58992685631237,74.6382470665647,81.2337977705061,58.457451501136205,110.50593260499153,31.521846226783907,90.30366269440563,64.2772289091105,90.30366269440563,81.04266674751074
topology_carcinoma_1_clean_tumorales.csv,inf,73.82337966154398,66.43963404992166,41.834447816804044,72.50527623009685,73.82337966154398,73.82337966154398,70.80249480400079,73.82337966154398,34.14504187209698,69.97613842111286,73.82337966154398,30.984891354522603,89.12401919115854,37.58584012568977,52.87556268669607,73.82337966154398,137.44715933452204,87.09374930164844,38.8314151085234,1.9313574325309707e-308,73.82337966154398,73.82337966154398,61.495549183166844,67.57923872153188,33.19441608470322,52.338786930079664,50.09352464192108,73.82337966154398,52.31908926565066,73.82337966154398,64.85479640055775,40.37658581371667,101.62682116520648,73.82337966154398,73.82337966154398,73.82337966154398,51.99917212619016,44.98358442661825,73.82337966154398,73.82337966154398,73.82337966154398,38.11038712504953,43.131208089274025,27.081812664841053,23.158244424116447,52.9519232187298,73.82337966154398,26.282136031422056,73.82337966154398,73.82337966154398,73.82337966154398,73.82337966154398,81.53456389885388,64.85479640055775,81.23379777050607,28.086522972254528,129.46776628750206,68.06208740415218,73.82337966154398,77.73110182816282,73.82337966154398,45.62628022613157
topology_dysplasia_18_clean_tumorales.csv,inf,35.415480611093614,102.41245623385748,84.32891340364176,56.20082100158825,35.415480611093614,35.415480611093614,22.609068575749447,35.415480611093614,68.9804299670405,69.97613842111284,35.415480611093614,57.91639103882288,125.48716488062436,43.181133281318424,52.87556268669607,35.415480611093614,137.44715933452204,87.09374930164844,90.30366269440563,73.82337966154398,8.55219116139657e-309,35.415480611093614,39.19085897560805,19.87676442674919,74.1343391915228,52.35466740921211,76.15041282002167,35.415480611093614,54.741533373945515,35.415480611093614,38.46885075129177,53.43130674181231,126.63468841294358,35.415480611093614,35.415480611093614,35.415480611093614,62.85854876752464,54.93761841609937,35.415480611093614,35.415480611093614,35.415480611093614,61.938864104154504,98.43063475260158,78.39923878421925,66.09319816424818,84.3605400018796,35.415480611093614,74.47869159390311,35.415480611093614,35.415480611093614,35.415480611093614,35.415480611093614,134.87718474523348,87.87346627634776,81.23379777050607,53.2451718985041,129.46776628750206,92.35513956248926,35.415480611093614,77.73110182816282,35.415480611093614,63.615395535596775
topology_ad_dysplasia_10_clean_tumorales.csv,inf,0.0,102.41245623385748,84.32891340364176,56.20082100158825,0.0,0.0,38.06971538935393,0.0,68.9804299670405,69.97613842111284,0.0,57.91639103882288,125.48716488062436,43.181133281318424,52.87556268669607,15.122668166888843,137.44715933452204,87.09374930164844,90.30366269440563,73.82337966154398,35.415480611093614,0.0,43.49041440366024,41.1031168167208,74.1343391915228,52.35466740921211,76.15041282002167,4.197889520725852,55.619093218870916,0.0,51.660862785866,53.43130674181231,126.63468841294358,1.7036276558703705,7.501379863091074,15.732530856978642,62.85854876752464,54.93761841609937,0.0,0.0,0.0,61.938864104154504,98.43063475260158,78.39923878421925,66.09319816424818,84.3605400018796,0.0,74.47869159390311,0.0,0.0,2.4856024299833166,0.0,134.87718474523348,87.87346627634776,81.23379777050607,53.2451718985041,129.46776628750206,92.35513956248926,0.0,77.73110182816282,0.0,68.29978260902737
topology_dysplasia_14_clean_tumorales.csv,inf,43.49041440366024,102.41245623385748,61.67432217281768,56.20082100158825,43.49041440366024,43.49041440366024,31.75046390104046,43.49041440366024,64.29877324240422,69.97613842111284,43.49041440366024,44.04062978828051,125.48716488062436,38.893524553805236,52.87556268669607,43.24910031942777,137.44715933452204,87.09374930164844,83.08048745162037,61.495549183166844,39.19085897560805,43.49041440366024,1.045618817310526e-308,36.130714130092855,68.16270635297451,52.35466740921211,76.15041282002167,43.49041440366024,35.16175683823592,43.49041440366024,27.092324410634163,46.569077046106685,126.63468841294358,43.49041440366024,43.49041440366024,43.49041440366024,57.98087445665806,37.03634255295623,43.49041440366024,43.49041440366024,43.49041440366024,41.825383176713586,87.380280432371,63.86214296800111,57.45620764336735,84.3605400018796,43.49041440366024,57.485574229186085,43.49041440366024,43.49041440366024,43.49041440366024,43.49041440366024,125.78363624195086,74.12313855187517,81.23379777050607,42.83858953571769,129.46776628750206,92.35513956248926,43.49041440366024,77.73110182816282,43.49041440366024,25.615320236566504
topology_dysplasia_16_clean_tumorales.csv,inf,41.1031168167208,102.41245623385748,75.48549596750755,56.20082100158825,41.1031168167208,41.1031168167208,18.975763908130375,41.1031168167208,68.9804299670405,69.97613842111284,41.1031168167208,50.94785386969343,125.48716488062436,42.83531095548126,52.87556268669607,41.1031168167208,137.44715933452204,87.09374930164844,90.30366269440563,67.57923872153188,19.87676442674919,41.1031168167208,36.130714130092855,2.062076074551797e-308,68.16270635297451,52.35466740921211,76.15041282002167,41.1031168167208,49.84882422310797,41.1031168167208,27.568532796280593,51.075324291937676,126.63468841294358,41.1031168167208,41.1031168167208,41.1031168167208,57.98087445665806,46.04479983326617,41.1031168167208,41.1031168167208,41.1031168167208,50.554336364637166,98.43063475260158,78.39923878421925,63.539897181732385,84.3605400018796,41.1031168167208,63.56926376755112,41.1031168167208,41.1031168167208,41.1031168167208,41.1031168167208,134.87718474523348,86.56788723589264,81.23379777050607,53.2451718985041,129.46776628750206,92.35513956248926,41.1031168167208,77.73110182816282,41.1031168167208,47.34004411186109
topology_carcinoma_9_clean_tumorales.csv,inf,74.1343391915228,41.0083885034239,56.215441988316115,68.16270635297451,74.1343391915228,74.1343391915228,74.1343391915228,74.1343391915228,41.18736284493809,71.62493569514638,74.1343391915228,31.73577161066771,58.719313948844444,38.549963873994955,46.331243177243806,74.1343391915228,137.44715933452204,67.16762329217534,38.644913659042075,33.19441608470322,74.1343391915228,74.1343391915228,68.16270635297451,68.16270635297451,6.68623938902185e-309,56.622268969094605,49.463126049335585,74.1343391915228,52.751597922594755,74.1343391915228,60.91926628353238,29.3038774179781,68.43240508050326,74.1343391915228,74.1343391915228,74.1343391915228,54.68591843009585,56.39617845932838,74.1343391915228,74.1343391915228,74.1343391915228,37.05346620540328,50.599064794683386,33.13150427857951,42.50190124829962,25.421912467858192,74.1343391915228,23.310732839848555,74.1343391915228,74.1343391915228,74.1343391915228,74.1343391915228,85.08880897036738,68.16270635297451,81.23379777050607,44.67487802393339,116.14293162881171,34.86767131944896,74.1343391915228,64.2772289091105,74.1343391915228,68.16270635297451
topology_carcinoma_17_clean_tumorales.csv,inf,52.35466740921211,72.65680654373426,72.31607984673062,56.20082100158825,52.35466740921211,52.35466740921211,52.35466740921211,52.35466740921211,51.335604103400456,69.97613842111284,52.35466740921211,51.709774522608654,96.12183869603118,50.478027942273656,47.64272483663294,52.35466740921211,137.44715933452204,56.40351336921688,62.231115038603775,52.338786930079664,52.35466740921211,52.35466740921211,52.35466740921211,52.35466740921211,56.622268969094605,2.1791254590585067e-308,50.478027942273656,52.35466740921211,52.58954752519128,52.35466740921211,52.35466740921211,50.478027942273656,90.67803956140213,52.35466740921211,52.35466740921211,50.478027942273656,43.60984975726822,52.35466740921211,52.35466740921211,52.35466740921211,52.35466740921211,50.478027942273656,66.5309080193544,54.72077694924745,52.35466740921211,53.26052169150992,52.35466740921211,56.804384170884916,52.35466740921211,52.35466740921211,52.35466740921211,52.35466740921211,105.5820184792787,61.45031164532642,81.23379777050607,52.35466740921211,83.19880210814222,55.68367562154779,52.35466740921211,37.964861274421764,52.35466740921211,56.67510731348824
topology_carcinoma_18_clean_tumorales.csv,inf,76.15041282002167,36.17797741967104,62.11771873031708,76.15041282002167,76.15041282002167,76.15041282002167,76.15041282002167,76.15041282002167,30.335927497253238,69.97613842111286,76.15041282002167,48.63488016788557,63.540322513668,55.44907243121281,42.55614589273961,76.15041282002167,137.44715933452204,50.773850468326884,31.897649550839247,50.09352464192108,76.15041282002167,76.15041282002167,76.15041282002167,76.15041282002167,49.463126049335585,50.478027942273656,1.198180071830632e-308,76.15041282002167,69.65070647981261,76.15041282002167,67.97325283405695,66.44483075238199,51.5332965232854,76.15041282002167,76.15041282002167,76.15041282002167,51.99917212619016,73.29528701654624,76.15041282002167,76.15041282002167,76.15041282002167,53.95257476262114,43.85180068648056,32.162950284174485,59.401009805517475,40.32566527683079,76.15041282002167,43.321476696278864,76.15041282002167,76.15041282002167,76.15041282002167,76.15041282002167,78.34154486216454,67.97325283405695,81.23379777050607,61.573986581151246,99.24382307159385,28.846414847236815,76.15041282002167,60.83521042920027,76.15041282002167,76.15041282002167
topology_ad_carcinoma_7_clean_tumorales.csv,inf,4.197889520725852,102.41245623385748,84.32891340364176,56.20082100158825,4.197889520725852,4.197889520725852,38.06971538935393,4.197889520725852,68.9804299670405,69.97613842111284,4.197889520725852,57.91639103882288,125.48716488062436,43.181133281318424,52.87556268669607,15.122668166888843,137.44715933452204,87.09374930164844,90.30366269440563,73.82337966154398,35.415480611093614,4.197889520725852,43.49041440366024,41.1031168167208,74.1343391915228,52.35466740921211,76.15041282002167,2.032869245618613e-308,55.619093218870916,4.197889520725852,51.660862785866,53.43130674181231,126.63468841294358,4.197889520725852,7.501379863091074,15.732530856978642,62.85854876752464,54.93761841609937,4.197889520725852,4.197889520725852,4.197889520725852,61.938864104154504,98.43063475260158,78.39923878421925,66.09319816424818,84.3605400018796,4.197889520725852,74.47869159390311,4.197889520725852,4.197889520725852,4.197889520725852,4.197889520725852,134.87718474523348,87.87346627634776,81.23379777050607,53.2451718985041,129.46776628750206,92.35513956248926,4.197889520725852,77.73110182816282,4.197889520725852,68.29978260902737
topology_carcinoma_6_clean_tumorales.csv,inf,55.619093218870916,85.9968158878132,34.04590133960943,56.20082100158825,55.619093218870916,55.619093218870916,45.99765423019849,55.619093218870916,56.20693209851359,69.97613842111284,55.619093218870916,33.55765350447717,108.68120102905007,31.110320197907413,52.87556268669607,54.741533373945515,137.44715933452204,87.09374930164844,66.34420710263544,52.31908926565066,54.741533373945515,55.619093218870916,35.16175683823592,49.84882422310797,52.751597922594755,52.58954752519128,69.65070647981261,55.619093218870916,7.18003936475939e-309,55.619093218870916,38.21313637837025,30.44831971150205,121.18400300309801,55.619093218870916,55.619093218870916,55.619093218870916,57.98087445665806,34.10716387086313,55.619093218870916,55.619093218870916,55.619093218870916,18.563909146926733,78.29835823827676,59.52852978903374,48.279747725851166,72.50910505662134,55.619093218870916,44.091238235090714,55.619093218870916,55.619093218870916,55.619093218870916,55.619093218870916,112.78810241396076,52.34796383970282,81.23379777050607,34.00255772801043,129.46776628750206,87.61926924204371,55.619093218870916,77.73110182816282,55.619093218870916,28.869761293168466
topology_ad_carcinoma_14_clean_tumorales.csv,inf,0.0,102.41245623385748,84.32891340364176,56.20082100158825,0.0,0.0,38.06971538935393,0.0,68.9804299670405,69.97613842111284,0.0,57.91639103882288,125.48716488062436,43.181133281318424,52.87556268669607,15.122668166888843,137.44715933452204,87.09374930164844,90.30366269440563,73.82337966154398,35.415480611093614,0.0,43.49041440366024,41.1031168167208,74.1343391915228,52.35466740921211,76.15041282002167,4.197889520725852,55.619093218870916,0.0,51.660862785866,53.43130674181231,126.63468841294358,1.7036276558703705,7.501379863091074,15.732530856978642,62.85854876752464,54.93761841609937,0.0,0.0,0.0,61.938864104154504,98.43063475260158,78.39923878421925,66.09319816424818,84.3605400018796,0.0,74.47869159390311,0.0,0.0,2.4856024299833166,0.0,134.87718474523348,87.87346627634776,81.23379777050607,53.2451718985041,129.46776628750206,92.35513956248926,0.0,77.73110182816282,0.0,68.29978260902737
topology_dysplasia_19_clean_tumorales.csv,inf,51.660862785866,87.43678252988775,64.40990422161994,56.20082100158825,51.660862785866,51.660862785866,20.06519112385783,51.660862785866,66.96266314686821,69.97613842111284,51.660862785866,53.110487595529946,110.90181468218466,41.08648869948357,52.87556268669607,46.91688184402912,137.44715933452204,87.09374930164844,90.30366269440563,64.85479640055775,38.46885075129177,51.660862785866,27.092324410634163,27.568532796280593,60.91926628353238,52.35466740921211,67.97325283405695,51.660862785866,38.21313637837025,51.660862785866,1.0354579406880895e-308,48.94260067230513,112.4449348053964,51.660862785866,51.660862785866,51.660862785866,54.70654001498221,46.04479983326617,51.660862785866,51.660862785866,51.660862785866,47.27251965924842,98.43063475260158,78.39923878421925,63.2279784029007,64.82066089712384,51.660862785866,61.467158719909975,51.660862785866,51.660862785866,51.660862785866,51.660862785866,134.87718474523348,80.01542224526611,81.23379777050607,47.95688117708008,129.46776628750206,78.8802010443421,51.660862785866,77.73110182816282,51.660862785866,39.83471698481094
topology_carcinoma_3_clean_tumorales.csv,inf,53.43130674181231,65.20551552152571,36.773410498093284,56.20082100158825,53.43130674181231,53.43130674181231,52.697343299023146,53.43130674181231,41.18736284493809,69.97613842111284,53.43130674181231,25.33261150221506,79.60329435148736,30.200107496211814,45.92026180503862,53.43130674181231,137.44715933452204,87.09374930164844,65.06091147314717,40.37658581371667,53.43130674181231,53.43130674181231,46.569077046106685,51.075324291937676,29.3038774179781,50.478027942273656,66.44483075238199,53.43130674181231,30.44831971150205,53.43130674181231,48.94260067230513,2.1615758498324097e-308,90.73568329159596,53.43130674181231,53.43130674181231,53.43130674181231,54.68591843009585,37.791597151952075,53.43130674181231,53.43130674181231,53.43130674181231,30.20390737232779,71.4830451973263,59.98965643862081,33.16692711863868,42.060785345119285,53.43130674181231,30.615188096962214,53.43130674181231,53.43130674181231,53.43130674181231,53.43130674181231,109.47928277153105,52.8090904892899,81.23379777050607,23.633490541587065,129.46776628750206,57.17094953054166,53.43130674181231,77.73110182816282,53.43130674181231,46.569077046106685
