,dysplasia_FA_HN14_2_mac.csv,filtrado_dysplasia_FA_HN11A_1_mac.csv,stroma_ad_carcinoma_FA_HN14_5_mac.csv,stroma_ad_dysplasia_FA_HN11A_4_mac.csv,filtrado_filtrado_carcinoma_FA_HN15_2_mac.csv,filtrado_filtrado_stroma_ad_dysplasia_FA_HN15_5_mac.csv,filtrado_dysplasia_FA_HN11A_3_mac.csv,filtrado_filtrado_stroma_ad_carcinoma_FA_HN11A_2_mac.csv,stroma_ad_carcinoma_FA_HN14_2_mac.csv,dysplasia_FA_HN15_5_mac.csv,filtrado_dysplasia_FA_HN14_2_mac.csv,dysplasia_FA_HN11A_5_mac.csv,dysplasia_FA_HN15_2_mac.csv,filtrado_filtrado_stroma_ad_carcinoma_FA_HN15_2_mac.csv,filtrado_stroma_ad_dysplasia_FA_HN11A_5_mac.csv,filtrado_stroma_ad_carcinoma_FA_HN11A_1_mac.csv,filtrado_stroma_ad_carcinoma_FA_HN14_4_mac.csv,filtrado_stroma_ad_dysplasia_FA_HN14_2_mac.csv,filtrado_filtrado_stroma_ad_dysplasia_FA_HN15_4_mac.csv,dysplasia_FA_HN15_1_mac.csv,stroma_ad_carcinoma_FA_HN11A_2_mac.csv,carcinoma_FA_HN14_3_mac.csv,stroma_ad_dysplasia_FA_HN14_4_mac.csv,filtrado_stroma_ad_carcinoma_FA_HN15_4_mac.csv,carcinoma_FA_HN11A_3_mac.csv,stroma_ad_carcinoma_FA_HN15_2_mac.csv,carcinoma_FA_HN14_2_mac.csv,filtrado_dysplasia_FA_HN11A_5_mac.csv,filtrado_filtrado_dysplasia_FA_HN15_1_mac.csv,carcinoma_FA_HN14_4_mac.csv,filtrado_filtrado_stroma_ad_dysplasia_FA_HN11A_5_mac.csv,stroma_ad_carcinoma_FA_HN15_1_mac.csv,filtrado_filtrado_stroma_ad_carcinoma_FA_HN14_4_mac.csv,filtrado_filtrado_stroma_ad_dysplasia_FA_HN14_3_mac.csv,filtrado_stroma_ad_dysplasia_FA_HN14_3_mac.csv,filtrado_carcinoma_FA_HN11A_5_mac.csv,filtrado_dysplasia_FA_HN15_2_mac.csv,filtrado_stroma_ad_carcinoma_FA_HN11A_2_mac.csv,stroma_ad_dysplasia_FA_HN11A_1_mac.csv,filtrado_stroma_ad_dysplasia_FA_HN15_4_mac.csv,filtrado_filtrado_carcinoma_FA_HN14_3_mac.csv,filtrado_filtrado_dysplasia_FA_HN11A_5_mac.csv,filtrado_carcinoma_FA_HN14_4_mac.csv,filtrado_filtrado_stroma_ad_carcinoma_FA_HN15_1_mac.csv,filtrado_carcinoma_FA_HN11A_4_mac.csv,filtrado_stroma_ad_carcinoma_FA_HN15_1_mac.csv,filtrado_filtrado_carcinoma_FA_HN11A_3_mac.csv,filtrado_carcinoma_FA_HN14_2_mac.csv,carcinoma_FA_HN14_1_mac.csv,filtrado_stroma_ad_dysplasia_FA_HN11A_4_mac.csv,dysplasia_FA_HN11A_2_mac.csv,stroma_ad_dysplasia_FA_HN15_3_mac.csv,filtrado_filtrado_carcinoma_FA_HN11A_1_mac.csv,filtrado_stroma_ad_carcinoma_FA_HN15_3_mac.csv,stroma_ad_carcinoma_FA_HN14_1_mac.csv,filtrado_filtrado_stroma_ad_dysplasia_FA_HN11A_3_mac.csv,stroma_ad_carcinoma_FA_HN11A_1_mac.csv,stroma_ad_dysplasia_FA_HN15_4_mac.csv,filtrado_filtrado_stroma_ad_dysplasia_FA_HN11A_4_mac.csv,carcinoma_FA_HN11A_4_mac.csv,filtrado_filtrado_stroma_ad_dysplasia_FA_HN14_1_mac.csv,stroma_ad_dysplasia_FA_HN11A_2_mac.csv,filtrado_stroma_ad_dysplasia_FA_HN15_3_mac.csv,filtrado_stroma_ad_dysplasia_FA_HN15_2_mac.csv,stroma_ad_carcinoma_FA_HN14_4_mac.csv,filtrado_carcinoma_FA_HN15_2_mac.csv,filtrado_carcinoma_FA_HN14_1_mac.csv,filtrado_filtrado_dysplasia_FA_HN15_5_mac.csv,filtrado_filtrado_stroma_ad_carcinoma_FA_HN15_3_mac.csv,filtrado_dysplasia_FA_HN15_3_mac.csv,filtrado_filtrado_stroma_ad_carcinoma_FA_HN14_1_mac.csv,filtrado_filtrado_carcinoma_FA_HN11A_4_mac.csv,filtrado_filtrado_stroma_ad_dysplasia_FA_HN15_3_mac.csv,dysplasia_FA_HN14_1_mac.csv,filtrado_filtrado_stroma_ad_carcinoma_FA_HN11A_1_mac.csv,filtrado_stroma_ad_dysplasia_FA_HN14_1_mac.csv,filtrado_filtrado_dysplasia_FA_HN15_3_mac.csv,filtrado_stroma_ad_dysplasia_FA_HN15_5_mac.csv,filtrado_carcinoma_FA_HN11A_1_mac.csv,filtrado_dysplasia_FA_HN15_5_mac.csv,filtrado_filtrado_carcinoma_FA_HN14_4_mac.csv,stroma_ad_carcinoma_FA_HN15_3_mac.csv,filtrado_dysplasia_FA_HN14_1_mac.csv,filtrado_carcinoma_FA_HN11A_3_mac.csv,stroma_ad_dysplasia_FA_HN15_1_mac.csv,filtrado_filtrado_stroma_ad_dysplasia_FA_HN15_2_mac.csv,filtrado_filtrado_stroma_ad_dysplasia_FA_HN14_2_mac.csv,filtrado_filtrado_filtrado_stroma_ad_dysplasia_FA_HN14_2_mac.csv,filtrado_filtrado_dysplasia_FA_HN11A_1_mac.csv,stroma_ad_dysplasia_FA_HN14_1_mac.csv,dysplasia_FA_HN11A_3_mac.csv,filtrado_stroma_ad_dysplasia_FA_HN11A_3_mac.csv,filtrado_filtrado_dysplasia_FA_HN11A_4_mac.csv,filtrado_stroma_ad_carcinoma_FA_HN14_2_mac.csv,filtrado_filtrado_carcinoma_FA_HN14_1_mac.csv,filtrado_filtrado_carcinoma_FA_HN11A_2_mac.csv,filtrado_filtrado_dysplasia_FA_HN11A_3_mac.csv,filtrado_filtrado_stroma_ad_carcinoma_FA_HN14_5_mac.csv,filtrado_stroma_ad_dysplasia_FA_HN14_4_mac.csv,filtrado_filtrado_carcinoma_FA_HN15_1_mac.csv,dysplasia_FA_HN11A_4_mac.csv,stroma_ad_dysplasia_FA_HN11A_3_mac.csv,filtrado_carcinoma_FA_HN14_3_mac.csv,stroma_ad_dysplasia_FA_HN14_3_mac.csv,filtrado_stroma_ad_carcinoma_FA_HN14_1_mac.csv,filtrado_filtrado_dysplasia_FA_HN14_1_mac.csv,stroma_ad_carcinoma_FA_HN15_4_mac.csv,filtrado_filtrado_stroma_ad_carcinoma_FA_HN14_3_mac.csv,filtrado_stroma_ad_dysplasia_FA_HN11A_1_mac.csv,filtrado_dysplasia_FA_HN11A_2_mac.csv,filtrado_filtrado_carcinoma_FA_HN11A_5_mac.csv,stroma_ad_carcinoma_FA_HN14_3_mac.csv,stroma_ad_dysplasia_FA_HN15_2_mac.csv,stroma_ad_dysplasia_FA_HN15_5_mac.csv,filtrado_carcinoma_FA_HN15_1_mac.csv,filtrado_stroma_ad_carcinoma_FA_HN14_5_mac.csv,filtrado_filtrado_stroma_ad_dysplasia_FA_HN11A_1_mac.csv,filtrado_filtrado_dysplasia_FA_HN14_2_mac.csv,filtrado_dysplasia_FA_HN11A_4_mac.csv,carcinoma_FA_HN15_2_mac.csv,filtrado_filtrado_stroma_ad_carcinoma_FA_HN14_2_mac.csv,filtrado_dysplasia_FA_HN15_1_mac.csv,filtrado_filtrado_dysplasia_FA_HN11A_2_mac.csv,filtrado_stroma_ad_carcinoma_FA_HN15_2_mac.csv,dysplasia_FA_HN11A_1_mac.csv,filtrado_filtrado_stroma_ad_dysplasia_FA_HN11A_2_mac.csv,stroma_ad_dysplasia_FA_HN11A_5_mac.csv,carcinoma_FA_HN11A_2_mac.csv,filtrado_filtrado_stroma_ad_carcinoma_FA_HN15_4_mac.csv,dysplasia_FA_HN15_3_mac.csv,filtrado_filtrado_dysplasia_FA_HN15_2_mac.csv,filtrado_stroma_ad_dysplasia_FA_HN11A_2_mac.csv,carcinoma_FA_HN11A_1_mac.csv,filtrado_stroma_ad_carcinoma_FA_HN14_3_mac.csv,filtrado_filtrado_stroma_ad_dysplasia_FA_HN14_4_mac.csv,filtrado_stroma_ad_dysplasia_FA_HN15_1_mac.csv,filtrado_carcinoma_FA_HN11A_2_mac.csv,carcinoma_FA_HN11A_5_mac.csv,stroma_ad_dysplasia_FA_HN14_2_mac.csv,carcinoma_FA_HN15_1_mac.csv,filtrado_filtrado_carcinoma_FA_HN14_2_mac.csv,filtrado_filtrado_stroma_ad_dysplasia_FA_HN15_1_mac.csv
dysplasia_FA_HN14_2_mac.csv,8.53677870832008e-309,108.78646239497468,114.65743107612212,114.65743107612212,114.65743107612212,114.65743107612212,114.65743107612212,114.65743107612212,114.65743107612212,114.65743107612212,8.53677870832008e-309,63.60714970354758,109.71694862912722,114.65743107612212,114.65743107612212,114.65743107612212,114.65743107612212,113.43040651853704,114.65743107612212,114.65743107612212,114.65743107612212,56.60708800947519,112.64250509728765,114.65743107612212,98.4810312617218,114.65743107612212,80.59787923078298,63.60714970354758,114.65743107612212,80.50889609838944,114.65743107612212,114.65743107612212,114.65743107612212,53.819505299697596,53.819505299697596,99.56150902689888,109.71694862912722,114.65743107612212,114.65743107612212,114.65743107612212,56.60708800947519,63.60714970354758,80.50889609838944,114.65743107612212,114.65743107612212,114.65743107612212,98.4810312617218,80.59787923078298,97.46155340315161,114.65743107612212,114.65743107612212,75.96061052309071,93.40232075799506,98.24715271755255,114.65743107612212,114.65743107612212,114.65743107612212,114.65743107612212,114.65743107612212,114.65743107612212,114.65743107612212,114.65743107612212,75.96061052309071,114.65743107612212,114.65743107612212,114.65743107612212,97.46155340315161,114.65743107612212,98.24715271755255,61.00806850990861,114.65743107612212,114.65743107612212,75.96061052309071,86.82308438642806,114.65743107612212,114.65743107612212,61.00806850990861,114.65743107612212,93.40232075799506,114.65743107612212,80.50889609838944,98.24715271755255,86.82308438642806,98.4810312617218,114.65743107612212,114.65743107612212,113.43040651853704,113.43040651853704,108.78646239497468,114.65743107612212,114.65743107612212,114.65743107612212,64.6086248656438,114.65743107612212,97.46155340315161,80.02552505264518,114.65743107612212,114.65743107612212,112.64250509728765,114.65743107612212,64.6086248656438,114.65743107612212,56.60708800947519,53.819505299697596,114.65743107612212,86.82308438642806,114.65743107612212,114.65743107612212,114.65743107612212,114.65743107612212,99.56150902689888,114.65743107612212,114.65743107612212,114.65743107612212,114.65743107612212,114.65743107612212,114.65743107612212,8.53677870832008e-309,64.6086248656438,114.65743107612212,114.65743107612212,114.65743107612212,114.65743107612212,114.65743107612212,108.78646239497468,114.65743107612212,114.65743107612212,80.02552505264518,114.65743107612212,61.00806850990861,109.71694862912722,114.65743107612212,93.40232075799506,114.65743107612212,112.64250509728765,114.65743107612212,80.02552505264518,99.56150902689888,113.43040651853704,114.65743107612212,80.59787923078298,114.65743107612212
filtrado_dysplasia_FA_HN11A_1_mac.csv,108.78646239497468,7.22304409464789e-309,32.63913226018221,45.1763472927243,20.091287335162946,60.264199878634784,15.462657559505743,45.299710506300656,59.931527897331065,56.01438210180763,108.78646239497468,47.01091437038038,13.267766916499973,18.85761965367122,60.264199878634784,56.88187775304749,27.74972605802337,17.560057410630534,60.264199878634784,49.823749690429125,45.299710506300656,118.79236006894547,14.88359429703344,46.62590461738553,20.878226596767476,18.85761965367122,48.230740162079286,47.01091437038038,49.823749690429125,47.38956860608249,60.264199878634784,51.07360279542911,27.74972605802337,100.07777634996708,100.07777634996708,15.436231815869704,13.267766916499973,45.299710506300656,56.88187775304749,60.264199878634784,118.79236006894547,47.01091437038038,47.38956860608249,51.07360279542911,29.294622487966308,51.07360279542911,20.878226596767476,48.230740162079286,19.513272565998108,45.1763472927243,41.60073272319801,52.59699681108384,23.780132145598103,22.42023330004922,53.39506706841644,50.71467091891513,56.88187775304749,60.264199878634784,45.1763472927243,29.294622487966308,33.39855399868243,58.13292399179433,52.59699681108384,40.55952410855225,27.74972605802337,20.091287335162946,19.513272565998108,56.01438210180763,22.42023330004922,82.07237304857196,53.39506706841644,29.294622487966308,52.59699681108384,131.2869982270633,56.88187775304749,33.39855399868243,82.07237304857196,60.264199878634784,23.780132145598103,56.01438210180763,47.38956860608249,22.42023330004922,131.2869982270633,20.878226596767476,56.88187775304749,40.55952410855225,17.560057410630534,17.560057410630534,7.22304409464789e-309,33.39855399868243,15.462657559505743,50.71467091891513,44.17783752933089,59.931527897331065,19.513272565998108,28.760937342329512,15.462657559505743,32.63913226018221,14.88359429703344,23.3713801835124,44.17783752933089,50.71467091891513,118.79236006894547,100.07777634996708,53.39506706841644,131.2869982270633,46.62590461738553,59.48426718292829,56.88187775304749,41.60073272319801,15.436231815869704,59.48426718292829,40.55952410855225,60.264199878634784,23.3713801835124,32.63913226018221,56.88187775304749,108.78646239497468,44.17783752933089,20.091287335162946,59.931527897331065,49.823749690429125,41.60073272319801,18.85761965367122,7.22304409464789e-309,58.13292399179433,60.264199878634784,28.760937342329512,46.62590461738553,82.07237304857196,13.267766916499973,58.13292399179433,23.780132145598103,59.48426718292829,14.88359429703344,56.88187775304749,28.760937342329512,15.436231815869704,17.560057410630534,23.3713801835124,48.230740162079286,56.88187775304749
stroma_ad_carcinoma_FA_HN14_5_mac.csv,114.65743107612212,32.63913226018221,8.807986841831964e-309,12.537215032542093,26.323680189202207,37.51468241641271,17.950350080609724,15.05511903997484,27.292395637148857,25.452105571945346,114.65743107612212,77.81844495160931,31.974567025284202,29.070096913555957,39.420942333879324,35.465596914089204,13.683018162872472,27.99518813661986,34.5384619703855,19.342394873617604,15.05511903997484,119.66037991310753,28.783089557869246,25.605335028336974,42.944563393435104,29.070096913555957,60.82771542437392,77.81844495160931,19.342394873617604,60.91669855676746,39.420942333879324,18.434470535246902,13.683018162872472,110.30308805361832,110.30308805361832,41.864085628258024,31.974567025284202,15.05511903997484,26.445819126024702,34.5384619703855,119.66037991310753,77.81844495160931,60.91669855676746,18.434470535246902,11.2509871305467,18.434470535246902,42.944563393435104,60.82771542437392,43.96404125200529,12.537215032542093,14.88001450875359,65.71870660747138,48.02327389716184,43.17844193760435,22.443487798433324,20.999719311409173,35.465596914089204,34.5384619703855,12.537215032542093,11.2509871305467,10.202420130061338,25.521894577216187,65.71870660747138,12.183647020437611,13.683018162872472,26.323680189202207,43.96404125200529,25.452105571945346,43.17844193760435,94.56493665658752,22.443487798433324,11.2509871305467,65.71870660747138,131.2869982270633,35.465596914089204,10.202420130061338,94.56493665658752,37.51468241641271,48.02327389716184,25.452105571945346,60.91669855676746,43.17844193760435,131.2869982270633,42.944563393435104,35.40240120395106,12.183647020437611,27.99518813661986,27.99518813661986,32.63913226018221,10.202420130061338,17.950350080609724,20.999719311409173,76.81696978951308,27.292395637148857,43.96404125200529,61.40006960251172,17.950350080609724,8.807986841831964e-309,28.783089557869246,20.323079015470093,76.81696978951308,20.999719311409173,119.66037991310753,110.30308805361832,22.443487798433324,131.2869982270633,25.605335028336974,26.84513492274609,26.445819126024702,14.88001450875359,41.864085628258024,26.84513492274609,12.183647020437611,37.51468241641271,20.323079015470093,8.807986841831964e-309,26.445819126024702,114.65743107612212,76.81696978951308,26.323680189202207,27.292395637148857,19.342394873617604,14.88001450875359,29.070096913555957,32.63913226018221,25.521894577216187,39.420942333879324,61.40006960251172,25.605335028336974,94.56493665658752,31.974567025284202,25.521894577216187,48.02327389716184,26.84513492274609,28.783089557869246,35.40240120395106,61.40006960251172,41.864085628258024,27.99518813661986,20.323079015470093,60.82771542437392,35.40240120395106
stroma_ad_dysplasia_FA_HN11A_4_mac.csv,114.65743107612212,45.1763472927243,12.537215032542093,1.790687324971881e-308,38.8608952217443,35.377905742004884,29.71368973321856,13.140613674498958,19.20884918918555,18.63447907999342,114.65743107612212,82.85385622434833,44.24586105857176,29.348841070371044,32.83832264918861,27.346062309738763,26.220233195414565,40.53240316916195,28.12198401241949,13.317296080861697,13.140613674498958,119.66037991310753,41.32030459041134,17.485800423986525,55.4817784259772,29.348841070371044,73.364930456916,82.85385622434833,13.317296080861697,73.45391358930954,32.83832264918861,12.91472996200272,26.220233195414565,110.30308805361832,110.30308805361832,54.40130066080012,44.24586105857176,13.140613674498958,18.728557086557117,28.12198401241949,119.66037991310753,82.85385622434833,73.45391358930954,12.91472996200272,15.881724804757994,12.91472996200272,55.4817784259772,73.364930456916,56.50125628454738,1.790687324971881e-308,16.1607932735928,76.67712581457678,60.560488929703936,55.71565697014644,19.813670808883813,17.936715599641815,27.346062309738763,28.12198401241949,1.790687324971881e-308,15.881724804757994,21.01971526926964,17.804632537748603,76.67712581457678,17.1400339368638,26.220233195414565,38.8608952217443,56.50125628454738,18.63447907999342,55.71565697014644,94.56493665658752,19.813670808883813,15.881724804757994,76.67712581457678,131.2869982270633,27.346062309738763,21.01971526926964,94.56493665658752,35.377905742004884,60.560488929703936,18.63447907999342,73.45391358930954,55.71565697014644,131.2869982270633,55.4817784259772,27.45772454771872,17.1400339368638,40.53240316916195,40.53240316916195,45.1763472927243,21.01971526926964,29.71368973321856,17.936715599641815,82.35311864330023,19.20884918918555,56.50125628454738,73.9372846350538,29.71368973321856,12.537215032542093,41.32030459041134,29.358974631325566,82.35311864330023,17.936715599641815,119.66037991310753,110.30308805361832,19.813670808883813,131.2869982270633,17.485800423986525,16.07314893097017,18.728557086557117,16.1607932735928,54.40130066080012,16.07314893097017,17.1400339368638,35.377905742004884,29.358974631325566,12.537215032542093,18.728557086557117,114.65743107612212,82.35311864330023,38.8608952217443,19.20884918918555,13.317296080861697,16.1607932735928,29.348841070371044,45.1763472927243,17.804632537748603,32.83832264918861,73.9372846350538,17.485800423986525,94.56493665658752,44.24586105857176,17.804632537748603,60.560488929703936,16.07314893097017,41.32030459041134,27.45772454771872,73.9372846350538,54.40130066080012,40.53240316916195,29.358974631325566,73.364930456916,27.45772454771872
filtrado_filtrado_carcinoma_FA_HN15_2_mac.csv,114.65743107612212,20.091287335162946,26.323680189202207,38.8608952217443,1.932997070621308e-308,57.106473843144784,17.880666883392635,38.98425843532065,53.616075826351064,47.48582174611259,114.65743107612212,51.494764762407115,13.871120381278587,10.776836395191623,57.106473843144784,52.61759757519998,19.221165702328335,25.749343686682344,57.106473843144784,43.508297619449124,38.98425843532065,119.66037991310753,25.876904365470438,39.17662635494946,23.890465110667535,10.776836395191623,38.86077874786646,51.494764762407115,43.508297619449124,38.85299990114474,57.106473843144784,44.75815072444911,19.221165702328335,106.39322842094708,106.39322842094708,17.331047304799846,13.871120381278587,38.98425843532065,48.86883804031278,57.106473843144784,119.66037991310753,51.494764762407115,38.85299990114474,44.75815072444911,26.778710685968193,44.75815072444911,23.890465110667535,38.86077874786646,17.64036106280308,38.8608952217443,33.07217236750297,48.656409597280515,25.456763701383906,16.85476174840214,44.8665067127214,44.39921884793513,52.61759757519998,57.106473843144784,38.8608952217443,26.778710685968193,28.827064209582417,51.81747192081433,48.656409597280515,32.03096375285722,19.221165702328335,1.932997070621308e-308,17.64036106280308,47.48582174611259,16.85476174840214,78.13178583476864,44.8665067127214,26.778710685968193,48.656409597280515,131.2869982270633,52.61759757519998,28.827064209582417,78.13178583476864,57.106473843144784,25.456763701383906,47.48582174611259,38.85299990114474,16.85476174840214,131.2869982270633,23.890465110667535,52.61759757519998,32.03096375285722,25.749343686682344,25.749343686682344,20.091287335162946,28.827064209582417,17.880666883392635,44.39921884793513,50.49328960031089,53.616075826351064,17.64036106280308,35.07638941330951,17.880666883392635,26.323680189202207,25.876904365470438,14.842819827817365,50.49328960031089,44.39921884793513,119.66037991310753,106.39322842094708,44.8665067127214,131.2869982270633,39.17662635494946,53.16881511194829,48.86883804031278,33.07217236750297,17.331047304799846,53.16881511194829,32.03096375285722,57.106473843144784,14.842819827817365,26.323680189202207,48.86883804031278,114.65743107612212,50.49328960031089,1.932997070621308e-308,53.616075826351064,43.508297619449124,33.07217236750297,10.776836395191623,20.091287335162946,51.81747192081433,57.106473843144784,35.07638941330951,39.17662635494946,78.13178583476864,13.871120381278587,51.81747192081433,25.456763701383906,53.16881511194829,25.876904365470438,52.61759757519998,35.07638941330951,17.331047304799846,25.749343686682344,14.842819827817365,38.86077874786646,52.61759757519998
filtrado_filtrado_stroma_ad_dysplasia_FA_HN15_5_mac.csv,114.65743107612212,60.264199878634784,37.51468241641271,35.377905742004884,57.106473843144784,6.46020307686336e-309,50.381263158360795,27.48299451728368,19.632720590654813,20.05069061909328,114.65743107612212,82.85385622434833,59.798956761558514,51.65535070850008,7.130485241717942,30.27334353427775,46.33778198328298,57.94222781685361,10.374371459107389,23.864372391531536,27.48299451728368,119.66037991310753,58.3361785274783,26.32292103651553,65.41691544526122,51.65535070850008,74.35849146073065,82.85385622434833,23.864372391531536,74.40298302692742,7.130485241717942,29.029333060577294,46.33778198328298,110.30308805361832,110.30308805361832,64.87667656267269,59.798956761558514,27.48299451728368,21.10658101116895,10.374371459107389,119.66037991310753,82.85385622434833,74.40298302692742,29.029333060577294,39.94459305762358,29.029333060577294,65.41691544526122,74.35849146073065,65.92665437454632,35.377905742004884,36.278342061461224,76.67712581457677,67.9562706971246,65.53385471734585,20.323833317044937,19.712747732365607,30.27334353427775,10.374371459107389,35.377905742004884,39.94459305762358,41.137264057138054,22.47256664569269,76.67712581457677,37.25758272473222,46.33778198328298,57.106473843144784,65.92665437454632,20.05069061909328,65.53385471734585,94.5649366565875,20.323833317044937,39.94459305762358,76.67712581457677,131.2869982270633,30.27334353427775,41.137264057138054,94.5649366565875,6.46020307686336e-309,67.9562706971246,20.05069061909328,74.40298302692742,65.53385471734585,131.2869982270633,65.41691544526122,12.995539896394112,37.25758272473222,57.94222781685361,57.94222781685361,60.264199878634784,41.137264057138054,50.381263158360795,19.712747732365607,82.35311864330022,19.632720590654813,65.92665437454632,74.64466854979953,50.381263158360795,37.51468241641271,58.3361785274783,49.47652341919398,82.35311864330022,19.712747732365607,119.66037991310753,110.30308805361832,20.323833317044937,131.2869982270633,26.32292103651553,23.233733155252295,21.10658101116895,36.278342061461224,64.87667656267269,23.233733155252295,37.25758272473222,6.46020307686336e-309,49.47652341919398,37.51468241641271,21.10658101116895,114.65743107612212,82.35311864330022,57.106473843144784,19.632720590654813,23.864372391531536,36.278342061461224,51.65535070850008,60.264199878634784,22.47256664569269,7.130485241717942,74.64466854979953,26.32292103651553,94.5649366565875,59.798956761558514,22.47256664569269,67.9562706971246,23.233733155252295,58.3361785274783,12.995539896394112,74.64466854979953,64.87667656267269,57.94222781685361,49.47652341919398,74.35849146073065,12.995539896394112
filtrado_dysplasia_FA_HN11A_3_mac.csv,114.65743107612212,15.462657559505743,17.950350080609724,29.71368973321856,17.880666883392635,50.381263158360795,1.0560952199248016e-308,29.837052946794913,44.87646130926285,43.013152912434236,114.65743107612212,60.64197025093286,14.532171325353204,23.445935266949103,52.53287109888191,48.20293825713388,14.74849686864998,16.46953442247737,50.3812631583608,34.36109213092338,29.837052946794913,119.66037991310753,14.912317619835454,39.8485325211731,25.76808869275864,23.445935266949103,54.20736513921554,60.64197025093286,34.36109213092338,49.49409754191595,52.53287109888191,35.61094523592337,14.74849686864998,110.30308805361832,110.30308805361832,24.98742920762838,14.532171325353204,29.837052946794913,44.396169206634426,50.3812631583608,119.66037991310753,60.64197025093286,49.49409754191595,35.61094523592337,19.199751413080293,35.61094523592337,25.76808869275864,54.20736513921554,26.787566551328823,29.71368973321856,29.12321200158972,60.25776409563316,30.846799196485378,26.001967236927882,40.39383787904305,35.25201335940939,48.20293825713388,50.3812631583608,29.71368973321856,19.199751413080293,20.39732480930904,43.47224465782591,60.25776409563316,27.55829491917886,14.74849686864998,17.880666883392635,26.787566551328823,43.013152912434236,26.001967236927882,84.35255370445535,40.39383787904305,19.199751413080293,60.25776409563316,131.2869982270633,48.20293825713388,20.39732480930904,84.35255370445535,50.381263158360795,30.846799196485378,43.013152912434236,49.49409754191595,26.001967236927882,131.2869982270633,25.76808869275864,50.3812631583608,27.55829491917886,16.46953442247737,16.46953442247737,15.462657559505743,20.39732480930904,1.0560952199248016e-308,35.25201335940939,59.64049508883663,44.87646130926285,26.787566551328823,44.223594901835256,1.0560952199248016e-308,17.950350080609724,14.912317619835454,11.51104438669226,59.64049508883663,35.25201335940939,119.66037991310753,110.30308805361832,40.39383787904305,131.2869982270633,39.8485325211731,44.02160962342255,44.396169206634426,29.12321200158972,24.98742920762838,44.02160962342255,27.55829491917886,50.381263158360795,11.51104438669226,17.950350080609724,44.396169206634426,114.65743107612212,59.64049508883663,17.880666883392635,44.87646130926285,34.36109213092338,29.12321200158972,23.445935266949103,15.462657559505743,43.47224465782591,52.53287109888191,44.223594901835256,39.8485325211731,84.35255370445535,14.532171325353204,43.47224465782591,30.846799196485378,44.02160962342255,14.912317619835454,50.3812631583608,44.223594901835256,24.98742920762838,16.46953442247737,11.51104438669226,54.20736513921554,50.3812631583608
filtrado_filtrado_stroma_ad_carcinoma_FA_HN11A_2_mac.csv,114.65743107612212,45.299710506300656,15.05511903997484,13.140613674498958,38.98425843532065,27.48299451728368,29.837052946794913,6.19848376633258e-309,18.99595310093861,17.132644704109996,114.65743107612212,82.85385622434833,44.36922427214811,37.027273643761134,31.49078420616481,22.322430048809643,26.34359640899092,40.65576638273831,26.608303842670974,9.491649115923504,6.19848376633258e-309,119.66037991310753,41.44366780398769,10.814614840437876,55.60514163955355,37.027273643761134,73.48829367049237,82.85385622434833,9.491649115923504,73.5772768028859,31.49078420616481,11.84442666945234,26.34359640899092,110.30308805361832,110.30308805361832,54.52466387437647,44.36922427214811,6.19848376633258e-309,18.51566099831018,26.608303842670974,119.66037991310753,82.85385622434833,73.5772768028859,11.84442666945234,16.005088018334348,11.84442666945234,55.60514163955355,73.48829367049237,56.624619498123735,13.140613674498958,16.284156487169156,76.67712581457678,60.68385214328029,55.839020183722795,14.513329670718802,11.978986797788735,22.322430048809643,26.608303842670974,13.140613674498958,16.005088018334348,21.143078482845993,17.591736449501667,76.67712581457678,20.542097357723094,26.34359640899092,38.98425843532065,56.624619498123735,17.132644704109996,55.839020183722795,94.56493665658752,14.513329670718802,16.005088018334348,76.67712581457678,131.2869982270633,22.322430048809643,21.143078482845993,94.56493665658752,27.48299451728368,60.68385214328029,17.132644704109996,73.5772768028859,55.839020183722795,131.2869982270633,55.60514163955355,27.244828459471783,20.542097357723094,40.65576638273831,40.65576638273831,45.299710506300656,21.143078482845993,29.837052946794913,11.978986797788735,82.35311864330022,18.99595310093861,56.624619498123735,74.06064784863017,29.837052946794913,15.05511903997484,41.44366780398769,29.48233784490192,82.35311864330022,11.978986797788735,119.66037991310753,110.30308805361832,14.513329670718802,131.2869982270633,10.814614840437876,15.860252842723234,18.51566099831018,16.284156487169156,54.52466387437647,15.860252842723234,20.542097357723094,27.48299451728368,29.48233784490192,15.05511903997484,18.51566099831018,114.65743107612212,82.35311864330022,38.98425843532065,18.99595310093861,9.491649115923504,16.284156487169156,37.027273643761134,45.299710506300656,17.591736449501667,31.49078420616481,74.06064784863017,10.814614840437876,94.56493665658752,44.36922427214811,17.591736449501667,60.68385214328029,15.860252842723234,41.44366780398769,27.244828459471783,74.06064784863017,54.52466387437647,40.65576638273831,29.48233784490192,73.48829367049237,27.244828459471783
stroma_ad_carcinoma_FA_HN14_2_mac.csv,114.65743107612212,59.931527897331065,27.292395637148857,19.20884918918555,53.616075826351064,19.632720590654813,44.87646130926285,18.99595310093861,6.81948626129058e-309,11.180099711126122,114.65743107612212,82.85385622434833,59.001041663178526,47.42463640954141,14.440845409140053,24.910975351016088,40.97541380002133,55.287583773768716,10.669854576684735,13.783801887625366,18.99595310093861,119.66037991310753,56.0754851950181,20.96055285325387,65.41691544526122,47.42463640954141,74.35849146073065,82.85385622434833,13.783801887625366,74.40298302692742,14.440845409140053,16.922398995429184,40.97541380002133,110.30308805361832,110.30308805361832,64.87667656267269,59.001041663178526,18.99595310093861,15.74421282790729,10.669854576684735,119.66037991310753,82.85385622434833,74.40298302692742,16.922398995429184,32.75571398513125,16.922398995429184,65.41691544526122,74.35849146073065,65.92665437454633,19.20884918918555,30.915973878199566,76.67712581457678,67.95627069712461,65.53385471734586,14.961465133783278,12.52386865987328,24.910975351016088,10.669854576684735,19.20884918918555,32.75571398513125,35.7748958738764,7.453538437135467,76.67712581457678,31.895214541470565,40.97541380002133,53.616075826351064,65.92665437454633,11.180099711126122,65.53385471734586,94.56493665658752,14.961465133783278,32.75571398513125,76.67712581457678,131.2869982270633,24.910975351016088,35.7748958738764,94.56493665658752,19.632720590654813,67.95627069712461,11.180099711126122,74.40298302692742,65.53385471734586,131.2869982270633,65.41691544526122,9.409596223932219,31.895214541470565,55.287583773768716,55.287583773768716,59.931527897331065,35.7748958738764,44.87646130926285,12.52386865987328,82.35311864330023,6.81948626129058e-309,65.92665437454633,74.64466854979955,44.87646130926285,27.292395637148857,56.0754851950181,44.11415523593233,82.35311864330023,12.52386865987328,119.66037991310753,110.30308805361832,14.961465133783278,131.2869982270633,20.96055285325387,9.115163280844385,15.74421282790729,30.915973878199566,64.87667656267269,9.115163280844385,31.895214541470565,19.632720590654813,44.11415523593233,27.292395637148857,15.74421282790729,114.65743107612212,82.35311864330023,53.616075826351064,6.81948626129058e-309,13.783801887625366,30.915973878199566,47.42463640954141,59.931527897331065,7.453538437135467,14.440845409140053,74.64466854979955,20.96055285325387,94.56493665658752,59.001041663178526,7.453538437135467,67.95627069712461,9.115163280844385,56.0754851950181,9.409596223932219,74.64466854979955,64.87667656267269,55.287583773768716,44.11415523593233,74.35849146073065,9.409596223932219
dysplasia_FA_HN15_5_mac.csv,114.65743107612212,56.01438210180763,25.452105571945346,18.63447907999342,47.48582174611259,20.05069061909328,43.013152912434236,17.132644704109996,11.180099711126122,6.742128302966457e-309,114.65743107612212,82.85385622434833,57.037369857108715,45.56132801271279,18.8398621279311,17.58871708470306,33.65315553370829,47.96532550745569,12.938564332700032,11.92049349079675,17.132644704109996,119.66037991310753,48.753226928705075,13.638294586940845,62.914700764270926,45.56132801271279,74.35849146073065,82.85385622434833,11.92049349079675,74.40298302692742,18.8398621279311,10.603656303468249,33.65315553370829,110.30308805361832,110.30308805361832,61.834222999093846,57.037369857108715,17.132644704109996,9.4515707044253,12.938564332700032,119.66037991310753,82.85385622434833,74.40298302692742,10.603656303468249,30.892405588302644,10.603656303468249,62.914700764270926,74.35849146073065,63.93417862284112,18.63447907999342,23.593715611886537,76.67712581457677,67.9562706971246,63.148579308440176,10.788354236291571,11.050213793396217,17.58871708470306,12.938564332700032,18.63447907999342,30.892405588302644,28.452637607563375,9.895650163921651,76.67712581457677,24.572956275157537,33.65315553370829,47.48582174611259,63.93417862284112,6.742128302966457e-309,63.148579308440176,94.56493665658752,10.788354236291571,30.892405588302644,76.67712581457677,131.2869982270633,17.58871708470306,28.452637607563375,94.56493665658752,20.05069061909328,67.9562706971246,6.742128302966457e-309,74.40298302692742,63.148579308440176,131.2869982270633,62.914700764270926,10.112183755361784,24.572956275157537,47.96532550745569,47.96532550745569,56.01438210180763,28.452637607563375,43.013152912434236,11.050213793396217,82.35311864330022,11.180099711126122,63.93417862284112,74.64466854979953,43.013152912434236,25.452105571945346,48.753226928705075,36.7918969696193,82.35311864330022,11.050213793396217,119.66037991310753,110.30308805361832,10.788354236291571,131.2869982270633,13.638294586940845,11.031105243141416,9.4515707044253,23.593715611886537,61.834222999093846,11.031105243141416,24.572956275157537,20.05069061909328,36.7918969696193,25.452105571945346,9.4515707044253,114.65743107612212,82.35311864330022,47.48582174611259,11.180099711126122,11.92049349079675,23.593715611886537,45.56132801271279,56.01438210180763,9.895650163921651,18.8398621279311,74.64466854979953,13.638294586940845,94.56493665658752,57.037369857108715,9.895650163921651,67.9562706971246,11.031105243141416,48.753226928705075,10.112183755361784,74.64466854979953,61.834222999093846,47.96532550745569,36.7918969696193,74.35849146073065,10.112183755361784
filtrado_dysplasia_FA_HN14_2_mac.csv,8.53677870832008e-309,108.78646239497468,114.65743107612212,114.65743107612212,114.65743107612212,114.65743107612212,114.65743107612212,114.65743107612212,114.65743107612212,114.65743107612212,8.53677870832008e-309,63.60714970354758,109.71694862912722,114.65743107612212,114.65743107612212,114.65743107612212,114.65743107612212,113.43040651853704,114.65743107612212,114.65743107612212,114.65743107612212,56.60708800947519,112.64250509728765,114.65743107612212,98.4810312617218,114.65743107612212,80.59787923078298,63.60714970354758,114.65743107612212,80.50889609838944,114.65743107612212,114.65743107612212,114.65743107612212,53.819505299697596,53.819505299697596,99.56150902689888,109.71694862912722,114.65743107612212,114.65743107612212,114.65743107612212,56.60708800947519,63.60714970354758,80.50889609838944,114.65743107612212,114.65743107612212,114.65743107612212,98.4810312617218,80.59787923078298,97.46155340315161,114.65743107612212,114.65743107612212,75.96061052309071,93.40232075799506,98.24715271755255,114.65743107612212,114.65743107612212,114.65743107612212,114.65743107612212,114.65743107612212,114.65743107612212,114.65743107612212,114.65743107612212,75.96061052309071,114.65743107612212,114.65743107612212,114.65743107612212,97.46155340315161,114.65743107612212,98.24715271755255,61.00806850990861,114.65743107612212,114.65743107612212,75.96061052309071,86.82308438642806,114.65743107612212,114.65743107612212,61.00806850990861,114.65743107612212,93.40232075799506,114.65743107612212,80.50889609838944,98.24715271755255,86.82308438642806,98.4810312617218,114.65743107612212,114.65743107612212,113.43040651853704,113.43040651853704,108.78646239497468,114.65743107612212,114.65743107612212,114.65743107612212,64.6086248656438,114.65743107612212,97.46155340315161,80.02552505264518,114.65743107612212,114.65743107612212,112.64250509728765,114.65743107612212,64.6086248656438,114.65743107612212,56.60708800947519,53.819505299697596,114.65743107612212,86.82308438642806,114.65743107612212,114.65743107612212,114.65743107612212,114.65743107612212,99.56150902689888,114.65743107612212,114.65743107612212,114.65743107612212,114.65743107612212,114.65743107612212,114.65743107612212,8.53677870832008e-309,64.6086248656438,114.65743107612212,114.65743107612212,114.65743107612212,114.65743107612212,114.65743107612212,108.78646239497468,114.65743107612212,114.65743107612212,80.02552505264518,114.65743107612212,61.00806850990861,109.71694862912722,114.65743107612212,93.40232075799506,114.65743107612212,112.64250509728765,114.65743107612212,80.02552505264518,99.56150902689888,113.43040651853704,114.65743107612212,80.59787923078298,114.65743107612212
dysplasia_FA_HN11A_5_mac.csv,63.60714970354758,47.01091437038038,77.81844495160931,82.85385622434833,51.494764762407115,82.85385622434833,60.64197025093286,82.85385622434833,82.85385622434833,82.85385622434833,63.60714970354758,1.2845004875081413e-308,46.10979892557965,62.27160115759874,82.85385622434833,80.19986523774209,64.13542678873685,49.82325681498946,82.85385622434833,82.85385622434833,82.85385622434833,73.61304737751837,49.035355393740076,82.85385622434833,55.06619378497726,62.27160115759874,40.01645887246809,1.2845004875081413e-308,82.85385622434833,29.308466312441936,82.85385622434833,82.85385622434833,64.13542678873685,54.89846365853998,54.89846365853998,36.33277245665927,46.10979892557965,82.85385622434833,82.85385622434833,82.85385622434833,73.61304737751837,1.2845004875081413e-308,29.308466312441936,82.85385622434833,74.47393517939342,82.85385622434833,55.06619378497726,40.01645887246809,33.854403699604035,82.85385622434833,74.19486671055861,22.462179803663588,55.22564033884727,43.33342559564788,82.85385622434833,82.85385622434833,80.19986523774209,82.85385622434833,82.85385622434833,74.47393517939342,69.33594471488178,82.85385622434833,22.462179803663588,73.2156260472876,64.13542678873685,51.494764762407115,33.854403699604035,82.85385622434833,43.33342559564788,50.843914963520206,82.85385622434833,74.47393517939342,22.462179803663588,96.86628400542995,80.19986523774209,69.33594471488178,50.843914963520206,82.85385622434833,55.22564033884727,82.85385622434833,29.308466312441936,43.33342559564788,96.86628400542995,55.06619378497726,82.85385622434833,73.2156260472876,49.82325681498946,49.82325681498946,47.01091437038038,69.33594471488178,60.64197025093286,82.85385622434833,26.233918884967494,82.85385622434833,33.854403699604035,35.09174205389738,60.64197025093286,77.81844495160931,49.035355393740076,60.99668535282585,26.233918884967494,82.85385622434833,73.61304737751837,54.89846365853998,82.85385622434833,96.86628400542995,82.85385622434833,82.85385622434833,82.85385622434833,74.19486671055861,36.33277245665927,82.85385622434833,73.2156260472876,82.85385622434833,60.99668535282585,77.81844495160931,82.85385622434833,63.60714970354758,26.233918884967494,51.494764762407115,82.85385622434833,82.85385622434833,74.19486671055861,62.27160115759874,47.01091437038038,82.85385622434833,82.85385622434833,35.09174205389738,82.85385622434833,50.843914963520206,46.10979892557965,82.85385622434833,55.22564033884727,82.85385622434833,49.035355393740076,82.85385622434833,35.09174205389738,36.33277245665927,49.82325681498946,60.99668535282585,40.01645887246809,82.85385622434833
