,carcinoma_FA_HN14_3_tumorales.csv,filtrado_filtrado_carcinoma_FA_HN11A_5_tumorales.csv,filtrado_stroma_ad_carcinoma_FA_HN15_2_tumorales.csv,filtrado_stroma_ad_dysplasia_FA_HN15_1_tumorales.csv,filtrado_filtrado_carcinoma_FA_HN14_4_tumorales.csv,filtrado_filtrado_carcinoma_FA_HN11A_2_tumorales.csv,carcinoma_FA_HN15_1_tumorales.csv,filtrado_filtrado_carcinoma_FA_HN15_2_tumorales.csv,carcinoma_FA_HN11A_5_tumorales.csv,filtrado_filtrado_stroma_ad_carcinoma_FA_HN14_1_tumorales.csv,filtrado_carcinoma_FA_HN15_2_tumorales.csv,filtrado_filtrado_stroma_ad_carcinoma_FA_HN11A_2_tumorales.csv,stroma_ad_dysplasia_FA_HN14_3_tumorales.csv,filtrado_stroma_ad_carcinoma_FA_HN15_4_tumorales.csv,filtrado_stroma_ad_carcinoma_FA_HN11A_1_tumorales.csv,filtrado_carcinoma_FA_HN14_3_tumorales.csv,filtrado_carcinoma_FA_HN14_4_tumorales.csv,filtrado_filtrado_stroma_ad_dysplasia_FA_HN11A_1_tumorales.csv,stroma_ad_dysplasia_FA_HN14_4_tumorales.csv,filtrado_filtrado_dysplasia_FA_HN14_1_tumorales.csv,filtrado_filtrado_filtrado_stroma_ad_dysplasia_FA_HN14_2_tumorales.csv,filtrado_stroma_ad_dysplasia_FA_HN11A_5_tumorales.csv,stroma_ad_dysplasia_FA_HN15_1_tumorales.csv,carcinoma_FA_HN11A_2_tumorales.csv,dysplasia_FA_HN15_1_tumorales.csv,filtrado_filtrado_stroma_ad_carcinoma_FA_HN14_4_tumorales.csv,filtrado_dysplasia_FA_HN15_2_tumorales.csv,carcinoma_FA_HN14_2_tumorales.csv,filtrado_filtrado_dysplasia_FA_HN15_2_tumorales.csv,filtrado_stroma_ad_dysplasia_FA_HN14_3_tumorales.csv,carcinoma_FA_HN11A_4_tumorales.csv,filtrado_dysplasia_FA_HN15_1_tumorales.csv,filtrado_filtrado_dysplasia_FA_HN11A_3_tumorales.csv,dysplasia_FA_HN15_3_tumorales.csv,filtrado_filtrado_dysplasia_FA_HN11A_5_tumorales.csv,filtrado_carcinoma_FA_HN11A_1_tumorales.csv,filtrado_filtrado_stroma_ad_dysplasia_FA_HN11A_3_tumorales.csv,filtrado_filtrado_dysplasia_FA_HN11A_2_tumorales.csv,filtrado_filtrado_stroma_ad_dysplasia_FA_HN15_2_tumorales.csv,filtrado_filtrado_stroma_ad_dysplasia_FA_HN15_1_tumorales.csv,filtrado_filtrado_stroma_ad_carcinoma_FA_HN11A_1_tumorales.csv,stroma_ad_dysplasia_FA_HN11A_1_tumorales.csv,filtrado_filtrado_stroma_ad_dysplasia_FA_HN14_2_tumorales.csv,stroma_ad_carcinoma_FA_HN15_3_tumorales.csv,filtrado_stroma_ad_carcinoma_FA_HN14_3_tumorales.csv,dysplasia_FA_HN11A_5_tumorales.csv,stroma_ad_dysplasia_FA_HN14_1_tumorales.csv,filtrado_dysplasia_FA_HN11A_4_tumorales.csv,filtrado_filtrado_stroma_ad_dysplasia_FA_HN14_3_tumorales.csv,stroma_ad_dysplasia_FA_HN11A_2_tumorales.csv,carcinoma_FA_HN14_1_tumorales.csv,filtrado_filtrado_stroma_ad_carcinoma_FA_HN14_3_tumorales.csv,stroma_ad_carcinoma_FA_HN11A_1_tumorales.csv,stroma_ad_dysplasia_FA_HN11A_5_tumorales.csv,filtrado_filtrado_dysplasia_FA_HN15_5_tumorales.csv,filtrado_stroma_ad_carcinoma_FA_HN15_1_tumorales.csv,filtrado_filtrado_stroma_ad_dysplasia_FA_HN14_4_tumorales.csv,filtrado_dysplasia_FA_HN14_2_tumorales.csv,filtrado_filtrado_carcinoma_FA_HN14_3_tumorales.csv,carcinoma_FA_HN15_2_tumorales.csv,dysplasia_FA_HN15_5_tumorales.csv,filtrado_filtrado_stroma_ad_dysplasia_FA_HN11A_4_tumorales.csv,carcinoma_FA_HN14_4_tumorales.csv,filtrado_dysplasia_FA_HN11A_5_tumorales.csv,stroma_ad_carcinoma_FA_HN14_4_tumorales.csv,stroma_ad_carcinoma_FA_HN11A_2_tumorales.csv,filtrado_carcinoma_FA_HN15_1_tumorales.csv,filtrado_carcinoma_FA_HN11A_3_tumorales.csv,filtrado_carcinoma_FA_HN11A_5_tumorales.csv,filtrado_filtrado_carcinoma_FA_HN14_2_tumorales.csv,stroma_ad_carcinoma_FA_HN15_1_tumorales.csv,filtrado_stroma_ad_carcinoma_FA_HN14_2_tumorales.csv,filtrado_stroma_ad_dysplasia_FA_HN11A_3_tumorales.csv,filtrado_filtrado_dysplasia_FA_HN15_1_tumorales.csv,stroma_ad_carcinoma_FA_HN15_4_tumorales.csv,filtrado_carcinoma_FA_HN14_1_tumorales.csv,stroma_ad_dysplasia_FA_HN15_2_tumorales.csv,filtrado_filtrado_dysplasia_FA_HN11A_4_tumorales.csv,dysplasia_FA_HN11A_1_tumorales.csv,filtrado_stroma_ad_dysplasia_FA_HN14_4_tumorales.csv,filtrado_stroma_ad_carcinoma_FA_HN14_5_tumorales.csv,stroma_ad_carcinoma_FA_HN15_2_tumorales.csv,filtrado_stroma_ad_dysplasia_FA_HN11A_1_tumorales.csv,filtrado_stroma_ad_dysplasia_FA_HN15_3_tumorales.csv,dysplasia_FA_HN14_1_tumorales.csv,filtrado_carcinoma_FA_HN14_2_tumorales.csv,filtrado_filtrado_stroma_ad_carcinoma_FA_HN15_2_tumorales.csv,filtrado_filtrado_carcinoma_FA_HN14_1_tumorales.csv,filtrado_filtrado_stroma_ad_carcinoma_FA_HN15_3_tumorales.csv,filtrado_stroma_ad_carcinoma_FA_HN14_1_tumorales.csv,filtrado_filtrado_stroma_ad_dysplasia_FA_HN11A_5_tumorales.csv,filtrado_stroma_ad_dysplasia_FA_HN11A_2_tumorales.csv,filtrado_filtrado_stroma_ad_carcinoma_FA_HN15_1_tumorales.csv,stroma_ad_carcinoma_FA_HN14_2_tumorales.csv,filtrado_filtrado_stroma_ad_carcinoma_FA_HN14_2_tumorales.csv,carcinoma_FA_HN11A_1_tumorales.csv,filtrado_dysplasia_FA_HN11A_1_tumorales.csv,filtrado_stroma_ad_carcinoma_FA_HN15_3_tumorales.csv,filtrado_dysplasia_FA_HN11A_3_tumorales.csv,filtrado_filtrado_stroma_ad_dysplasia_FA_HN15_3_tumorales.csv,filtrado_filtrado_carcinoma_FA_HN11A_4_tumorales.csv,dysplasia_FA_HN14_2_tumorales.csv,filtrado_filtrado_carcinoma_FA_HN11A_1_tumorales.csv,filtrado_stroma_ad_dysplasia_FA_HN11A_4_tumorales.csv,filtrado_dysplasia_FA_HN15_3_tumorales.csv,stroma_ad_carcinoma_FA_HN14_5_tumorales.csv,filtrado_filtrado_stroma_ad_carcinoma_FA_HN15_4_tumorales.csv,stroma_ad_dysplasia_FA_HN11A_4_tumorales.csv,filtrado_filtrado_carcinoma_FA_HN15_1_tumorales.csv,stroma_ad_carcinoma_FA_HN14_3_tumorales.csv,carcinoma_FA_HN11A_3_tumorales.csv,filtrado_stroma_ad_carcinoma_FA_HN14_4_tumorales.csv,dysplasia_FA_HN15_2_tumorales.csv,filtrado_stroma_ad_dysplasia_FA_HN14_2_tumorales.csv,filtrado_stroma_ad_carcinoma_FA_HN11A_2_tumorales.csv,filtrado_filtrado_carcinoma_FA_HN11A_3_tumorales.csv,filtrado_filtrado_stroma_ad_dysplasia_FA_HN14_1_tumorales.csv,filtrado_stroma_ad_dysplasia_FA_HN14_1_tumorales.csv,stroma_ad_carcinoma_FA_HN14_1_tumorales.csv,filtrado_filtrado_dysplasia_FA_HN11A_1_tumorales.csv,filtrado_carcinoma_FA_HN11A_2_tumorales.csv,filtrado_carcinoma_FA_HN11A_4_tumorales.csv,dysplasia_FA_HN11A_2_tumorales.csv,filtrado_dysplasia_FA_HN14_1_tumorales.csv,stroma_ad_dysplasia_FA_HN15_3_tumorales.csv,filtrado_dysplasia_FA_HN15_5_tumorales.csv,dysplasia_FA_HN11A_4_tumorales.csv,stroma_ad_dysplasia_FA_HN14_2_tumorales.csv,dysplasia_FA_HN11A_3_tumorales.csv,filtrado_filtrado_dysplasia_FA_HN14_2_tumorales.csv,filtrado_dysplasia_FA_HN11A_2_tumorales.csv,stroma_ad_dysplasia_FA_HN11A_3_tumorales.csv,filtrado_filtrado_stroma_ad_dysplasia_FA_HN11A_2_tumorales.csv,filtrado_filtrado_stroma_ad_carcinoma_FA_HN14_5_tumorales.csv,filtrado_stroma_ad_dysplasia_FA_HN15_2_tumorales.csv,filtrado_filtrado_dysplasia_FA_HN15_3_tumorales.csv
carcinoma_FA_HN14_3_tumorales.csv,0.0,1167.1306188763838,1371.1244393594368,1047.9067545222822,497.20759280310915,1168.8624672041701,1392.4530937617262,1164.9899394646673,1167.1306188763838,1168.798388071687,1164.9899394646673,1083.9852325138647,1626.8971922803996,1059.8661327779014,1047.1795207548475,0.0,497.20759280310915,1050.4369029608583,1090.7598085145708,905.9494383881021,1170.3476898629767,1047.9067545222822,1047.9067545222822,1168.8624672041701,1232.3372242817138,1032.5514121140923,855.4689301048007,1365.7437006086311,855.4689301048007,1626.8971922803996,1022.8267445246327,1232.3372242817138,1204.2491684849576,1624.224757081342,1116.169908855511,1191.329821892142,1047.9067545222822,1047.9067545222822,1135.0668207543379,1047.9067545222822,1047.1795207548475,1050.4369029608583,1170.3476898629767,1255.0331557587751,1150.5703131105813,1116.169908855511,1260.8546498880833,1093.6029631265537,1626.8971922803996,1047.9957446726362,904.1414644580968,1150.5703131105813,1047.1795207548475,1047.9067545222822,1259.962758726831,1161.6467167231144,1090.7598085145708,764.4337945500934,0.0,1164.9899394646673,1259.962758726831,1047.40722071978,497.20759280310915,1116.169908855511,1032.5514121140923,1083.9852325138647,1392.4530937617262,1120.7811487547137,1167.1306188763838,1365.7437006086311,1161.6467167231144,1070.2162697138865,1047.9067545222822,1232.3372242817138,1059.8661327779014,904.1414644580968,1135.0668207543379,1093.6029631265537,1047.9067545222822,1090.7598085145708,775.5799859910151,1371.1244393594368,1050.4369029608583,1516.733152703313,905.9494383881021,1365.7437006086311,1371.1244393594368,904.1414644580968,1255.0331557587751,1168.798388071687,1047.9067545222822,1047.9957446726362,1161.6467167231144,1070.2162697138865,1070.2162697138865,1191.329821892142,1047.9067545222822,1255.0331557587751,1204.2491684849576,1516.733152703313,1022.8267445246327,764.4337945500934,1191.329821892142,1047.40722071978,1624.224757081342,775.5799859910151,1059.8661327779014,1047.40722071978,1392.4530937617262,1150.5703131105813,1120.7811487547137,1032.5514121140923,855.4689301048007,1170.3476898629767,1083.9852325138647,1120.7811487547137,1260.8546498880833,1260.8546498880833,1168.798388071687,1047.9067545222822,1168.8624672041701,1022.8267445246327,1047.9067545222822,905.9494383881021,1516.733152703313,1259.962758726831,1093.6029631265537,1170.3476898629767,1204.2491684849576,764.4337945500934,1047.9067545222822,1047.9067545222822,1047.9957446726362,775.5799859910151,1135.0668207543379,1624.224757081342
filtrado_filtrado_carcinoma_FA_HN11A_5_tumorales.csv,1167.1306188763838,0.0,648.1784002287934,131.3084343326634,1104.517889585029,326.41803509409834,772.6656077486714,902.6645243143067,0.0,205.61514294846188,902.6645243143067,163.56439470155087,1299.744024816531,172.1830504195184,132.0877052373914,1167.1306188763838,1104.517889585029,133.8385827712396,550.4465727835542,1543.4016163955384,530.4669653113399,131.3084343326634,131.3084343326634,326.41803509409834,673.6192168461042,534.4742465714222,967.6513449447876,623.0258733787084,967.6513449447876,1299.744024816531,374.30786854078195,673.6192168461042,335.33469409364136,1216.8496948555469,135.42569996082804,448.21012920435294,131.3084343326634,131.3084343326634,197.6507582530135,131.3084343326634,132.0877052373914,133.8385827712396,530.4669653113399,647.0985755972744,450.04151574669277,135.42569996082804,586.8784743389872,577.5708877947155,1299.744024816531,133.8534153953282,783.569273163803,450.04151574669277,132.0877052373914,131.3084343326634,542.536383840852,201.16705392660987,550.4465727835542,1485.23416495427,1167.1306188763838,902.6645243143067,542.536383840852,132.0420389725811,1104.517889585029,135.42569996082804,534.4742465714222,163.56439470155087,772.6656077486714,558.403265529957,0.0,623.0258733787084,201.16705392660987,165.4548222415044,131.3084343326634,673.6192168461042,172.1830504195184,783.569273163803,197.6507582530135,577.5708877947155,131.3084343326634,550.4465727835542,684.5896033068502,648.1784002287934,133.8385827712396,932.1302407380664,1543.4016163955384,623.0258733787084,648.1784002287934,783.569273163803,647.0985755972744,205.61514294846188,131.3084343326634,133.8534153953282,201.16705392660987,165.4548222415044,165.4548222415044,448.21012920435294,131.3084343326634,647.0985755972744,335.33469409364136,932.1302407380664,374.30786854078195,1485.23416495427,448.21012920435294,132.0420389725811,1216.8496948555469,684.5896033068502,172.1830504195184,132.0420389725811,772.6656077486714,450.04151574669277,558.403265529957,534.4742465714222,967.6513449447876,530.4669653113399,163.56439470155087,558.403265529957,586.8784743389872,586.8784743389872,205.61514294846188,131.3084343326634,326.41803509409834,374.30786854078195,131.3084343326634,1543.4016163955384,932.1302407380664,542.536383840852,577.5708877947155,530.4669653113399,335.33469409364136,1485.23416495427,131.3084343326634,131.3084343326634,133.8534153953282,684.5896033068502,197.6507582530135,1216.8496948555469
filtrado_stroma_ad_carcinoma_FA_HN15_2_tumorales.csv,1371.1244393594368,648.1784002287934,0.0,565.6857773918985,1154.8877891921325,426.22579064764676,497.0543379991211,866.7651306994366,648.1784002287933,511.16497427500576,866.7651306994366,595.4609429831552,994.0121598470835,554.9890060835326,566.4650482966265,1371.1244393594377,1154.8877891921325,568.2159258304747,485.59869896341866,1544.6863522873055,415.9446734394073,565.6857773918985,565.6857773918985,426.22579064764676,462.6566219167845,550.595691375384,798.9139264814812,396.20823467220856,798.9139264814812,994.0121598470835,572.3219727957758,462.6566219167845,465.7185285553811,857.4026852031939,605.5843144604322,497.50062651665246,565.6857773918985,565.6857773918985,517.7472301556211,565.6857773918985,566.4650482966265,568.2159258304747,415.9446734394073,485.5149146075406,447.7931637598814,605.5843144604322,421.35078595704226,541.6247185756542,994.0121598470835,568.2307584545633,690.4275136058645,447.7931637598814,566.4650482966265,565.6857773918985,412.65071739294297,548.9304115063256,485.59869896341866,1442.8772299969175,1371.1244393594377,866.7651306994366,412.65071739294297,566.4193820318162,1154.8877891921325,605.5843144604322,550.595691375384,595.4609429831552,497.0543379991211,418.44496562365646,648.1784002287933,396.20823467220856,548.9304115063256,585.0524290083887,565.6857773918985,462.6566219167845,554.9890060835326,690.4275136058645,517.7472301556211,541.6247185756542,565.6857773918985,485.59869896341866,724.6964997365545,0.0,568.2159258304747,660.7288528976386,1544.6863522873055,396.20823467220856,0.0,690.4275136058645,485.5149146075406,511.16497427500576,565.6857773918985,568.2307584545633,548.9304115063256,585.0524290083887,585.0524290083887,497.50062651665246,565.6857773918985,485.5149146075406,465.7185285553811,660.7288528976386,572.3219727957758,1442.8772299969175,497.50062651665246,566.4193820318162,857.4026852031939,724.6964997365545,554.9890060835326,566.4193820318162,497.0543379991211,447.7931637598814,418.44496562365646,550.595691375384,798.9139264814812,415.9446734394073,595.4609429831552,418.44496562365646,421.35078595704226,421.35078595704226,511.16497427500576,565.6857773918985,426.22579064764676,572.3219727957758,565.6857773918985,1544.6863522873055,660.7288528976386,412.65071739294297,541.6247185756542,415.9446734394073,465.7185285553811,1442.8772299969175,565.6857773918985,565.6857773918985,568.2307584545633,724.6964997365545,517.7472301556211,857.4026852031939
filtrado_stroma_ad_dysplasia_FA_HN15_1_tumorales.csv,1047.9067545222822,131.3084343326634,565.6857773918985,0.0,989.3164738406689,286.08444965069003,664.673067657481,885.7240182670702,131.3084343326634,128.95753954905024,885.7240182670702,36.0784779915825,1181.8727899720593,60.137400550415286,0.7792709047279587,1047.9067545222822,989.3164738406689,2.530148438576191,428.4093555859327,1423.7867135540137,440.6406732731191,0.0,0.0,286.08444965069003,564.4839996027246,413.52060835545086,857.8017622575776,506.28173981082466,857.8017622575776,1181.8727899720593,271.06152554870584,564.4839996027246,228.63725514280918,1113.6495184314356,113.48217777458626,394.462727615646,0.0,0.0,110.22143872566292,0.0,0.7792709047279587,2.530148438576191,440.6406732731191,579.5075487479241,329.6916936400784,113.48217777458626,475.3294951834285,480.7038701386941,1181.8727899720593,2.544981062664773,669.228705545075,329.6916936400784,0.7792709047279587,0.0,452.39418788892584,130.88292020896176,428.4093555859327,1369.5274549614915,1047.9067545222822,885.7240182670702,452.39418788892584,0.7336046399177043,989.3164738406689,113.48217777458626,413.52060835545086,36.0784779915825,664.673067657481,485.7498640489299,131.3084343326634,506.28173981082466,130.88292020896176,36.26236780818438,0.0,564.4839996027246,60.137400550415286,669.228705545075,110.22143872566292,480.7038701386941,0.0,428.4093555859327,569.5292575279075,565.6857773918985,2.530148438576191,823.7608061117882,1423.7867135540137,506.28173981082466,565.6857773918985,669.228705545075,579.5075487479241,128.95753954905024,0.0,2.544981062664773,130.88292020896176,36.26236780818438,36.26236780818438,394.462727615646,0.0,579.5075487479241,228.63725514280918,823.7608061117882,271.06152554870584,1369.5274549614915,394.462727615646,0.7336046399177043,1113.6495184314356,569.5292575279075,60.137400550415286,0.7336046399177043,664.673067657481,329.6916936400784,485.7498640489299,413.52060835545086,857.8017622575776,440.6406732731191,36.0784779915825,485.7498640489299,475.3294951834285,475.3294951834285,128.95753954905024,0.0,286.08444965069003,271.06152554870584,0.0,1423.7867135540137,823.7608061117882,452.39418788892584,480.7038701386941,440.6406732731191,228.63725514280918,1369.5274549614915,0.0,0.0,2.544981062664773,569.5292575279075,110.22143872566292,1113.6495184314356
filtrado_filtrado_carcinoma_FA_HN14_4_tumorales.csv,497.20759280310915,1104.517889585029,1154.8877891921325,989.3164738406689,0.0,1050.9416274554378,1178.761572290731,921.797488372117,1104.5178895850295,1087.3360983701855,921.797488372117,1025.3949518322515,1337.4496881608125,976.139152126693,988.5905554349911,497.20759280310926,0.0,991.8466222792454,898.8677861326835,762.1572313039723,975.3854059221585,989.3164738406689,989.3164738406689,1050.9416274554378,1013.1376258911944,804.5357239491439,628.154526306233,1163.4503903964887,628.154526306233,1337.4496881608125,903.8311833334527,1013.1376258911944,1096.2708833817233,1336.4593813307122,1034.4670214417902,1012.2107280630019,989.3164738406689,989.3164738406689,1034.5611590998305,989.3164738406689,988.5905554349911,991.8466222792454,975.3854059221585,999.4673653090061,992.525677374143,1034.4670214417902,1055.6963747606155,905.730452065946,1337.4496881608125,989.2872280935223,691.7958794464496,992.525677374143,988.5905554349911,989.3164738406689,1055.4695414727953,1057.2801857644301,898.8677861326835,636.1701498253404,497.20759280310926,921.797488372117,1055.4695414727953,988.7199193249546,0.0,1034.4670214417902,804.5357239491439,1025.3949518322515,1178.761572290731,995.246884511044,1104.5178895850295,1163.4503903964887,1057.2801857644301,1008.7052848910122,989.3164738406689,1013.1376258911944,976.139152126693,691.7958794464496,1034.5611590998305,905.730452065946,989.3164738406689,898.8677861326835,611.5509463842939,1154.8877891921331,991.8466222792454,1219.4715507232145,762.1572313039723,1163.4503903964887,1154.8877891921331,691.7958794464496,999.4673653090061,1087.3360983701855,989.3164738406689,989.2872280935223,1057.2801857644301,1008.7052848910122,1008.7052848910122,1012.2107280630019,989.3164738406689,999.4673653090061,1096.2708833817233,1219.4715507232145,903.8311833334527,636.1701498253404,1012.2107280630019,988.7199193249546,1336.4593813307122,611.5509463842939,976.139152126693,988.7199193249546,1178.761572290731,992.525677374143,995.246884511044,804.5357239491439,628.154526306233,975.3854059221585,1025.3949518322515,995.246884511044,1055.6963747606155,1055.6963747606155,1087.3360983701855,989.3164738406689,1050.9416274554378,903.8311833334527,989.3164738406689,762.1572313039723,1219.4715507232145,1055.4695414727953,905.730452065946,975.3854059221585,1096.2708833817233,636.1701498253404,989.3164738406689,989.3164738406689,989.2872280935223,611.5509463842939,1034.5611590998305,1336.4593813307122
filtrado_filtrado_carcinoma_FA_HN11A_2_tumorales.csv,1168.8624672041701,326.41803509409834,426.22579064764676,286.08444965069003,1050.9416274554378,0.0,630.2927288289778,839.4690285093719,326.41803509409834,232.07103972111847,839.4690285093719,286.2888772502773,1135.6788745808824,272.44058663295806,286.86372055541807,1168.8624672041701,1050.941627455438,288.6145980892663,442.1722209648424,1500.6431179201109,400.5411377334949,286.08444965069003,286.08444965069003,0.0,488.0024051938232,490.60499916922623,837.0836821629086,488.1656583931781,837.0836821629086,1135.6788745808824,334.195417103535,488.0024051938232,285.86609727196424,1021.6502318025533,334.0584586663027,348.5565795451387,286.08444965069003,286.08444965069003,269.90360321843536,286.08444965069003,286.86372055541807,288.6145980892663,400.5411377334949,507.4759164572083,383.8992016376633,334.0584586663027,433.34022694113787,454.5073377694657,1135.6788745808824,288.62943071335485,685.7755621456098,383.8992016376633,286.86372055541807,286.08444965069003,467.26273403836274,273.6325638159061,442.1722209648424,1422.206817139422,1168.8624672041701,839.4690285093719,467.26273403836274,286.8180542906078,1050.941627455438,334.0584586663027,490.60499916922623,286.2888772502773,630.2927288289778,394.59430461202487,326.41803509409834,488.1656583931781,273.6325638159061,303.3585666724438,286.08444965069003,488.0024051938232,272.44058663295806,685.7755621456098,269.90360321843536,454.5073377694657,286.08444965069003,442.1722209648424,614.2630540959236,426.22579064764676,288.6145980892663,777.0717259311688,1500.6431179201109,488.1656583931781,426.22579064764676,685.7755621456098,507.4759164572083,232.07103972111847,286.08444965069003,288.62943071335485,273.6325638159061,303.3585666724438,303.3585666724438,348.5565795451387,286.08444965069003,507.4759164572083,285.86609727196424,777.0717259311688,334.195417103535,1422.206817139422,348.5565795451387,286.8180542906078,1021.6502318025533,614.2630540959236,272.44058663295806,286.8180542906078,630.2927288289778,383.8992016376633,394.59430461202487,490.60499916922623,837.0836821629086,400.5411377334949,286.2888772502773,394.59430461202487,433.34022694113787,433.34022694113787,232.07103972111847,286.08444965069003,0.0,334.195417103535,286.08444965069003,1500.6431179201109,777.0717259311688,467.26273403836274,454.5073377694657,400.5411377334949,285.86609727196424,1422.206817139422,286.08444965069003,286.08444965069003,288.62943071335485,614.2630540959236,269.90360321843536,1021.6502318025533
carcinoma_FA_HN15_1_tumorales.csv,1392.4530937617262,772.6656077486714,497.0543379991211,664.673067657481,1178.761572290731,630.2927288289778,0.0,798.0990635107651,772.665607748671,694.449254737388,798.0990635107651,700.7515456490638,758.3910422453472,653.9806203554618,665.0375225313377,1392.4530937617258,1178.76157229073,667.2032160960574,448.9564827903975,1514.8952595530457,509.13460764998507,664.673067657481,664.673067657481,630.2927288289776,472.72336602092173,567.8204884671687,784.8232261263623,429.6677339455356,784.8232261263623,758.3910422453472,614.192266602238,472.72336602092173,493.6580605018097,698.283286226659,709.9083446295646,581.4948022598571,664.673067657481,664.673067657481,661.9651295058089,664.673067657481,665.0375225313377,667.2032160960574,509.13460764998507,482.7601933523353,437.42277564607423,709.9083446295646,424.9472494672014,614.2645843370141,758.3910422453472,667.2180487201462,674.1141124176665,437.42277564607423,665.0375225313377,664.673067657481,421.5262253685923,686.6377624835062,448.9564827903975,1445.2925240297047,1392.4530937617258,798.0990635107651,421.5262253685923,664.62566302374,1178.76157229073,709.9083446295646,567.8204884671687,700.7515456490638,0.0,583.7747708057028,772.665607748671,429.6677339455356,686.6377624835062,683.8127499063927,664.673067657481,472.72336602092173,653.9806203554618,674.1141124176665,661.9651295058089,614.2645843370141,664.673067657481,448.9564827903975,754.4989065142901,497.0543379991211,667.2032160960574,487.51987726739316,1514.8952595530457,429.6677339455356,497.0543379991211,674.1141124176665,482.7601933523353,694.449254737388,664.673067657481,667.2180487201462,686.6377624835062,683.8127499063927,683.8127499063927,581.4948022598571,664.673067657481,482.7601933523353,493.6580605018097,487.51987726739316,614.192266602238,1445.2925240297047,581.4948022598571,664.62566302374,698.283286226659,754.4989065142901,653.9806203554618,664.62566302374,0.0,437.42277564607423,583.7747708057028,567.8204884671687,784.8232261263623,509.13460764998507,700.7515456490638,583.7747708057028,424.9472494672014,424.9472494672014,694.449254737388,664.673067657481,630.2927288289776,614.192266602238,664.673067657481,1514.8952595530457,487.51987726739316,421.5262253685923,614.2645843370141,509.13460764998507,493.6580605018097,1445.2925240297047,664.673067657481,664.673067657481,667.2180487201462,754.4989065142901,661.9651295058089,698.283286226659
filtrado_filtrado_carcinoma_FA_HN15_2_tumorales.csv,1164.9899394646673,902.6645243143067,866.7651306994366,885.7240182670702,921.797488372117,839.4690285093719,798.0990635107651,0.0,902.6645243143066,923.5173306315237,0.0,873.9393550790148,908.9449161024817,870.5074239097258,885.2840761043228,1164.9899394646668,921.7974883721171,888.2541667056463,644.729257103032,1157.9783117915117,712.1317374167024,885.7240182670702,885.7240182670702,839.469028509372,725.4576309220237,590.7448658179601,662.8544096631873,790.7705941738924,662.8544096631873,908.9449161024817,748.0550107047811,725.4576309220237,865.3180772415853,884.8593132260421,821.4847142387073,747.256683997965,885.7240182670702,885.7240182670702,877.5132514314853,885.7240182670702,885.2840761043228,888.2541667056463,712.1317374167024,668.7083199674508,717.8989215690618,821.4847142387073,741.9800388946105,673.1430910180093,908.9449161024817,887.6370565216275,560.6437634471645,717.8989215690618,885.2840761043228,885.7240182670702,745.7280208434781,924.1072539294801,644.729257103032,1099.2843706267784,1164.9899394646668,0.0,745.7280208434781,885.2939163089926,921.7974883721171,821.4847142387073,590.7448658179601,873.9393550790148,798.0990635107654,767.1998750774608,902.6645243143066,790.7705941738924,924.1072539294801,903.560068603047,885.7240182670702,725.4576309220237,870.5074239097258,560.6437634471645,877.5132514314853,673.1430910180093,885.7240182670702,644.729257103032,655.9593233237549,866.7651306994367,888.2541667056463,813.4885901853742,1157.9783117915117,790.7705941738924,866.7651306994367,560.6437634471645,668.7083199674508,923.5173306315237,885.7240182670702,887.6370565216275,924.1072539294801,903.560068603047,903.560068603047,747.256683997965,885.7240182670702,668.7083199674508,865.3180772415853,813.4885901853742,748.0550107047811,1099.2843706267784,747.256683997965,885.2939163089926,884.8593132260421,655.9593233237549,870.5074239097258,885.2939163089926,798.0990635107654,717.8989215690618,767.1998750774608,590.7448658179601,662.8544096631873,712.1317374167024,873.9393550790148,767.1998750774608,741.9800388946105,741.9800388946105,923.5173306315237,885.7240182670702,839.469028509372,748.0550107047811,885.7240182670702,1157.9783117915117,813.4885901853742,745.7280208434781,673.1430910180093,712.1317374167024,865.3180772415853,1099.2843706267784,885.7240182670702,885.7240182670702,887.6370565216275,655.9593233237549,877.5132514314853,884.8593132260421
carcinoma_FA_HN11A_5_tumorales.csv,1167.1306188763838,0.0,648.1784002287933,131.3084343326634,1104.5178895850295,326.41803509409834,772.665607748671,902.6645243143066,0.0,205.61514294846188,902.6645243143067,163.56439470155087,1299.744024816531,172.1830504195184,132.0877052373914,1167.1306188763838,1104.517889585029,133.8385827712396,550.4465727835542,1543.4016163955384,530.4669653113399,131.3084343326634,131.3084343326634,326.41803509409834,673.6192168461042,534.4742465714222,967.6513449447876,623.0258733787084,967.6513449447876,1299.744024816531,374.30786854078195,673.6192168461042,335.33469409364136,1216.8496948555469,135.42569996082804,448.21012920435294,131.3084343326634,131.3084343326634,197.6507582530135,131.3084343326634,132.0877052373914,133.8385827712396,530.4669653113399,647.0985755972744,450.04151574669277,135.42569996082804,586.8784743389872,577.5708877947155,1299.744024816531,133.8534153953282,783.569273163803,450.04151574669277,132.0877052373914,131.3084343326634,542.536383840852,201.16705392660987,550.4465727835542,1485.23416495427,1167.1306188763838,902.6645243143067,542.536383840852,132.0420389725811,1104.517889585029,135.42569996082804,534.4742465714222,163.56439470155087,772.6656077486714,558.403265529957,0.0,623.0258733787084,201.16705392660987,165.4548222415044,131.3084343326634,673.6192168461042,172.1830504195184,783.569273163803,197.6507582530135,577.5708877947155,131.3084343326634,550.4465727835542,684.5896033068502,648.1784002287934,133.8385827712396,932.1302407380664,1543.4016163955384,623.0258733787084,648.1784002287934,783.569273163803,647.0985755972744,205.61514294846188,131.3084343326634,133.8534153953282,201.16705392660987,165.4548222415044,165.4548222415044,448.21012920435294,131.3084343326634,647.0985755972744,335.33469409364136,932.1302407380664,374.30786854078195,1485.23416495427,448.21012920435294,132.0420389725811,1216.8496948555469,684.5896033068502,172.1830504195184,132.0420389725811,772.6656077486714,450.04151574669277,558.403265529957,534.4742465714222,967.6513449447876,530.4669653113399,163.56439470155087,558.403265529957,586.8784743389872,586.8784743389872,205.61514294846188,131.3084343326634,326.41803509409834,374.30786854078195,131.3084343326634,1543.4016163955384,932.1302407380664,542.536383840852,577.5708877947155,530.4669653113399,335.33469409364136,1485.23416495427,131.3084343326634,131.3084343326634,133.8534153953282,684.5896033068502,197.6507582530135,1216.8496948555469
filtrado_filtrado_stroma_ad_carcinoma_FA_HN14_1_tumorales.csv,1168.798388071687,205.61514294846188,511.16497427500576,128.95753954905024,1087.3360983701855,232.07103972111847,694.449254737388,923.5173306315237,205.61514294846188,0.0,923.5173306315237,136.13311486137425,1236.2242358086432,155.8022174361588,129.73681045377816,1168.798388071687,1087.3360983701853,131.4876879876264,500.2063199211156,1528.1441905461772,443.6332344500503,128.95753954905024,128.95753954905024,232.07103972111847,582.258730726231,512.1284837804569,924.6895792590951,532.9039361588581,924.6895792590951,1236.2242358086432,345.76533601002575,582.258730726231,284.9605379074486,1131.3461061206249,202.89233416732236,420.95061456609415,128.95753954905024,128.95753954905024,158.67931474061777,128.95753954905024,129.73681045377816,131.4876879876264,443.6332344500503,588.144833182305,400.9157412413472,202.89233416732236,497.97114865695596,499.32518265524095,1236.2242358086432,131.502520611715,742.2463447254974,400.9157412413472,129.73681045377816,128.95753954905024,509.48654179703817,175.09678504312174,500.2063199211156,1469.5141419098559,1168.798388071687,923.5173306315237,509.48654179703817,129.6911441889679,1087.3360983701853,202.89233416732236,512.1284837804569,136.13311486137425,694.4492547373882,435.1751412779237,205.61514294846188,532.9039361588581,175.09678504312174,165.2199073572346,128.95753954905024,582.258730726231,155.8022174361588,742.2463447254974,158.67931474061777,499.32518265524095,128.95753954905024,500.2063199211156,653.8117516060747,511.1649742750059,131.4876879876264,836.0653478595837,1528.1441905461772,532.9039361588581,511.1649742750059,742.2463447254974,588.144833182305,0.0,128.95753954905024,131.502520611715,175.09678504312174,165.2199073572346,165.2199073572346,420.95061456609415,128.95753954905024,588.144833182305,284.9605379074486,836.0653478595837,345.76533601002575,1469.5141419098559,420.95061456609415,129.6911441889679,1131.3461061206249,653.8117516060747,155.8022174361588,129.6911441889679,694.4492547373882,400.9157412413472,435.1751412779237,512.1284837804569,924.6895792590951,443.6332344500503,136.13311486137425,435.1751412779237,497.97114865695596,497.97114865695596,0.0,128.95753954905024,232.07103972111847,345.76533601002575,128.95753954905024,1528.1441905461772,836.0653478595837,509.48654179703817,499.32518265524095,443.6332344500503,284.9605379074486,1469.5141419098559,128.95753954905024,128.95753954905024,131.502520611715,653.8117516060747,158.67931474061777,1131.3461061206249
filtrado_carcinoma_FA_HN15_2_tumorales.csv,1164.9899394646673,902.6645243143067,866.7651306994366,885.7240182670702,921.797488372117,839.4690285093719,798.0990635107651,0.0,902.6645243143067,923.5173306315237,0.0,873.9393550790148,908.9449161024817,870.5074239097258,885.2840761043228,1164.9899394646668,921.7974883721171,888.2541667056463,644.729257103032,1157.9783117915117,712.1317374167024,885.7240182670702,885.7240182670702,839.469028509372,725.4576309220237,590.7448658179601,662.8544096631873,790.7705941738924,662.8544096631873,908.9449161024817,748.0550107047811,725.4576309220237,865.3180772415853,884.8593132260421,821.4847142387073,747.256683997965,885.7240182670702,885.7240182670702,877.5132514314853,885.7240182670702,885.2840761043228,888.2541667056463,712.1317374167024,668.7083199674508,717.8989215690618,821.4847142387073,741.9800388946105,673.1430910180093,908.9449161024817,887.6370565216275,560.6437634471645,717.8989215690618,885.2840761043228,885.7240182670702,745.7280208434781,924.1072539294801,644.729257103032,1099.2843706267784,1164.9899394646668,0.0,745.7280208434781,885.2939163089926,921.7974883721171,821.4847142387073,590.7448658179601,873.9393550790148,798.0990635107654,767.1998750774608,902.6645243143066,790.7705941738924,924.1072539294801,903.560068603047,885.7240182670702,725.4576309220237,870.5074239097258,560.6437634471645,877.5132514314853,673.1430910180093,885.7240182670702,644.729257103032,655.9593233237549,866.7651306994367,888.2541667056463,813.4885901853742,1157.9783117915117,790.7705941738924,866.7651306994367,560.6437634471645,668.7083199674508,923.5173306315237,885.7240182670702,887.6370565216275,924.1072539294801,903.560068603047,903.560068603047,747.256683997965,885.7240182670702,668.7083199674508,865.3180772415853,813.4885901853742,748.0550107047811,1099.2843706267784,747.256683997965,885.2939163089926,884.8593132260421,655.9593233237549,870.5074239097258,885.2939163089926,798.0990635107654,717.8989215690618,767.1998750774608,590.7448658179601,662.8544096631873,712.1317374167024,873.9393550790148,767.1998750774608,741.9800388946105,741.9800388946105,923.5173306315237,885.7240182670702,839.469028509372,748.0550107047811,885.7240182670702,1157.9783117915117,813.4885901853742,745.7280208434781,673.1430910180093,712.1317374167024,865.3180772415853,1099.2843706267784,885.7240182670702,885.7240182670702,887.6370565216275,655.9593233237549,877.5132514314853,884.8593132260421
filtrado_filtrado_stroma_ad_carcinoma_FA_HN11A_2_tumorales.csv,1083.9852325138647,163.56439470155087,595.4609429831552,36.0784779915825,1025.3949518322515,286.2888772502773,700.7515456490638,873.9393550790148,163.56439470155087,136.13311486137425,873.9393550790148,0.0,1217.9512679636414,86.5831737938409,36.85774889631046,1083.9852325138647,1025.3949518322515,38.608626430158694,464.4878335775153,1459.865191545596,476.7191512647016,36.0784779915825,36.0784779915825,286.2888772502773,600.5624775943071,449.59908634703334,893.88024024916,542.3602178024072,893.88024024916,1217.9512679636414,268.61793893798733,600.5624775943071,264.7157331343917,1149.7279964230183,125.75973765942658,379.67557028173906,36.0784779915825,36.0784779915825,98.84120707764446,36.0784779915825,36.85774889631046,38.608626430158694,476.7191512647016,575.280688999834,365.770171631661,125.75973765942658,511.40797317501097,446.4800930568133,1217.9512679636414,38.62345905424728,705.3071835366578,365.770171631661,36.85774889631046,36.0784779915825,488.4726658805083,166.96139820054424,464.4878335775153,1405.6059329530738,1083.9852325138647,873.9393550790148,488.4726658805083,36.8120826315002,1025.3949518322515,125.75973765942658,449.59908634703334,0.0,700.7515456490638,507.709249333668,163.56439470155087,542.3602178024072,166.96139820054424,55.18755317511659,36.0784779915825,600.5624775943071,86.5831737938409,705.3071835366578,98.84120707764446,446.4800930568133,36.0784779915825,464.4878335775153,605.6077355194902,595.4609429831552,38.608626430158694,859.8392841033707,1459.865191545596,542.3602178024072,595.4609429831552,705.3071835366578,575.280688999834,136.13311486137425,36.0784779915825,38.62345905424728,166.96139820054424,55.18755317511659,55.18755317511659,379.67557028173906,36.0784779915825,575.280688999834,264.7157331343917,859.8392841033707,268.61793893798733,1405.6059329530738,379.67557028173906,36.8120826315002,1149.7279964230183,605.6077355194902,86.5831737938409,36.8120826315002,700.7515456490638,365.770171631661,507.709249333668,449.59908634703334,893.88024024916,476.7191512647016,0.0,507.709249333668,511.40797317501097,511.40797317501097,136.13311486137425,36.0784779915825,286.2888772502773,268.61793893798733,36.0784779915825,1459.865191545596,859.8392841033707,488.4726658805083,446.4800930568133,476.7191512647016,264.7157331343917,1405.6059329530738,36.0784779915825,36.0784779915825,38.62345905424728,605.6077355194902,98.84120707764446,1149.7279964230183
stroma_ad_dysplasia_FA_HN14_3_tumorales.csv,1626.8971922803996,1299.744024816531,994.0121598470835,1181.8727899720593,1337.4496881608125,1135.6788745808824,758.3910422453472,908.9449161024817,1299.744024816531,1236.2242358086432,908.9449161024817,1217.9512679636414,0.0,1163.9849817229713,1181.3714890223473,1626.8971922804003,1337.449688160812,1184.402938410635,855.6724339604124,1515.002865332953,904.3732833789996,1181.8727899720593,1181.8727899720593,1135.6788745808826,832.6971549196364,886.5365817332455,941.3917545061238,839.7375749671144,941.3917545061238,0.0,1058.8627568064562,832.6971549196364,1038.3190450373406,611.0776596094759,1223.8659717931419,1036.8551809130006,1181.8727899720593,1181.8727899720593,1185.3732288320095,1181.8727899720593,1181.3714890223473,1184.402938410635,904.3732833789996,842.6878555636027,905.0287984768537,1223.8659717931419,854.9970278066257,1000.4209539283074,0.0,1182.6049502967326,882.4770313822498,905.0287984768537,1181.3714890223473,1181.8727899720593,898.5767096270747,1189.973549760878,855.6724339604124,1466.1290101856243,1626.8971922804003,908.9449161024811,898.5767096270747,1181.467217778297,1337.449688160812,1223.8659717931419,886.5365817332455,1217.9512679636412,758.3910422453472,1009.1566085422364,1299.7440248165308,839.7375749671144,1189.973549760878,1199.875771625988,1181.8727899720593,832.6971549196364,1163.9849817229713,882.4770313822498,1185.3732288320095,1000.4209539283074,1181.8727899720593,855.6724339604124,1008.1295343899545,994.012159847083,1184.402938410635,619.9770547019058,1515.002865332953,839.7375749671144,994.012159847083,882.4770313822498,842.6878555636027,1236.2242358086428,1181.8727899720593,1182.6049502967326,1189.973549760878,1199.875771625988,1199.875771625988,1036.8551809130006,1181.8727899720593,842.6878555636027,1038.3190450373406,619.9770547019058,1058.8627568064562,1466.1290101856243,1036.8551809130006,1181.467217778297,611.0776596094759,1008.1295343899545,1163.9849817229713,1181.467217778297,758.3910422453472,905.0287984768537,1009.1566085422364,886.5365817332455,941.3917545061238,904.3732833789996,1217.9512679636412,1009.1566085422364,854.9970278066257,854.9970278066257,1236.2242358086428,1181.8727899720593,1135.6788745808826,1058.8627568064562,1181.8727899720593,1515.002865332953,619.9770547019058,898.5767096270747,1000.4209539283074,904.3732833789996,1038.3190450373406,1466.1290101856243,1181.8727899720593,1181.8727899720593,1182.6049502967326,1008.1295343899545,1185.3732288320095,611.0776596094759
