,carcinoma_FA_HN14_3_tumorales.csv,filtrado_filtrado_carcinoma_FA_HN11A_5_tumorales.csv,filtrado_stroma_ad_carcinoma_FA_HN15_2_tumorales.csv,filtrado_stroma_ad_dysplasia_FA_HN15_1_tumorales.csv,filtrado_filtrado_carcinoma_FA_HN14_4_tumorales.csv,filtrado_filtrado_carcinoma_FA_HN11A_2_tumorales.csv,carcinoma_FA_HN15_1_tumorales.csv,filtrado_filtrado_carcinoma_FA_HN15_2_tumorales.csv,carcinoma_FA_HN11A_5_tumorales.csv,filtrado_filtrado_stroma_ad_carcinoma_FA_HN14_1_tumorales.csv,filtrado_carcinoma_FA_HN15_2_tumorales.csv,filtrado_filtrado_stroma_ad_carcinoma_FA_HN11A_2_tumorales.csv,stroma_ad_dysplasia_FA_HN14_3_tumorales.csv,filtrado_stroma_ad_carcinoma_FA_HN15_4_tumorales.csv,filtrado_stroma_ad_carcinoma_FA_HN11A_1_tumorales.csv,filtrado_carcinoma_FA_HN14_3_tumorales.csv,filtrado_carcinoma_FA_HN14_4_tumorales.csv,filtrado_filtrado_stroma_ad_dysplasia_FA_HN11A_1_tumorales.csv,stroma_ad_dysplasia_FA_HN14_4_tumorales.csv,filtrado_filtrado_dysplasia_FA_HN14_1_tumorales.csv,filtrado_filtrado_filtrado_stroma_ad_dysplasia_FA_HN14_2_tumorales.csv,filtrado_stroma_ad_dysplasia_FA_HN11A_5_tumorales.csv,stroma_ad_dysplasia_FA_HN15_1_tumorales.csv,carcinoma_FA_HN11A_2_tumorales.csv,dysplasia_FA_HN15_1_tumorales.csv,filtrado_filtrado_stroma_ad_carcinoma_FA_HN14_4_tumorales.csv,filtrado_dysplasia_FA_HN15_2_tumorales.csv,carcinoma_FA_HN14_2_tumorales.csv,filtrado_filtrado_dysplasia_FA_HN15_2_tumorales.csv,filtrado_stroma_ad_dysplasia_FA_HN14_3_tumorales.csv,carcinoma_FA_HN11A_4_tumorales.csv,filtrado_dysplasia_FA_HN15_1_tumorales.csv,filtrado_filtrado_dysplasia_FA_HN11A_3_tumorales.csv,dysplasia_FA_HN15_3_tumorales.csv,filtrado_filtrado_dysplasia_FA_HN11A_5_tumorales.csv,filtrado_carcinoma_FA_HN11A_1_tumorales.csv,filtrado_filtrado_stroma_ad_dysplasia_FA_HN11A_3_tumorales.csv,filtrado_filtrado_dysplasia_FA_HN11A_2_tumorales.csv,filtrado_filtrado_stroma_ad_dysplasia_FA_HN15_2_tumorales.csv,filtrado_filtrado_stroma_ad_dysplasia_FA_HN15_1_tumorales.csv,filtrado_filtrado_stroma_ad_carcinoma_FA_HN11A_1_tumorales.csv,stroma_ad_dysplasia_FA_HN11A_1_tumorales.csv,filtrado_filtrado_stroma_ad_dysplasia_FA_HN14_2_tumorales.csv,stroma_ad_carcinoma_FA_HN15_3_tumorales.csv,filtrado_stroma_ad_carcinoma_FA_HN14_3_tumorales.csv,dysplasia_FA_HN11A_5_tumorales.csv,stroma_ad_dysplasia_FA_HN14_1_tumorales.csv,filtrado_dysplasia_FA_HN11A_4_tumorales.csv,filtrado_filtrado_stroma_ad_dysplasia_FA_HN14_3_tumorales.csv,stroma_ad_dysplasia_FA_HN11A_2_tumorales.csv,carcinoma_FA_HN14_1_tumorales.csv,filtrado_filtrado_stroma_ad_carcinoma_FA_HN14_3_tumorales.csv,stroma_ad_carcinoma_FA_HN11A_1_tumorales.csv,stroma_ad_dysplasia_FA_HN11A_5_tumorales.csv,filtrado_filtrado_dysplasia_FA_HN15_5_tumorales.csv,filtrado_stroma_ad_carcinoma_FA_HN15_1_tumorales.csv,filtrado_filtrado_stroma_ad_dysplasia_FA_HN14_4_tumorales.csv,filtrado_dysplasia_FA_HN14_2_tumorales.csv,filtrado_filtrado_carcinoma_FA_HN14_3_tumorales.csv,carcinoma_FA_HN15_2_tumorales.csv,dysplasia_FA_HN15_5_tumorales.csv,filtrado_filtrado_stroma_ad_dysplasia_FA_HN11A_4_tumorales.csv,carcinoma_FA_HN14_4_tumorales.csv,filtrado_dysplasia_FA_HN11A_5_tumorales.csv,stroma_ad_carcinoma_FA_HN14_4_tumorales.csv,stroma_ad_carcinoma_FA_HN11A_2_tumorales.csv,filtrado_carcinoma_FA_HN15_1_tumorales.csv,filtrado_carcinoma_FA_HN11A_3_tumorales.csv,filtrado_carcinoma_FA_HN11A_5_tumorales.csv,filtrado_filtrado_carcinoma_FA_HN14_2_tumorales.csv,stroma_ad_carcinoma_FA_HN15_1_tumorales.csv,filtrado_stroma_ad_carcinoma_FA_HN14_2_tumorales.csv,filtrado_stroma_ad_dysplasia_FA_HN11A_3_tumorales.csv,filtrado_filtrado_dysplasia_FA_HN15_1_tumorales.csv,stroma_ad_carcinoma_FA_HN15_4_tumorales.csv,filtrado_carcinoma_FA_HN14_1_tumorales.csv,stroma_ad_dysplasia_FA_HN15_2_tumorales.csv,filtrado_filtrado_dysplasia_FA_HN11A_4_tumorales.csv,dysplasia_FA_HN11A_1_tumorales.csv,filtrado_stroma_ad_dysplasia_FA_HN14_4_tumorales.csv,filtrado_stroma_ad_carcinoma_FA_HN14_5_tumorales.csv,stroma_ad_carcinoma_FA_HN15_2_tumorales.csv,filtrado_stroma_ad_dysplasia_FA_HN11A_1_tumorales.csv,filtrado_stroma_ad_dysplasia_FA_HN15_3_tumorales.csv,dysplasia_FA_HN14_1_tumorales.csv,filtrado_carcinoma_FA_HN14_2_tumorales.csv,filtrado_filtrado_stroma_ad_carcinoma_FA_HN15_2_tumorales.csv,filtrado_filtrado_carcinoma_FA_HN14_1_tumorales.csv,filtrado_filtrado_stroma_ad_carcinoma_FA_HN15_3_tumorales.csv,filtrado_stroma_ad_carcinoma_FA_HN14_1_tumorales.csv,filtrado_filtrado_stroma_ad_dysplasia_FA_HN11A_5_tumorales.csv,filtrado_stroma_ad_dysplasia_FA_HN11A_2_tumorales.csv,filtrado_filtrado_stroma_ad_carcinoma_FA_HN15_1_tumorales.csv,stroma_ad_carcinoma_FA_HN14_2_tumorales.csv,filtrado_filtrado_stroma_ad_carcinoma_FA_HN14_2_tumorales.csv,carcinoma_FA_HN11A_1_tumorales.csv,filtrado_dysplasia_FA_HN11A_1_tumorales.csv,filtrado_stroma_ad_carcinoma_FA_HN15_3_tumorales.csv,filtrado_dysplasia_FA_HN11A_3_tumorales.csv,filtrado_filtrado_stroma_ad_dysplasia_FA_HN15_3_tumorales.csv,filtrado_filtrado_carcinoma_FA_HN11A_4_tumorales.csv,dysplasia_FA_HN14_2_tumorales.csv,filtrado_filtrado_carcinoma_FA_HN11A_1_tumorales.csv,filtrado_stroma_ad_dysplasia_FA_HN11A_4_tumorales.csv,filtrado_dysplasia_FA_HN15_3_tumorales.csv,stroma_ad_carcinoma_FA_HN14_5_tumorales.csv,filtrado_filtrado_stroma_ad_carcinoma_FA_HN15_4_tumorales.csv,stroma_ad_dysplasia_FA_HN11A_4_tumorales.csv,filtrado_filtrado_carcinoma_FA_HN15_1_tumorales.csv,stroma_ad_carcinoma_FA_HN14_3_tumorales.csv,carcinoma_FA_HN11A_3_tumorales.csv,filtrado_stroma_ad_carcinoma_FA_HN14_4_tumorales.csv,dysplasia_FA_HN15_2_tumorales.csv,filtrado_stroma_ad_dysplasia_FA_HN14_2_tumorales.csv,filtrado_stroma_ad_carcinoma_FA_HN11A_2_tumorales.csv,filtrado_filtrado_carcinoma_FA_HN11A_3_tumorales.csv,filtrado_filtrado_stroma_ad_dysplasia_FA_HN14_1_tumorales.csv,filtrado_stroma_ad_dysplasia_FA_HN14_1_tumorales.csv,stroma_ad_carcinoma_FA_HN14_1_tumorales.csv,filtrado_filtrado_dysplasia_FA_HN11A_1_tumorales.csv,filtrado_carcinoma_FA_HN11A_2_tumorales.csv,filtrado_carcinoma_FA_HN11A_4_tumorales.csv,dysplasia_FA_HN11A_2_tumorales.csv,filtrado_dysplasia_FA_HN14_1_tumorales.csv,stroma_ad_dysplasia_FA_HN15_3_tumorales.csv,filtrado_dysplasia_FA_HN15_5_tumorales.csv,dysplasia_FA_HN11A_4_tumorales.csv,stroma_ad_dysplasia_FA_HN14_2_tumorales.csv,dysplasia_FA_HN11A_3_tumorales.csv,filtrado_filtrado_dysplasia_FA_HN14_2_tumorales.csv,filtrado_dysplasia_FA_HN11A_2_tumorales.csv,stroma_ad_dysplasia_FA_HN11A_3_tumorales.csv,filtrado_filtrado_stroma_ad_dysplasia_FA_HN11A_2_tumorales.csv,filtrado_filtrado_stroma_ad_carcinoma_FA_HN14_5_tumorales.csv,filtrado_stroma_ad_dysplasia_FA_HN15_2_tumorales.csv,filtrado_filtrado_dysplasia_FA_HN15_3_tumorales.csv
carcinoma_FA_HN14_3_tumorales.csv,1.3312746568651583e-308,76.24184877804356,60.662395226503335,25.323422185926013,42.842039319474225,56.82078311049274,44.43288064808446,134.22042809824575,76.24184877804356,53.00718659418726,134.22042809824575,36.0784779915825,47.52989185198142,25.323422185926013,25.323422185926013,1.3312746568651583e-308,42.842039319474225,25.323422185926013,38.26818802503418,18.45957743185322,57.13891985048973,25.323422185926013,25.323422185926013,56.82078311049274,60.22549600635911,32.72714499848193,33.91035024099547,49.31063325382276,33.91035024099547,47.52989185198142,25.917521897254517,60.22549600635911,36.28922808121527,64.53940712116119,65.39038576746387,54.86652097621243,25.323422185926013,25.323422185926013,25.323422185926013,25.323422185926013,25.323422185926013,25.323422185926013,57.13891985048973,45.284368679646846,33.44506842156693,65.39038576746387,61.249342407858805,41.508250172038146,47.52989185198142,25.323422185926013,44.13829163421485,33.44506842156693,25.323422185926013,25.323422185926013,32.837731052713664,31.491140916035754,38.26818802503418,29.219994739069534,1.3312746568651583e-308,134.22042809824575,32.837731052713664,25.323422185926013,42.842039319474225,65.39038576746387,32.72714499848193,36.0784779915825,44.43288064808446,66.58474353949342,76.24184877804356,49.31063325382276,31.491140916035754,25.323422185926013,25.323422185926013,60.22549600635911,25.323422185926013,44.13829163421485,25.323422185926013,41.508250172038146,25.323422185926013,38.26818802503418,30.506970487020766,60.662395226503335,25.323422185926013,52.25151725805517,18.45957743185322,49.31063325382276,60.662395226503335,44.13829163421485,45.284368679646846,53.00718659418726,25.323422185926013,25.323422185926013,31.491140916035754,25.323422185926013,25.323422185926013,54.86652097621243,25.323422185926013,45.284368679646846,36.28922808121527,52.25151725805517,25.917521897254517,29.219994739069534,54.86652097621243,25.323422185926013,64.53940712116119,30.506970487020766,25.323422185926013,25.323422185926013,44.43288064808446,33.44506842156693,66.58474353949342,32.72714499848193,33.91035024099547,57.13891985048973,36.0784779915825,66.58474353949342,61.249342407858805,61.249342407858805,53.00718659418726,25.323422185926013,56.82078311049274,25.917521897254517,25.323422185926013,18.45957743185322,52.25151725805517,32.837731052713664,41.508250172038146,57.13891985048973,36.28922808121527,29.219994739069534,25.323422185926013,25.323422185926013,25.323422185926013,30.506970487020766,25.323422185926013,64.53940712116119
filtrado_filtrado_carcinoma_FA_HN11A_5_tumorales.csv,76.24184877804356,1.9143359967063826e-308,76.24184877804356,76.24184877804356,76.24184877804356,76.24184877804356,76.24184877804356,115.13593609927307,1.9143359967063826e-308,76.24184877804356,115.13593609927307,76.24184877804356,76.24184877804356,76.24184877804356,76.24184877804356,76.24184877804356,76.24184877804356,76.24184877804356,76.24184877804356,76.24184877804356,76.24184877804356,76.24184877804356,76.24184877804356,76.24184877804356,76.24184877804356,76.24184877804356,76.24184877804356,76.24184877804356,76.24184877804356,76.24184877804356,76.24184877804356,76.24184877804356,76.24184877804356,76.24184877804356,43.946596716755096,76.24184877804356,76.24184877804356,76.24184877804356,76.24184877804356,76.24184877804356,76.24184877804356,76.24184877804356,76.24184877804356,76.24184877804356,76.24184877804356,43.946596716755096,76.24184877804356,76.24184877804356,76.24184877804356,76.24184877804356,76.24184877804356,76.24184877804356,76.24184877804356,76.24184877804356,76.24184877804356,76.24184877804356,76.24184877804356,76.24184877804356,76.24184877804356,115.13593609927307,76.24184877804356,76.24184877804356,76.24184877804356,43.946596716755096,76.24184877804356,76.24184877804356,76.24184877804356,76.24184877804356,1.9143359967063826e-308,76.24184877804356,76.24184877804356,76.24184877804356,76.24184877804356,76.24184877804356,76.24184877804356,76.24184877804356,76.24184877804356,76.24184877804356,76.24184877804356,76.24184877804356,76.24184877804356,76.24184877804356,76.24184877804356,76.24184877804356,76.24184877804356,76.24184877804356,76.24184877804356,76.24184877804356,76.24184877804356,76.24184877804356,76.24184877804356,76.24184877804356,76.24184877804356,76.24184877804356,76.24184877804356,76.24184877804356,76.24184877804356,76.24184877804356,76.24184877804356,76.24184877804356,76.24184877804356,76.24184877804356,76.24184877804356,76.24184877804356,76.24184877804356,76.24184877804356,76.24184877804356,76.24184877804356,76.24184877804356,76.24184877804356,76.24184877804356,76.24184877804356,76.24184877804356,76.24184877804356,76.24184877804356,76.24184877804356,76.24184877804356,76.24184877804356,76.24184877804356,76.24184877804356,76.24184877804356,76.24184877804356,76.24184877804356,76.24184877804356,76.24184877804356,76.24184877804356,76.24184877804356,76.24184877804356,76.24184877804356,76.24184877804356,76.24184877804356,76.24184877804356,76.24184877804356,76.24184877804356,76.24184877804356,76.24184877804356
filtrado_stroma_ad_carcinoma_FA_HN15_2_tumorales.csv,60.662395226503335,76.24184877804356,9.8808424255564e-309,60.662395226503335,60.662395226503335,41.85013330258245,52.94785144607525,134.22042809824575,76.24184877804356,45.74718836609301,134.22042809824575,60.662395226503335,60.662395226503335,60.662395226503335,60.662395226503335,60.662395226503335,60.662395226503335,60.662395226503335,60.662395226503335,60.662395226503335,40.08251650122034,60.662395226503335,60.662395226503335,41.85013330258245,35.83801805513011,60.662395226503335,60.662395226503335,51.723177872078736,60.662395226503335,60.662395226503335,60.662395226503335,35.83801805513011,42.981696806668054,49.61057007113686,65.39038576746387,60.662395226503335,60.662395226503335,60.662395226503335,47.313025211191075,60.662395226503335,60.662395226503335,60.662395226503335,40.08251650122034,57.805928388105116,60.662395226503335,65.39038576746387,33.39839280190981,60.662395226503335,60.662395226503335,60.662395226503335,60.662395226503335,60.662395226503335,60.662395226503335,60.662395226503335,56.155149278010924,49.5543532728514,60.662395226503335,60.662395226503335,60.662395226503335,134.22042809824575,56.155149278010924,60.662395226503335,60.662395226503335,65.39038576746387,60.662395226503335,60.662395226503335,52.94785144607525,39.67054997164038,76.24184877804356,51.723177872078736,49.5543532728514,60.662395226503335,60.662395226503335,35.83801805513011,60.662395226503335,60.662395226503335,47.313025211191075,60.662395226503335,60.662395226503335,60.662395226503335,60.662395226503335,9.8808424255564e-309,60.662395226503335,37.02236230816294,60.662395226503335,51.723177872078736,9.8808424255564e-309,60.662395226503335,57.805928388105116,45.74718836609301,60.662395226503335,60.662395226503335,49.5543532728514,60.662395226503335,60.662395226503335,60.662395226503335,60.662395226503335,57.805928388105116,42.981696806668054,37.02236230816294,60.662395226503335,60.662395226503335,60.662395226503335,60.662395226503335,49.61057007113686,60.662395226503335,60.662395226503335,60.662395226503335,52.94785144607525,60.662395226503335,39.67054997164038,60.662395226503335,60.662395226503335,40.08251650122034,60.662395226503335,39.67054997164038,33.39839280190981,33.39839280190981,45.74718836609301,60.662395226503335,41.85013330258245,60.662395226503335,60.662395226503335,60.662395226503335,37.02236230816294,56.155149278010924,60.662395226503335,40.08251650122034,42.981696806668054,60.662395226503335,60.662395226503335,60.662395226503335,60.662395226503335,60.662395226503335,47.313025211191075,49.61057007113686
filtrado_stroma_ad_dysplasia_FA_HN15_1_tumorales.csv,25.323422185926013,76.24184877804356,60.662395226503335,0.0,42.842039319474225,56.82078311049274,44.43288064808446,134.22042809824575,76.24184877804356,53.00718659418726,134.22042809824575,36.0784779915825,47.52989185198142,16.951808927528305,0.7792709047279587,25.323422185926013,42.842039319474225,2.530148438576191,38.26818802503418,29.80169958988907,57.13891985048973,0.0,0.0,56.82078311049274,60.22549600635911,32.72714499848193,38.539598130152086,49.31063325382276,38.539598130152086,47.52989185198142,26.719273321475967,60.22549600635911,36.28922808121527,64.53940712116119,65.39038576746387,54.86652097621243,0.0,0.0,24.318253059343107,0.0,0.7792709047279587,2.530148438576191,57.13891985048973,45.284368679646846,33.44506842156693,65.39038576746387,61.249342407858805,41.508250172038146,47.52989185198142,1.3203578616136564,46.208948129955985,33.44506842156693,0.7792709047279587,0.0,32.837731052713664,31.491140916035754,38.26818802503418,31.575286921645954,25.323422185926013,134.22042809824575,32.837731052713664,0.7336046399177043,42.842039319474225,65.39038576746387,32.72714499848193,36.0784779915825,44.43288064808446,66.58474353949342,76.24184877804356,49.31063325382276,31.491140916035754,14.110335207937666,0.0,60.22549600635911,16.951808927528305,46.208948129955985,24.318253059343107,41.508250172038146,0.0,38.26818802503418,32.17390706714549,60.662395226503335,2.530148438576191,52.25151725805517,29.80169958988907,49.31063325382276,60.662395226503335,46.208948129955985,45.284368679646846,53.00718659418726,0.0,1.3203578616136564,31.491140916035754,14.110335207937666,14.110335207937666,54.86652097621243,0.0,45.284368679646846,36.28922808121527,52.25151725805517,26.719273321475967,31.575286921645954,54.86652097621243,0.7336046399177043,64.53940712116119,32.17390706714549,16.951808927528305,0.7336046399177043,44.43288064808446,33.44506842156693,66.58474353949342,32.72714499848193,38.539598130152086,57.13891985048973,36.0784779915825,66.58474353949342,61.249342407858805,61.249342407858805,53.00718659418726,0.0,56.82078311049274,26.719273321475967,0.0,29.80169958988907,52.25151725805517,32.837731052713664,41.508250172038146,57.13891985048973,36.28922808121527,31.575286921645954,0.0,0.0,1.3203578616136564,32.17390706714549,24.318253059343107,64.53940712116119
filtrado_filtrado_carcinoma_FA_HN14_4_tumorales.csv,42.842039319474225,76.24184877804356,60.662395226503335,42.842039319474225,7.61805545705087e-309,56.82078311049274,39.639495218662375,134.22042809824575,76.24184877804356,53.00718659418726,134.22042809824575,42.842039319474225,31.480156904825265,34.83919651404284,42.842039319474225,42.842039319474225,7.61805545705087e-309,42.842039319474225,35.48046584575259,32.93788550903078,57.13891985048973,42.842039319474225,42.842039319474225,56.82078311049274,60.22549600635911,19.435379202973564,31.756844071604718,47.00080317348514,31.756844071604718,31.480156904825265,41.85569976192863,60.22549600635911,36.883852489591604,57.001888097682084,65.39038576746387,54.86652097621243,42.842039319474225,42.842039319474225,35.28691220026029,42.842039319474225,42.842039319474225,42.842039319474225,57.13891985048973,33.877942352344434,32.41841381218515,65.39038576746387,61.249342407858805,41.508250172038146,31.480156904825265,42.842039319474225,27.755446383479637,32.41841381218515,42.842039319474225,42.842039319474225,32.83773105271368,35.28691220026029,35.48046584575259,17.562844722799042,42.842039319474225,134.22042809824575,32.83773105271368,42.842039319474225,7.61805545705087e-309,65.39038576746387,19.435379202973564,42.842039319474225,39.639495218662375,66.58474353949342,76.24184877804356,47.00080317348514,35.28691220026029,42.842039319474225,42.842039319474225,60.22549600635911,34.83919651404284,27.755446383479637,35.28691220026029,41.508250172038146,42.842039319474225,35.48046584575259,24.173875307480444,60.662395226503335,42.842039319474225,52.25151725805517,32.93788550903078,47.00080317348514,60.662395226503335,27.755446383479637,33.877942352344434,53.00718659418726,42.842039319474225,42.842039319474225,35.28691220026029,42.842039319474225,42.842039319474225,54.86652097621243,42.842039319474225,33.877942352344434,36.883852489591604,52.25151725805517,41.85569976192863,17.562844722799042,54.86652097621243,42.842039319474225,57.001888097682084,24.173875307480444,34.83919651404284,42.842039319474225,39.639495218662375,32.41841381218515,66.58474353949342,19.435379202973564,31.756844071604718,57.13891985048973,42.842039319474225,66.58474353949342,61.249342407858805,61.249342407858805,53.00718659418726,42.842039319474225,56.82078311049274,41.85569976192863,42.842039319474225,32.93788550903078,52.25151725805517,32.83773105271368,41.508250172038146,57.13891985048973,36.883852489591604,17.562844722799042,42.842039319474225,42.842039319474225,42.842039319474225,24.173875307480444,35.28691220026029,57.001888097682084
filtrado_filtrado_carcinoma_FA_HN11A_2_tumorales.csv,56.82078311049274,76.24184877804356,41.85013330258245,56.82078311049274,56.82078311049274,1.352098021021837e-308,55.51071167569518,134.22042809824575,76.24184877804356,40.08219165720061,134.22042809824575,56.82078311049274,56.82078311049274,56.82078311049274,56.82078311049274,56.82078311049274,56.82078311049274,56.82078311049274,56.82078311049274,56.82078311049274,55.51071167569518,56.82078311049274,56.82078311049274,1.352098021021837e-308,55.51071167569518,56.82078311049274,56.82078311049274,55.51071167569518,56.82078311049274,56.82078311049274,56.82078311049274,55.51071167569518,55.51071167569518,55.51071167569518,65.39038576746387,55.51071167569518,56.82078311049274,56.82078311049274,55.51071167569518,56.82078311049274,56.82078311049274,56.82078311049274,55.51071167569518,48.5813500952049,56.82078311049274,65.39038576746387,55.51071167569518,52.559951635901285,56.82078311049274,56.82078311049274,56.82078311049274,56.82078311049274,56.82078311049274,56.82078311049274,55.51071167569518,43.73818867394354,56.82078311049274,56.82078311049274,56.82078311049274,134.22042809824575,55.51071167569518,56.82078311049274,56.82078311049274,65.39038576746387,56.82078311049274,56.82078311049274,55.51071167569518,42.1944383474129,76.24184877804356,55.51071167569518,43.73818867394354,56.82078311049274,56.82078311049274,55.51071167569518,56.82078311049274,56.82078311049274,55.51071167569518,52.559951635901285,56.82078311049274,56.82078311049274,56.82078311049274,41.85013330258245,56.82078311049274,55.51071167569518,56.82078311049274,55.51071167569518,41.85013330258245,56.82078311049274,48.5813500952049,40.08219165720061,56.82078311049274,56.82078311049274,43.73818867394354,56.82078311049274,56.82078311049274,55.51071167569518,56.82078311049274,48.5813500952049,55.51071167569518,55.51071167569518,56.82078311049274,56.82078311049274,55.51071167569518,56.82078311049274,55.51071167569518,56.82078311049274,56.82078311049274,56.82078311049274,55.51071167569518,56.82078311049274,42.1944383474129,56.82078311049274,56.82078311049274,55.51071167569518,56.82078311049274,42.1944383474129,55.51071167569518,55.51071167569518,40.08219165720061,56.82078311049274,1.352098021021837e-308,56.82078311049274,56.82078311049274,56.82078311049274,55.51071167569518,55.51071167569518,52.559951635901285,55.51071167569518,55.51071167569518,56.82078311049274,56.82078311049274,56.82078311049274,56.82078311049274,56.82078311049274,55.51071167569518,55.51071167569518
carcinoma_FA_HN15_1_tumorales.csv,44.43288064808446,76.24184877804356,52.94785144607525,44.43288064808446,39.639495218662375,55.51071167569518,1.4153968066362267e-308,134.22042809824575,76.24184877804356,53.00718659418726,134.22042809824575,44.43288064808446,26.258037527254743,44.43288064808446,44.43288064808446,44.43288064808446,39.639495218662375,44.43288064808446,30.62856106455422,44.43288064808446,34.463429383727345,44.43288064808446,44.43288064808446,55.51071167569518,30.822003069651757,43.421873686801405,25.57916037143636,25.57916037143636,25.57916037143636,26.258037527254743,35.56314884809508,30.822003069651757,23.997912271318228,26.142625783863707,65.39038576746387,54.86652097621243,44.43288064808446,44.43288064808446,39.639495218662375,44.43288064808446,44.43288064808446,44.43288064808446,34.463429383727345,33.877942352344434,30.83896175793403,65.39038576746387,32.73762147426743,41.508250172038146,26.258037527254743,44.43288064808446,35.67230162809935,30.83896175793403,44.43288064808446,44.43288064808446,24.945789345273056,39.639495218662375,30.62856106455422,44.43288064808446,44.43288064808446,134.22042809824575,24.945789345273056,44.43288064808446,39.639495218662375,65.39038576746387,43.421873686801405,44.43288064808446,1.4153968066362267e-308,66.58474353949342,76.24184877804356,25.57916037143636,39.639495218662375,44.43288064808446,44.43288064808446,30.822003069651757,44.43288064808446,35.67230162809935,39.639495218662375,41.508250172038146,44.43288064808446,30.62856106455422,39.53317095476211,52.94785144607525,44.43288064808446,25.57916037143636,44.43288064808446,25.57916037143636,52.94785144607525,35.67230162809935,33.877942352344434,53.00718659418726,44.43288064808446,44.43288064808446,39.639495218662375,44.43288064808446,44.43288064808446,54.86652097621243,44.43288064808446,33.877942352344434,23.997912271318228,25.57916037143636,35.56314884809508,44.43288064808446,54.86652097621243,44.43288064808446,26.142625783863707,39.53317095476211,44.43288064808446,44.43288064808446,1.4153968066362267e-308,30.83896175793403,66.58474353949342,43.421873686801405,25.57916037143636,34.463429383727345,44.43288064808446,66.58474353949342,32.73762147426743,32.73762147426743,53.00718659418726,44.43288064808446,55.51071167569518,35.56314884809508,44.43288064808446,44.43288064808446,25.57916037143636,24.945789345273056,41.508250172038146,34.463429383727345,23.997912271318228,44.43288064808446,44.43288064808446,44.43288064808446,44.43288064808446,39.53317095476211,39.639495218662375,26.142625783863707
filtrado_filtrado_carcinoma_FA_HN15_2_tumorales.csv,134.22042809824575,115.13593609927307,134.22042809824575,134.22042809824575,134.22042809824575,134.22042809824575,134.22042809824575,1.7231416376075294e-308,115.13593609927307,134.22042809824575,1.7231416376075294e-308,122.43576491019058,134.22042809824575,134.22042809824575,134.22042809824575,134.22042809824575,134.22042809824575,134.22042809824575,134.22042809824575,134.22042809824575,134.22042809824575,134.22042809824575,134.22042809824575,134.22042809824575,134.22042809824575,134.22042809824575,134.22042809824575,134.22042809824575,134.22042809824575,134.22042809824575,134.22042809824575,134.22042809824575,134.22042809824575,134.22042809824575,92.89226540367738,82.35640126788502,134.22042809824575,134.22042809824575,134.22042809824575,134.22042809824575,134.22042809824575,134.22042809824575,134.22042809824575,134.22042809824575,134.22042809824575,92.89226540367738,134.22042809824575,118.8606936394367,134.22042809824575,134.22042809824575,134.22042809824575,134.22042809824575,134.22042809824575,134.22042809824575,134.22042809824575,134.22042809824575,134.22042809824575,134.22042809824575,134.22042809824575,1.7231416376075294e-308,134.22042809824575,134.22042809824575,134.22042809824575,92.89226540367738,134.22042809824575,122.43576491019058,134.22042809824575,134.22042809824575,115.13593609927307,134.22042809824575,134.22042809824575,134.22042809824575,134.22042809824575,134.22042809824575,134.22042809824575,134.22042809824575,134.22042809824575,118.8606936394367,134.22042809824575,134.22042809824575,134.22042809824575,134.22042809824575,134.22042809824575,134.22042809824575,134.22042809824575,134.22042809824575,134.22042809824575,134.22042809824575,134.22042809824575,134.22042809824575,134.22042809824575,134.22042809824575,134.22042809824575,134.22042809824575,134.22042809824575,82.35640126788502,134.22042809824575,134.22042809824575,134.22042809824575,134.22042809824575,134.22042809824575,134.22042809824575,82.35640126788502,134.22042809824575,134.22042809824575,134.22042809824575,134.22042809824575,134.22042809824575,134.22042809824575,134.22042809824575,134.22042809824575,134.22042809824575,134.22042809824575,134.22042809824575,122.43576491019058,134.22042809824575,134.22042809824575,134.22042809824575,134.22042809824575,134.22042809824575,134.22042809824575,134.22042809824575,134.22042809824575,134.22042809824575,134.22042809824575,134.22042809824575,118.8606936394367,134.22042809824575,134.22042809824575,134.22042809824575,134.22042809824575,134.22042809824575,134.22042809824575,134.22042809824575,134.22042809824575,134.22042809824575
carcinoma_FA_HN11A_5_tumorales.csv,76.24184877804356,1.9143359967063826e-308,76.24184877804356,76.24184877804356,76.24184877804356,76.24184877804356,76.24184877804356,115.13593609927307,1.9143359967063826e-308,76.24184877804356,115.13593609927307,76.24184877804356,76.24184877804356,76.24184877804356,76.24184877804356,76.24184877804356,76.24184877804356,76.24184877804356,76.24184877804356,76.24184877804356,76.24184877804356,76.24184877804356,76.24184877804356,76.24184877804356,76.24184877804356,76.24184877804356,76.24184877804356,76.24184877804356,76.24184877804356,76.24184877804356,76.24184877804356,76.24184877804356,76.24184877804356,76.24184877804356,43.946596716755096,76.24184877804356,76.24184877804356,76.24184877804356,76.24184877804356,76.24184877804356,76.24184877804356,76.24184877804356,76.24184877804356,76.24184877804356,76.24184877804356,43.946596716755096,76.24184877804356,76.24184877804356,76.24184877804356,76.24184877804356,76.24184877804356,76.24184877804356,76.24184877804356,76.24184877804356,76.24184877804356,76.24184877804356,76.24184877804356,76.24184877804356,76.24184877804356,115.13593609927307,76.24184877804356,76.24184877804356,76.24184877804356,43.946596716755096,76.24184877804356,76.24184877804356,76.24184877804356,76.24184877804356,1.9143359967063826e-308,76.24184877804356,76.24184877804356,76.24184877804356,76.24184877804356,76.24184877804356,76.24184877804356,76.24184877804356,76.24184877804356,76.24184877804356,76.24184877804356,76.24184877804356,76.24184877804356,76.24184877804356,76.24184877804356,76.24184877804356,76.24184877804356,76.24184877804356,76.24184877804356,76.24184877804356,76.24184877804356,76.24184877804356,76.24184877804356,76.24184877804356,76.24184877804356,76.24184877804356,76.24184877804356,76.24184877804356,76.24184877804356,76.24184877804356,76.24184877804356,76.24184877804356,76.24184877804356,76.24184877804356,76.24184877804356,76.24184877804356,76.24184877804356,76.24184877804356,76.24184877804356,76.24184877804356,76.24184877804356,76.24184877804356,76.24184877804356,76.24184877804356,76.24184877804356,76.24184877804356,76.24184877804356,76.24184877804356,76.24184877804356,76.24184877804356,76.24184877804356,76.24184877804356,76.24184877804356,76.24184877804356,76.24184877804356,76.24184877804356,76.24184877804356,76.24184877804356,76.24184877804356,76.24184877804356,76.24184877804356,76.24184877804356,76.24184877804356,76.24184877804356,76.24184877804356,76.24184877804356,76.24184877804356,76.24184877804356
filtrado_filtrado_stroma_ad_carcinoma_FA_HN14_1_tumorales.csv,53.00718659418726,76.24184877804356,45.74718836609301,53.00718659418726,53.00718659418726,40.08219165720061,53.00718659418726,134.22042809824575,76.24184877804356,1.988738992268514e-308,134.22042809824575,53.00718659418726,53.00718659418726,53.00718659418726,53.00718659418726,53.00718659418726,53.00718659418726,53.00718659418726,53.00718659418726,53.00718659418726,56.65705604750161,53.00718659418726,53.00718659418726,40.08219165720061,60.22549600635911,53.00718659418726,53.00718659418726,53.00718659418726,53.00718659418726,53.00718659418726,52.751106982614886,60.22549600635911,53.00718659418726,57.001888097682084,65.39038576746387,54.86652097621243,53.00718659418726,53.00718659418726,53.00718659418726,53.00718659418726,53.00718659418726,53.00718659418726,56.65705604750161,42.76154858708874,53.00718659418726,65.39038576746387,61.249342407858805,52.8982888163539,53.00718659418726,53.00718659418726,53.00718659418726,53.00718659418726,53.00718659418726,53.00718659418726,53.00718659418726,46.2673995822727,53.00718659418726,53.00718659418726,53.00718659418726,134.22042809824575,53.00718659418726,53.00718659418726,53.00718659418726,65.39038576746387,53.00718659418726,53.00718659418726,53.00718659418726,31.182894160937593,76.24184877804356,53.00718659418726,46.2673995822727,53.00718659418726,53.00718659418726,60.22549600635911,53.00718659418726,53.00718659418726,53.00718659418726,52.8982888163539,53.00718659418726,53.00718659418726,53.00718659418726,45.74718836609301,53.00718659418726,46.1102521552678,53.00718659418726,53.00718659418726,45.74718836609301,53.00718659418726,42.76154858708874,1.988738992268514e-308,53.00718659418726,53.00718659418726,46.2673995822727,53.00718659418726,53.00718659418726,54.86652097621243,53.00718659418726,42.76154858708874,53.00718659418726,46.1102521552678,52.751106982614886,53.00718659418726,54.86652097621243,53.00718659418726,57.001888097682084,53.00718659418726,53.00718659418726,53.00718659418726,53.00718659418726,53.00718659418726,31.182894160937593,53.00718659418726,53.00718659418726,56.65705604750161,53.00718659418726,31.182894160937593,61.249342407858805,61.249342407858805,1.988738992268514e-308,53.00718659418726,40.08219165720061,52.751106982614886,53.00718659418726,53.00718659418726,46.1102521552678,53.00718659418726,52.8982888163539,56.65705604750161,53.00718659418726,53.00718659418726,53.00718659418726,53.00718659418726,53.00718659418726,53.00718659418726,53.00718659418726,57.001888097682084
filtrado_carcinoma_FA_HN15_2_tumorales.csv,134.22042809824575,115.13593609927307,134.22042809824575,134.22042809824575,134.22042809824575,134.22042809824575,134.22042809824575,1.7231416376075294e-308,115.13593609927307,134.22042809824575,1.7231416376075294e-308,122.43576491019058,134.22042809824575,134.22042809824575,134.22042809824575,134.22042809824575,134.22042809824575,134.22042809824575,134.22042809824575,134.22042809824575,134.22042809824575,134.22042809824575,134.22042809824575,134.22042809824575,134.22042809824575,134.22042809824575,134.22042809824575,134.22042809824575,134.22042809824575,134.22042809824575,134.22042809824575,134.22042809824575,134.22042809824575,134.22042809824575,92.89226540367738,82.35640126788502,134.22042809824575,134.22042809824575,134.22042809824575,134.22042809824575,134.22042809824575,134.22042809824575,134.22042809824575,134.22042809824575,134.22042809824575,92.89226540367738,134.22042809824575,118.8606936394367,134.22042809824575,134.22042809824575,134.22042809824575,134.22042809824575,134.22042809824575,134.22042809824575,134.22042809824575,134.22042809824575,134.22042809824575,134.22042809824575,134.22042809824575,1.7231416376075294e-308,134.22042809824575,134.22042809824575,134.22042809824575,92.89226540367738,134.22042809824575,122.43576491019058,134.22042809824575,134.22042809824575,115.13593609927307,134.22042809824575,134.22042809824575,134.22042809824575,134.22042809824575,134.22042809824575,134.22042809824575,134.22042809824575,134.22042809824575,118.8606936394367,134.22042809824575,134.22042809824575,134.22042809824575,134.22042809824575,134.22042809824575,134.22042809824575,134.22042809824575,134.22042809824575,134.22042809824575,134.22042809824575,134.22042809824575,134.22042809824575,134.22042809824575,134.22042809824575,134.22042809824575,134.22042809824575,134.22042809824575,82.35640126788502,134.22042809824575,134.22042809824575,134.22042809824575,134.22042809824575,134.22042809824575,134.22042809824575,82.35640126788502,134.22042809824575,134.22042809824575,134.22042809824575,134.22042809824575,134.22042809824575,134.22042809824575,134.22042809824575,134.22042809824575,134.22042809824575,134.22042809824575,134.22042809824575,122.43576491019058,134.22042809824575,134.22042809824575,134.22042809824575,134.22042809824575,134.22042809824575,134.22042809824575,134.22042809824575,134.22042809824575,134.22042809824575,134.22042809824575,134.22042809824575,118.8606936394367,134.22042809824575,134.22042809824575,134.22042809824575,134.22042809824575,134.22042809824575,134.22042809824575,134.22042809824575,134.22042809824575,134.22042809824575
filtrado_filtrado_stroma_ad_carcinoma_FA_HN11A_2_tumorales.csv,36.0784779915825,76.24184877804356,60.662395226503335,36.0784779915825,42.842039319474225,56.82078311049274,44.43288064808446,122.43576491019058,76.24184877804356,53.00718659418726,122.43576491019058,2.1839196808213735e-308,47.52989185198142,33.714702507472936,36.0784779915825,36.0784779915825,42.842039319474225,36.0784779915825,38.26818802503418,36.0784779915825,57.13891985048973,36.0784779915825,36.0784779915825,56.82078311049274,60.22549600635911,36.0784779915825,38.539598130152086,49.31063325382276,38.539598130152086,47.52989185198142,26.719273321475967,60.22549600635911,36.28922808121527,64.53940712116119,65.39038576746387,47.323909392517095,36.0784779915825,36.0784779915825,19.259581673360756,36.0784779915825,36.0784779915825,36.0784779915825,57.13891985048973,45.284368679646846,36.0784779915825,65.39038576746387,61.249342407858805,37.536980849169026,47.52989185198142,36.078477991582496,46.208948129955985,36.0784779915825,36.0784779915825,36.0784779915825,36.0784779915825,36.0784779915825,38.26818802503418,36.0784779915825,36.0784779915825,122.43576491019058,36.0784779915825,36.0784779915825,42.842039319474225,65.39038576746387,36.0784779915825,2.1839196808213735e-308,44.43288064808446,66.58474353949342,76.24184877804356,49.31063325382276,36.0784779915825,31.758849947149855,36.0784779915825,60.22549600635911,33.714702507472936,46.208948129955985,19.259581673360756,37.536980849169026,36.0784779915825,38.26818802503418,36.0784779915825,60.662395226503335,36.0784779915825,52.25151725805517,36.0784779915825,49.31063325382276,60.662395226503335,46.208948129955985,45.284368679646846,53.00718659418726,36.0784779915825,36.078477991582496,36.0784779915825,31.758849947149855,31.758849947149855,47.323909392517095,36.0784779915825,45.284368679646846,36.28922808121527,52.25151725805517,26.719273321475967,36.0784779915825,47.323909392517095,36.0784779915825,64.53940712116119,36.0784779915825,33.714702507472936,36.0784779915825,44.43288064808446,36.0784779915825,66.58474353949342,36.0784779915825,38.539598130152086,57.13891985048973,2.1839196808213735e-308,66.58474353949342,61.249342407858805,61.249342407858805,53.00718659418726,36.0784779915825,56.82078311049274,26.719273321475967,36.0784779915825,36.0784779915825,52.25151725805517,36.0784779915825,37.536980849169026,57.13891985048973,36.28922808121527,36.0784779915825,36.0784779915825,36.0784779915825,36.078477991582496,36.0784779915825,19.259581673360756,64.53940712116119
stroma_ad_dysplasia_FA_HN14_3_tumorales.csv,47.52989185198142,76.24184877804356,60.662395226503335,47.52989185198142,31.480156904825265,56.82078311049274,26.258037527254743,134.22042809824575,76.24184877804356,53.00718659418726,134.22042809824575,47.52989185198142,1.5335079016892704e-308,47.52989185198142,47.52989185198142,47.52989185198142,31.480156904825265,47.52989185198142,28.727884155084922,47.52989185198142,35.047577515728676,47.52989185198142,47.52989185198142,56.82078311049274,34.138159998487254,42.83772555480007,25.475641264448,22.147535625600412,25.475641264448,1.5335079016892704e-308,32.15938052106975,34.138159998487254,36.224192166661936,30.445760970535872,65.39038576746387,54.86652097621243,47.52989185198142,47.52989185198142,44.21669780651425,47.52989185198142,47.52989185198142,47.52989185198142,35.047577515728676,33.877942352344434,26.896307160436976,65.39038576746387,36.616838750823746,41.508250172038146,1.5335079016892704e-308,47.52989185198142,28.89276788012033,26.896307160436976,47.52989185198142,47.52989185198142,24.65241038421007,35.80167953342479,28.727884155084922,45.195664973668016,47.52989185198142,134.22042809824575,24.65241038421007,47.52989185198142,31.480156904825265,65.39038576746387,42.83772555480007,47.52989185198142,26.258037527254743,66.58474353949342,76.24184877804356,22.147535625600412,35.80167953342479,47.52989185198142,47.52989185198142,34.138159998487254,47.52989185198142,28.89276788012033,44.21669780651425,41.508250172038146,47.52989185198142,28.727884155084922,38.94902282276078,60.662395226503335,47.52989185198142,37.41744968903484,47.52989185198142,22.147535625600412,60.662395226503335,28.89276788012033,33.877942352344434,53.00718659418726,47.52989185198142,47.52989185198142,35.80167953342479,47.52989185198142,47.52989185198142,54.86652097621243,47.52989185198142,33.877942352344434,36.224192166661936,37.41744968903484,32.15938052106975,45.195664973668016,54.86652097621243,47.52989185198142,30.445760970535872,38.94902282276078,47.52989185198142,47.52989185198142,26.258037527254743,26.896307160436976,66.58474353949342,42.83772555480007,25.475641264448,35.047577515728676,47.52989185198142,66.58474353949342,36.616838750823746,36.616838750823746,53.00718659418726,47.52989185198142,56.82078311049274,32.15938052106975,47.52989185198142,47.52989185198142,37.41744968903484,24.65241038421007,41.508250172038146,35.047577515728676,36.224192166661936,45.195664973668016,47.52989185198142,47.52989185198142,47.52989185198142,38.94902282276078,44.21669780651425,30.445760970535872
