,carcinoma_FA_HN14_3_tumorales.csv,filtrado_filtrado_carcinoma_FA_HN11A_5_tumorales.csv,filtrado_stroma_ad_carcinoma_FA_HN15_2_tumorales.csv,filtrado_stroma_ad_dysplasia_FA_HN15_1_tumorales.csv,filtrado_filtrado_carcinoma_FA_HN14_4_tumorales.csv,filtrado_filtrado_carcinoma_FA_HN11A_2_tumorales.csv,carcinoma_FA_HN15_1_tumorales.csv,filtrado_filtrado_carcinoma_FA_HN15_2_tumorales.csv,carcinoma_FA_HN11A_5_tumorales.csv,filtrado_filtrado_stroma_ad_carcinoma_FA_HN14_1_tumorales.csv,filtrado_carcinoma_FA_HN15_2_tumorales.csv,filtrado_filtrado_stroma_ad_carcinoma_FA_HN11A_2_tumorales.csv,stroma_ad_dysplasia_FA_HN14_3_tumorales.csv,filtrado_stroma_ad_carcinoma_FA_HN15_4_tumorales.csv,filtrado_stroma_ad_carcinoma_FA_HN11A_1_tumorales.csv,filtrado_carcinoma_FA_HN14_3_tumorales.csv,filtrado_carcinoma_FA_HN14_4_tumorales.csv,filtrado_filtrado_stroma_ad_dysplasia_FA_HN11A_1_tumorales.csv,stroma_ad_dysplasia_FA_HN14_4_tumorales.csv,filtrado_filtrado_dysplasia_FA_HN14_1_tumorales.csv,filtrado_filtrado_filtrado_stroma_ad_dysplasia_FA_HN14_2_tumorales.csv,filtrado_stroma_ad_dysplasia_FA_HN11A_5_tumorales.csv,stroma_ad_dysplasia_FA_HN15_1_tumorales.csv,carcinoma_FA_HN11A_2_tumorales.csv,dysplasia_FA_HN15_1_tumorales.csv,filtrado_filtrado_stroma_ad_carcinoma_FA_HN14_4_tumorales.csv,filtrado_dysplasia_FA_HN15_2_tumorales.csv,carcinoma_FA_HN14_2_tumorales.csv,filtrado_filtrado_dysplasia_FA_HN15_2_tumorales.csv,filtrado_stroma_ad_dysplasia_FA_HN14_3_tumorales.csv,carcinoma_FA_HN11A_4_tumorales.csv,filtrado_dysplasia_FA_HN15_1_tumorales.csv,filtrado_filtrado_dysplasia_FA_HN11A_3_tumorales.csv,dysplasia_FA_HN15_3_tumorales.csv,filtrado_filtrado_dysplasia_FA_HN11A_5_tumorales.csv,filtrado_carcinoma_FA_HN11A_1_tumorales.csv,filtrado_filtrado_stroma_ad_dysplasia_FA_HN11A_3_tumorales.csv,filtrado_filtrado_dysplasia_FA_HN11A_2_tumorales.csv,filtrado_filtrado_stroma_ad_dysplasia_FA_HN15_2_tumorales.csv,filtrado_filtrado_stroma_ad_dysplasia_FA_HN15_1_tumorales.csv,filtrado_filtrado_stroma_ad_carcinoma_FA_HN11A_1_tumorales.csv,stroma_ad_dysplasia_FA_HN11A_1_tumorales.csv,filtrado_filtrado_stroma_ad_dysplasia_FA_HN14_2_tumorales.csv,stroma_ad_carcinoma_FA_HN15_3_tumorales.csv,filtrado_stroma_ad_carcinoma_FA_HN14_3_tumorales.csv,dysplasia_FA_HN11A_5_tumorales.csv,stroma_ad_dysplasia_FA_HN14_1_tumorales.csv,filtrado_dysplasia_FA_HN11A_4_tumorales.csv,filtrado_filtrado_stroma_ad_dysplasia_FA_HN14_3_tumorales.csv,stroma_ad_dysplasia_FA_HN11A_2_tumorales.csv,carcinoma_FA_HN14_1_tumorales.csv,filtrado_filtrado_stroma_ad_carcinoma_FA_HN14_3_tumorales.csv,stroma_ad_carcinoma_FA_HN11A_1_tumorales.csv,stroma_ad_dysplasia_FA_HN11A_5_tumorales.csv,filtrado_filtrado_dysplasia_FA_HN15_5_tumorales.csv,filtrado_stroma_ad_carcinoma_FA_HN15_1_tumorales.csv,filtrado_filtrado_stroma_ad_dysplasia_FA_HN14_4_tumorales.csv,filtrado_dysplasia_FA_HN14_2_tumorales.csv,filtrado_filtrado_carcinoma_FA_HN14_3_tumorales.csv,carcinoma_FA_HN15_2_tumorales.csv,dysplasia_FA_HN15_5_tumorales.csv,filtrado_filtrado_stroma_ad_dysplasia_FA_HN11A_4_tumorales.csv,carcinoma_FA_HN14_4_tumorales.csv,filtrado_dysplasia_FA_HN11A_5_tumorales.csv,stroma_ad_carcinoma_FA_HN14_4_tumorales.csv,stroma_ad_carcinoma_FA_HN11A_2_tumorales.csv,filtrado_carcinoma_FA_HN15_1_tumorales.csv,filtrado_carcinoma_FA_HN11A_3_tumorales.csv,filtrado_carcinoma_FA_HN11A_5_tumorales.csv,filtrado_filtrado_carcinoma_FA_HN14_2_tumorales.csv,stroma_ad_carcinoma_FA_HN15_1_tumorales.csv,filtrado_stroma_ad_carcinoma_FA_HN14_2_tumorales.csv,filtrado_stroma_ad_dysplasia_FA_HN11A_3_tumorales.csv,filtrado_filtrado_dysplasia_FA_HN15_1_tumorales.csv,stroma_ad_carcinoma_FA_HN15_4_tumorales.csv,filtrado_carcinoma_FA_HN14_1_tumorales.csv,stroma_ad_dysplasia_FA_HN15_2_tumorales.csv,filtrado_filtrado_dysplasia_FA_HN11A_4_tumorales.csv,dysplasia_FA_HN11A_1_tumorales.csv,filtrado_stroma_ad_dysplasia_FA_HN14_4_tumorales.csv,filtrado_stroma_ad_carcinoma_FA_HN14_5_tumorales.csv,stroma_ad_carcinoma_FA_HN15_2_tumorales.csv,filtrado_stroma_ad_dysplasia_FA_HN11A_1_tumorales.csv,filtrado_stroma_ad_dysplasia_FA_HN15_3_tumorales.csv,dysplasia_FA_HN14_1_tumorales.csv,filtrado_carcinoma_FA_HN14_2_tumorales.csv,filtrado_filtrado_stroma_ad_carcinoma_FA_HN15_2_tumorales.csv,filtrado_filtrado_carcinoma_FA_HN14_1_tumorales.csv,filtrado_filtrado_stroma_ad_carcinoma_FA_HN15_3_tumorales.csv,filtrado_stroma_ad_carcinoma_FA_HN14_1_tumorales.csv,filtrado_filtrado_stroma_ad_dysplasia_FA_HN11A_5_tumorales.csv,filtrado_stroma_ad_dysplasia_FA_HN11A_2_tumorales.csv,filtrado_filtrado_stroma_ad_carcinoma_FA_HN15_1_tumorales.csv,stroma_ad_carcinoma_FA_HN14_2_tumorales.csv,filtrado_filtrado_stroma_ad_carcinoma_FA_HN14_2_tumorales.csv,carcinoma_FA_HN11A_1_tumorales.csv,filtrado_dysplasia_FA_HN11A_1_tumorales.csv,filtrado_stroma_ad_carcinoma_FA_HN15_3_tumorales.csv,filtrado_dysplasia_FA_HN11A_3_tumorales.csv,filtrado_filtrado_stroma_ad_dysplasia_FA_HN15_3_tumorales.csv,filtrado_filtrado_carcinoma_FA_HN11A_4_tumorales.csv,dysplasia_FA_HN14_2_tumorales.csv,filtrado_filtrado_carcinoma_FA_HN11A_1_tumorales.csv,filtrado_stroma_ad_dysplasia_FA_HN11A_4_tumorales.csv,filtrado_dysplasia_FA_HN15_3_tumorales.csv,stroma_ad_carcinoma_FA_HN14_5_tumorales.csv,filtrado_filtrado_stroma_ad_carcinoma_FA_HN15_4_tumorales.csv,stroma_ad_dysplasia_FA_HN11A_4_tumorales.csv,filtrado_filtrado_carcinoma_FA_HN15_1_tumorales.csv,stroma_ad_carcinoma_FA_HN14_3_tumorales.csv,carcinoma_FA_HN11A_3_tumorales.csv,filtrado_stroma_ad_carcinoma_FA_HN14_4_tumorales.csv,dysplasia_FA_HN15_2_tumorales.csv,filtrado_stroma_ad_dysplasia_FA_HN14_2_tumorales.csv,filtrado_stroma_ad_carcinoma_FA_HN11A_2_tumorales.csv,filtrado_filtrado_carcinoma_FA_HN11A_3_tumorales.csv,filtrado_filtrado_stroma_ad_dysplasia_FA_HN14_1_tumorales.csv,filtrado_stroma_ad_dysplasia_FA_HN14_1_tumorales.csv,stroma_ad_carcinoma_FA_HN14_1_tumorales.csv,filtrado_filtrado_dysplasia_FA_HN11A_1_tumorales.csv,filtrado_carcinoma_FA_HN11A_2_tumorales.csv,filtrado_carcinoma_FA_HN11A_4_tumorales.csv,dysplasia_FA_HN11A_2_tumorales.csv,filtrado_dysplasia_FA_HN14_1_tumorales.csv,stroma_ad_dysplasia_FA_HN15_3_tumorales.csv,filtrado_dysplasia_FA_HN15_5_tumorales.csv,dysplasia_FA_HN11A_4_tumorales.csv,stroma_ad_dysplasia_FA_HN14_2_tumorales.csv,dysplasia_FA_HN11A_3_tumorales.csv,filtrado_filtrado_dysplasia_FA_HN14_2_tumorales.csv,filtrado_dysplasia_FA_HN11A_2_tumorales.csv,stroma_ad_dysplasia_FA_HN11A_3_tumorales.csv,filtrado_filtrado_stroma_ad_dysplasia_FA_HN11A_2_tumorales.csv,filtrado_filtrado_stroma_ad_carcinoma_FA_HN14_5_tumorales.csv,filtrado_stroma_ad_dysplasia_FA_HN15_2_tumorales.csv,filtrado_filtrado_dysplasia_FA_HN15_3_tumorales.csv
carcinoma_FA_HN14_3_tumorales.csv,7.91837500354807e-309,108.96296419973984,73.3248618168717,23.23817860990018,14.269370808007949,63.37260272237472,55.97666842026581,61.836401168891484,108.96296419973984,74.59394585106853,61.836401168891484,107.89833863649707,49.69149259432294,92.93716206394885,290.9272311004355,7.91837500354807e-309,14.269370808007949,274.4812419903528,50.59284069406432,56.55054872331224,59.76002496229101,21.172292100100037,23.23817860990018,63.37260272237472,62.652592188086984,39.09041043842136,36.45633794092585,48.93946091394879,36.45633794092585,49.69149259432294,75.86826439126102,62.652592188086984,105.70129809027918,52.635290841392084,96.55824978131187,74.60717003249312,283.85094767137696,249.11530833164778,102.70638204433183,23.23817860990018,290.9272311004355,274.4812419903528,59.76002496229101,71.03850561710595,51.18880753715048,96.55824978131187,62.03203764450828,50.49860018290775,49.69149259432294,192.23234044175496,28.248579026368695,51.18880753715048,290.9272311004355,21.172292100100037,71.7613369986357,145.99920921934398,50.59284069406432,120.32616231198303,7.91837500354807e-309,61.836401168891484,71.7613369986357,122.64456759709765,14.269370808007949,96.55824978131187,39.09041043842136,107.89833863649707,55.97666842026581,58.08831465484826,108.96296419973984,48.93946091394879,145.99920921934398,89.62727327897065,283.85094767137696,62.652592188086984,92.93716206394885,28.248579026368695,102.70638204433183,50.49860018290775,227.60042535373145,50.59284069406432,46.76339801043643,73.3248618168717,274.4812419903528,80.67399024304524,56.55054872331224,48.93946091394879,73.3248618168717,28.248579026368695,71.03850561710595,74.59394585106853,21.172292100100037,192.23234044175496,145.99920921934398,89.62727327897065,89.62727327897065,74.60717003249312,227.60042535373145,71.03850561710595,105.70129809027918,80.67399024304524,75.86826439126102,120.32616231198303,74.60717003249312,122.64456759709765,52.635290841392084,46.76339801043643,92.93716206394885,122.64456759709765,55.97666842026581,51.18880753715048,58.08831465484826,39.09041043842136,36.45633794092585,59.76002496229101,107.89833863649707,58.08831465484826,62.03203764450828,62.03203764450828,74.59394585106853,227.60042535373145,63.37260272237472,75.86826439126102,249.11530833164778,56.55054872331224,80.67399024304524,71.7613369986357,50.49860018290775,59.76002496229101,105.70129809027918,120.32616231198303,249.11530833164778,283.85094767137696,192.23234044175496,46.76339801043643,102.70638204433183,52.635290841392084
filtrado_filtrado_carcinoma_FA_HN11A_5_tumorales.csv,108.96296419973984,8.212198254687507e-309,80.8177500604649,108.96296419973984,108.96296419973984,91.29109113319592,106.43966364816936,96.58860417774542,8.212198254687507e-309,68.73803669734266,96.58860417774542,59.21709077880894,108.96296419973984,42.33680145883987,290.9272311004355,108.96296419973984,108.96296419973984,274.4812419903528,108.96296419973984,106.43966364816936,106.43966364816936,108.96296419973984,108.96296419973984,91.29109113319592,102.94178472060639,108.96296419973984,108.96296419973984,108.96296419973984,108.96296419973984,108.96296419973984,81.07929758234545,102.94178472060639,99.35085804872998,108.96296419973984,63.97196632441114,73.57248023116978,283.85094767137696,249.11530833164778,23.921605198058728,108.96296419973984,290.9272311004355,274.4812419903528,106.43966364816936,75.84891716526778,108.96296419973984,63.97196632441114,94.24957520613609,108.96296419973984,108.96296419973984,166.53875248403017,108.96296419973984,108.96296419973984,290.9272311004355,108.96296419973984,74.40325440220832,74.754195742327,108.96296419973984,101.7652307449062,108.96296419973984,96.58860417774542,74.40325440220832,106.43966364816936,108.96296419973984,63.97196632441114,108.96296419973984,59.21709077880894,106.43966364816936,105.771810740425,8.212198254687507e-309,108.96296419973984,74.754195742327,49.33920149357428,283.85094767137696,102.94178472060639,42.33680145883987,108.96296419973984,23.921605198058728,108.96296419973984,227.60042535373145,108.96296419973984,108.96296419973984,80.8177500604649,274.4812419903528,105.9230660349769,106.43966364816936,108.96296419973984,80.8177500604649,108.96296419973984,75.84891716526778,68.73803669734266,108.96296419973984,166.53875248403017,74.754195742327,49.33920149357428,49.33920149357428,73.57248023116978,227.60042535373145,75.84891716526778,99.35085804872998,105.9230660349769,81.07929758234545,101.7652307449062,73.57248023116978,106.43966364816936,108.96296419973984,108.96296419973984,42.33680145883987,106.43966364816936,106.43966364816936,108.96296419973984,105.771810740425,108.96296419973984,108.96296419973984,106.43966364816936,59.21709077880894,105.771810740425,94.24957520613609,94.24957520613609,68.73803669734266,227.60042535373145,91.29109113319592,81.07929758234545,249.11530833164778,106.43966364816936,105.9230660349769,74.40325440220832,108.96296419973984,106.43966364816936,99.35085804872998,101.7652307449062,249.11530833164778,283.85094767137696,166.53875248403017,108.96296419973984,23.921605198058728,108.96296419973984
filtrado_stroma_ad_carcinoma_FA_HN15_2_tumorales.csv,73.3248618168717,80.8177500604649,1.2483023732325506e-308,73.3248618168717,73.3248618168717,20.711646089513273,37.46029728503409,22.97692129596045,80.8177500604649,31.755248905070296,22.97692129596045,69.14695363925074,47.149499139493415,51.73840151339783,290.9272311004355,73.3248618168717,73.3248618168717,274.4812419903528,45.46404224561479,66.0307886179369,32.86005929220332,73.3248618168717,73.3248618168717,20.711646089513273,22.12403466014149,58.84655178293866,63.386380954032774,47.90153081986756,63.386380954032774,47.149499139493415,27.325709141008105,22.12403466014149,64.75287254681493,41.37914195095925,46.46677592888034,22.40642018178596,283.85094767137696,249.11530833164778,58.76304045492026,73.3248618168717,290.9272311004355,274.4812419903528,32.86005929220332,21.844045300293416,44.27210855944246,46.46677592888034,33.31436687038445,45.65252326792792,47.149499139493415,192.23234044175496,69.49258164021225,44.27210855944246,290.9272311004355,73.3248618168717,15.988795991428873,145.34869480494456,45.46404224561479,94.00260099022265,73.3248618168717,22.97692129596045,15.988795991428873,98.63941156045189,73.3248618168717,46.46677592888034,58.84655178293866,69.14695363925074,37.46029728503409,30.47309432404691,80.8177500604649,47.90153081986756,145.34869480494456,43.66453476170703,283.85094767137696,22.12403466014149,51.73840151339783,69.49258164021225,58.76304045492026,45.65252326792792,227.60042535373145,45.46404224561479,55.36672565751755,1.2483023732325506e-308,274.4812419903528,25.10531597451201,66.0307886179369,47.90153081986756,1.2483023732325506e-308,69.49258164021225,21.844045300293416,31.755248905070296,73.3248618168717,192.23234044175496,145.34869480494456,43.66453476170703,43.66453476170703,22.40642018178596,227.60042535373145,21.844045300293416,64.75287254681493,25.10531597451201,27.325709141008105,94.00260099022265,22.40642018178596,98.63941156045189,41.37914195095925,55.36672565751755,51.73840151339783,98.63941156045189,37.46029728503409,44.27210855944246,30.47309432404691,58.84655178293866,63.386380954032774,32.86005929220332,69.14695363925074,30.47309432404691,33.31436687038445,33.31436687038445,31.755248905070296,227.60042535373145,20.711646089513273,27.325709141008105,249.11530833164778,66.0307886179369,25.10531597451201,15.988795991428873,45.65252326792792,32.86005929220332,64.75287254681493,94.00260099022265,249.11530833164778,283.85094767137696,192.23234044175496,55.36672565751755,58.76304045492026,41.37914195095925
filtrado_stroma_ad_dysplasia_FA_HN15_1_tumorales.csv,23.23817860990018,108.96296419973984,73.3248618168717,2.034190214238294e-308,27.94616573098636,63.37260272237472,53.44374031028765,61.836401168891484,108.96296419973984,74.59394585106853,61.836401168891484,107.89833863649707,46.12264762384464,92.93716206394885,290.9272311004355,23.23817860990018,27.94616573098636,274.4812419903528,47.2121713852884,54.59150091638051,59.76002496229101,27.182058398446657,2.034190214238294e-308,63.37260272237472,62.652592188086984,42.78338382911086,41.466347580363106,47.66919402533783,41.466347580363106,46.12264762384464,75.86826439126102,62.652592188086984,105.70129809027918,50.42688044873455,96.55824978131187,74.60717003249312,283.8509476713769,249.11530833164778,102.70638204433183,2.034190214238294e-308,290.9272311004355,274.4812419903528,59.76002496229101,71.03850561710595,49.30165098120861,96.55824978131187,62.03203764450828,47.19150005700534,46.12264762384464,192.23234044175496,37.362468123084525,49.30165098120861,290.9272311004355,27.182058398446657,71.7613369986357,145.99920921934398,47.2121713852884,120.32616231198304,23.23817860990018,61.836401168891484,71.7613369986357,122.64456759709765,27.94616573098636,96.55824978131187,42.78338382911086,107.89833863649707,53.44374031028765,57.66703277945254,108.96296419973984,47.66919402533783,145.99920921934398,89.62727327897065,283.8509476713769,62.652592188086984,92.93716206394885,37.362468123084525,102.70638204433183,47.19150005700534,227.60042535373145,47.2121713852884,38.34742578917813,73.3248618168717,274.4812419903528,80.67399024304524,54.59150091638051,47.66919402533783,73.3248618168717,37.362468123084525,71.03850561710595,74.59394585106853,27.182058398446657,192.23234044175496,145.99920921934398,89.62727327897065,89.62727327897065,74.60717003249312,227.60042535373145,71.03850561710595,105.70129809027918,80.67399024304524,75.86826439126102,120.32616231198304,74.60717003249312,122.64456759709765,50.42688044873455,38.34742578917813,92.93716206394885,122.64456759709765,53.44374031028765,49.30165098120861,57.66703277945254,42.78338382911086,41.466347580363106,59.76002496229101,107.89833863649707,57.66703277945254,62.03203764450828,62.03203764450828,74.59394585106853,227.60042535373145,63.37260272237472,75.86826439126102,249.11530833164778,54.59150091638051,80.67399024304524,71.7613369986357,47.19150005700534,59.76002496229101,105.70129809027918,120.32616231198304,249.11530833164778,283.8509476713769,192.23234044175496,38.34742578917813,102.70638204433183,50.42688044873455
filtrado_filtrado_carcinoma_FA_HN14_4_tumorales.csv,14.269370808007949,108.96296419973984,73.3248618168717,27.94616573098636,2.039649518405445e-308,62.667102736814414,47.8752341325966,59.59469962984795,108.96296419973984,74.59394585106853,59.59469962984795,107.89833863649707,36.35296378571657,92.93716206394885,290.9272311004355,14.269370808007949,2.039649518405445e-308,274.4812419903528,38.53201130860408,49.02299473868946,55.44194721664701,26.80038911569185,27.94616573098636,62.667102736814414,61.22708166823895,29.67443619624902,27.040363698753506,39.44605658870296,27.040363698753506,36.35296378571657,75.86826439126102,61.22708166823895,105.70129809027918,44.9614294354964,96.55824978131187,74.60717003249312,283.85094767137696,249.11530833164778,102.70638204433183,27.94616573098636,290.9272311004355,274.4812419903528,55.44194721664701,71.03850561710595,42.71097050044452,96.55824978131187,59.985972581081526,38.49066865203797,36.35296378571657,192.23234044175496,18.83260478419635,42.71097050044452,290.9272311004355,26.80038911569185,71.7613369986357,145.99920921934398,38.53201130860408,120.32616231198303,14.269370808007949,59.59469962984795,71.7613369986357,122.64456759709765,2.039649518405445e-308,96.55824978131187,29.67443619624902,107.89833863649707,47.8752341325966,52.09852660176149,108.96296419973984,39.44605658870296,145.99920921934398,89.62727327897065,283.85094767137696,61.22708166823895,92.93716206394885,18.83260478419635,102.70638204433183,38.49066865203797,227.60042535373145,38.53201130860408,32.494027202428484,73.3248618168717,274.4812419903528,80.67399024304524,49.02299473868946,39.44605658870296,73.3248618168717,18.83260478419635,71.03850561710595,74.59394585106853,26.80038911569185,192.23234044175496,145.99920921934398,89.62727327897065,89.62727327897065,74.60717003249312,227.60042535373145,71.03850561710595,105.70129809027918,80.67399024304524,75.86826439126102,120.32616231198303,74.60717003249312,122.64456759709765,44.9614294354964,32.494027202428484,92.93716206394885,122.64456759709765,47.8752341325966,42.71097050044452,52.09852660176149,29.67443619624902,27.040363698753506,55.44194721664701,107.89833863649707,52.09852660176149,59.985972581081526,59.985972581081526,74.59394585106853,227.60042535373145,62.667102736814414,75.86826439126102,249.11530833164778,49.02299473868946,80.67399024304524,71.7613369986357,38.49066865203797,55.44194721664701,105.70129809027918,120.32616231198303,249.11530833164778,283.85094767137696,192.23234044175496,32.494027202428484,102.70638204433183,44.9614294354964
filtrado_filtrado_carcinoma_FA_HN11A_2_tumorales.csv,63.37260272237472,91.29109113319592,20.711646089513273,63.37260272237472,62.667102736814414,1.7446365387484163e-308,27.264087537427883,27.53782053726698,91.29109113319592,24.20029684219604,27.53782053726698,89.05147182824473,36.78824916136536,62.211742586128864,290.9272311004355,63.37260272237472,62.667102736814414,274.4812419903528,39.59019704404763,58.57625921165449,30.328235504262295,62.937751359093525,63.37260272237472,1.7446365387484163e-308,15.466056422957678,50.78460222989179,43.481862765038784,33.867010790405814,43.481862765038784,36.78824916136536,24.991323337772627,15.466056422957678,84.65739073580892,22.93742127995472,66.37129411787433,22.469134620236815,283.85094767137696,249.11530833164778,78.66755864391425,63.37260272237472,290.9272311004355,274.4812419903528,30.328235504262295,19.144104546201376,39.098350241702164,66.37129411787433,35.30247440871773,39.61139520770372,36.78824916136536,192.23234044175496,50.1540053942273,39.098350241702164,290.9272311004355,62.937751359093525,18.259640566197348,145.99920921934398,39.59019704404763,113.90711917921664,63.37260272237472,27.53782053726698,18.259640566197348,118.54392974944588,62.667102736814414,66.37129411787433,50.78460222989179,89.05147182824473,27.264087537427883,14.480719607229062,91.29109113319592,33.867010790405814,145.99920921934398,52.50934111319185,283.85094767137696,15.466056422957678,62.211742586128864,50.1540053942273,78.66755864391425,39.61139520770372,227.60042535373145,39.59019704404763,54.65295750669351,20.711646089513273,274.4812419903528,34.60277504134106,58.57625921165449,33.867010790405814,20.711646089513273,50.1540053942273,19.144104546201376,24.20029684219604,62.937751359093525,192.23234044175496,145.99920921934398,52.50934111319185,52.50934111319185,22.469134620236815,227.60042535373145,19.144104546201376,84.65739073580892,34.60277504134106,24.991323337772627,113.90711917921664,22.469134620236815,118.54392974944588,22.93742127995472,54.65295750669351,62.211742586128864,118.54392974944588,27.264087537427883,39.098350241702164,14.480719607229062,50.78460222989179,43.481862765038784,30.328235504262295,89.05147182824473,14.480719607229062,35.30247440871773,35.30247440871773,24.20029684219604,227.60042535373145,1.7446365387484163e-308,24.991323337772627,249.11530833164778,58.57625921165449,34.60277504134106,18.259640566197348,39.61139520770372,30.328235504262295,84.65739073580892,113.90711917921664,249.11530833164778,283.85094767137696,192.23234044175496,54.65295750669351,78.66755864391425,22.93742127995472
carcinoma_FA_HN15_1_tumorales.csv,55.97666842026581,106.43966364816936,37.46029728503409,53.44374031028765,47.8752341325966,27.264087537427883,1.5870341365221866e-308,21.689443167753552,106.43966364816936,51.187253054499095,21.689443167753552,103.84334043246253,12.453112346281614,89.1986987984319,290.9272311004355,55.97666842026581,47.8752341325966,274.4812419903528,15.390557936353666,36.706120567255,15.788304196246425,48.145882754875714,53.44374031028765,27.264087537427883,19.12368137978237,24.15016498972686,28.689994160820973,13.20514402665576,28.689994160820973,12.453112346281614,39.78319194199044,19.12368137978237,99.44925934002671,15.199450167813936,81.16316272209212,44.70556711432921,283.85094767137696,249.11530833164778,94.35644214744025,53.44374031028765,290.9272311004355,274.4812419903528,15.788304196246425,46.13106075850443,20.708527241393135,81.16316272209212,24.02847213936289,15.180598672939965,12.453112346281614,192.23234044175496,34.796194847000464,20.708527241393135,290.9272311004355,48.145882754875714,45.246596778500404,145.99920921934398,15.390557936353666,120.32616231198303,55.97666842026581,21.689443167753552,45.246596778500404,122.64456759709765,47.8752341325966,81.16316272209212,24.15016498972686,103.84334043246253,1.5870341365221866e-308,17.61024758219969,106.43966364816936,13.20514402665576,145.99920921934398,76.31699474332854,283.85094767137696,19.12368137978237,89.1986987984319,34.796194847000464,94.35644214744025,15.180598672939965,227.60042535373145,15.390557936353666,27.540297153555663,37.46029728503409,274.4812419903528,49.39464364555887,36.706120567255,13.20514402665576,37.46029728503409,34.796194847000464,46.13106075850443,51.187253054499095,48.145882754875714,192.23234044175496,145.99920921934398,76.31699474332854,76.31699474332854,44.70556711432921,227.60042535373145,46.13106075850443,99.44925934002671,49.39464364555887,39.78319194199044,120.32616231198303,44.70556711432921,122.64456759709765,15.199450167813936,27.540297153555663,89.1986987984319,122.64456759709765,1.5870341365221866e-308,20.708527241393135,17.61024758219969,24.15016498972686,28.689994160820973,15.788304196246425,103.84334043246253,17.61024758219969,24.02847213936289,24.02847213936289,51.187253054499095,227.60042535373145,27.264087537427883,39.78319194199044,249.11530833164778,36.706120567255,49.39464364555887,45.246596778500404,15.180598672939965,15.788304196246425,99.44925934002671,120.32616231198303,249.11530833164778,283.85094767137696,192.23234044175496,27.540297153555663,94.35644214744025,15.199450167813936
filtrado_filtrado_carcinoma_FA_HN15_2_tumorales.csv,61.836401168891484,96.58860417774542,22.97692129596045,61.836401168891484,59.59469962984795,27.53782053726698,21.689443167753552,1.405659057848729e-308,96.58860417774542,31.4061744787476,1.405659057848729e-308,92.12387493521118,24.172577843532963,67.50925563067835,290.9272311004355,61.836401168891484,59.59469962984795,274.4812419903528,23.329397922017648,51.528594123860145,16.96162968620508,59.86534825212706,61.836401168891484,27.53782053726698,16.662483415133693,35.86963048697821,40.40945965807232,24.924609523907108,40.40945965807232,24.172577843532963,28.06372644473909,16.662483415133693,87.72979384277536,18.4022206549988,69.44369722484078,25.541537727203277,283.85094767137696,249.11530833164778,81.7399617508807,61.836401168891484,290.9272311004355,274.4812419903528,16.96162968620508,27.06601577690867,21.295187263482006,69.44369722484078,15.207695195672809,22.675601971967467,24.172577843532963,192.23234044175496,46.51566034425181,21.295187263482006,290.9272311004355,59.86534825212706,23.55715361074685,145.99920921934398,23.329397922017648,116.9795222861831,61.836401168891484,1.405659057848729e-308,23.55715361074685,121.61633285641233,59.59469962984795,69.44369722484078,35.86963048697821,92.12387493521118,21.689443167753552,15.377596019910015,96.58860417774542,24.924609523907108,145.99920921934398,57.89621395322743,283.85094767137696,16.662483415133693,67.50925563067835,46.51566034425181,81.7399617508807,22.675601971967467,227.60042535373145,23.329397922017648,39.59587154023701,22.97692129596045,274.4812419903528,37.67517814830752,51.528594123860145,24.924609523907108,22.97692129596045,46.51566034425181,27.06601577690867,31.4061744787476,59.86534825212706,192.23234044175496,145.99920921934398,57.89621395322743,57.89621395322743,25.541537727203277,227.60042535373145,27.06601577690867,87.72979384277536,37.67517814830752,28.06372644473909,116.9795222861831,25.541537727203277,121.61633285641233,18.4022206549988,39.59587154023701,67.50925563067835,121.61633285641233,21.689443167753552,21.295187263482006,15.377596019910015,35.86963048697821,40.40945965807232,16.96162968620508,92.12387493521118,15.377596019910015,15.207695195672809,15.207695195672809,31.4061744787476,227.60042535373145,27.53782053726698,28.06372644473909,249.11530833164778,51.528594123860145,37.67517814830752,23.55715361074685,22.675601971967467,16.96162968620508,87.72979384277536,116.9795222861831,249.11530833164778,283.85094767137696,192.23234044175496,39.59587154023701,81.7399617508807,18.4022206549988
carcinoma_FA_HN11A_5_tumorales.csv,108.96296419973984,8.212198254687507e-309,80.8177500604649,108.96296419973984,108.96296419973984,91.29109113319592,106.43966364816936,96.58860417774542,8.212198254687507e-309,68.73803669734266,96.58860417774542,59.21709077880894,108.96296419973984,42.33680145883987,290.9272311004355,108.96296419973984,108.96296419973984,274.4812419903528,108.96296419973984,106.43966364816936,106.43966364816936,108.96296419973984,108.96296419973984,91.29109113319592,102.94178472060639,108.96296419973984,108.96296419973984,108.96296419973984,108.96296419973984,108.96296419973984,81.07929758234545,102.94178472060639,99.35085804872998,108.96296419973984,63.97196632441114,73.57248023116978,283.85094767137696,249.11530833164778,23.921605198058728,108.96296419973984,290.9272311004355,274.4812419903528,106.43966364816936,75.84891716526778,108.96296419973984,63.97196632441114,94.24957520613609,108.96296419973984,108.96296419973984,166.53875248403017,108.96296419973984,108.96296419973984,290.9272311004355,108.96296419973984,74.40325440220832,74.754195742327,108.96296419973984,101.7652307449062,108.96296419973984,96.58860417774542,74.40325440220832,106.43966364816936,108.96296419973984,63.97196632441114,108.96296419973984,59.21709077880894,106.43966364816936,105.771810740425,8.212198254687507e-309,108.96296419973984,74.754195742327,49.33920149357428,283.85094767137696,102.94178472060639,42.33680145883987,108.96296419973984,23.921605198058728,108.96296419973984,227.60042535373145,108.96296419973984,108.96296419973984,80.8177500604649,274.4812419903528,105.9230660349769,106.43966364816936,108.96296419973984,80.8177500604649,108.96296419973984,75.84891716526778,68.73803669734266,108.96296419973984,166.53875248403017,74.754195742327,49.33920149357428,49.33920149357428,73.57248023116978,227.60042535373145,75.84891716526778,99.35085804872998,105.9230660349769,81.07929758234545,101.7652307449062,73.57248023116978,106.43966364816936,108.96296419973984,108.96296419973984,42.33680145883987,106.43966364816936,106.43966364816936,108.96296419973984,105.771810740425,108.96296419973984,108.96296419973984,106.43966364816936,59.21709077880894,105.771810740425,94.24957520613609,94.24957520613609,68.73803669734266,227.60042535373145,91.29109113319592,81.07929758234545,249.11530833164778,106.43966364816936,105.9230660349769,74.40325440220832,108.96296419973984,106.43966364816936,99.35085804872998,101.7652307449062,249.11530833164778,283.85094767137696,166.53875248403017,108.96296419973984,23.921605198058728,108.96296419973984
filtrado_filtrado_stroma_ad_carcinoma_FA_HN14_1_tumorales.csv,74.59394585106853,68.73803669734266,31.755248905070296,74.59394585106853,74.59394585106853,24.20029684219604,51.187253054499095,31.4061744787476,68.73803669734266,2.0695065205310826e-308,31.4061744787476,66.60878557085712,53.543237757649536,38.011445743932825,290.9272311004355,74.59394585106853,74.59394585106853,274.4812419903528,52.04611582079649,72.89426650266941,45.14690624987814,74.59394585106853,74.59394585106853,24.20029684219604,35.8509904296065,61.38471985133228,65.92454902242639,50.450144954663145,65.92454902242639,53.543237757649536,23.28547528749324,35.8509904296065,62.21470447842131,44.934772107869705,43.92860786048672,30.869702694716793,283.85094767137696,249.11530833164778,56.22487238652664,74.59394585106853,290.9272311004355,274.4812419903528,45.14690624987814,30.237534371158475,48.888651385173915,43.92860786048672,45.60121382805927,51.405532891328136,53.543237757649536,192.23234044175496,72.03074970860587,48.888651385173915,290.9272311004355,74.59394585106853,28.76474093520808,142.81052673655097,52.04611582079649,91.46443292182903,74.59394585106853,31.4061744787476,28.76474093520808,96.10124349205827,74.59394585106853,43.92860786048672,61.38471985133228,66.60878557085712,51.187253054499095,38.6810164494251,68.73803669734266,50.450144954663145,142.81052673655097,41.432401544223765,283.85094767137696,35.8509904296065,38.011445743932825,72.03074970860587,56.22487238652664,51.405532891328136,227.60042535373145,52.04611582079649,69.09368142698256,31.755248905070296,274.4812419903528,38.83227174397702,72.89426650266941,50.450144954663145,31.755248905070296,72.03074970860587,30.237534371158475,2.0695065205310826e-308,74.59394585106853,192.23234044175496,142.81052673655097,41.432401544223765,41.432401544223765,30.869702694716793,227.60042535373145,30.237534371158475,62.21470447842131,38.83227174397702,23.28547528749324,91.46443292182903,30.869702694716793,96.10124349205827,44.934772107869705,69.09368142698256,38.011445743932825,96.10124349205827,51.187253054499095,48.888651385173915,38.6810164494251,61.38471985133228,65.92454902242639,45.14690624987814,66.60878557085712,38.6810164494251,45.60121382805927,45.60121382805927,2.0695065205310826e-308,227.60042535373145,24.20029684219604,23.28547528749324,249.11530833164778,72.89426650266941,38.83227174397702,28.76474093520808,51.405532891328136,45.14690624987814,62.21470447842131,91.46443292182903,249.11530833164778,283.85094767137696,192.23234044175496,69.09368142698256,56.22487238652664,44.934772107869705
filtrado_carcinoma_FA_HN15_2_tumorales.csv,61.836401168891484,96.58860417774542,22.97692129596045,61.836401168891484,59.59469962984795,27.53782053726698,21.689443167753552,1.405659057848729e-308,96.58860417774542,31.4061744787476,1.405659057848729e-308,92.12387493521118,24.172577843532963,67.50925563067835,290.9272311004355,61.836401168891484,59.59469962984795,274.4812419903528,23.329397922017648,51.528594123860145,16.96162968620508,59.86534825212706,61.836401168891484,27.53782053726698,16.662483415133693,35.86963048697821,40.40945965807232,24.924609523907108,40.40945965807232,24.172577843532963,28.06372644473909,16.662483415133693,87.72979384277536,18.4022206549988,69.44369722484078,25.541537727203277,283.85094767137696,249.11530833164778,81.7399617508807,61.836401168891484,290.9272311004355,274.4812419903528,16.96162968620508,27.06601577690867,21.295187263482006,69.44369722484078,15.207695195672809,22.675601971967467,24.172577843532963,192.23234044175496,46.51566034425181,21.295187263482006,290.9272311004355,59.86534825212706,23.55715361074685,145.99920921934398,23.329397922017648,116.9795222861831,61.836401168891484,1.405659057848729e-308,23.55715361074685,121.61633285641233,59.59469962984795,69.44369722484078,35.86963048697821,92.12387493521118,21.689443167753552,15.377596019910015,96.58860417774542,24.924609523907108,145.99920921934398,57.89621395322743,283.85094767137696,16.662483415133693,67.50925563067835,46.51566034425181,81.7399617508807,22.675601971967467,227.60042535373145,23.329397922017648,39.59587154023701,22.97692129596045,274.4812419903528,37.67517814830752,51.528594123860145,24.924609523907108,22.97692129596045,46.51566034425181,27.06601577690867,31.4061744787476,59.86534825212706,192.23234044175496,145.99920921934398,57.89621395322743,57.89621395322743,25.541537727203277,227.60042535373145,27.06601577690867,87.72979384277536,37.67517814830752,28.06372644473909,116.9795222861831,25.541537727203277,121.61633285641233,18.4022206549988,39.59587154023701,67.50925563067835,121.61633285641233,21.689443167753552,21.295187263482006,15.377596019910015,35.86963048697821,40.40945965807232,16.96162968620508,92.12387493521118,15.377596019910015,15.207695195672809,15.207695195672809,31.4061744787476,227.60042535373145,27.53782053726698,28.06372644473909,249.11530833164778,51.528594123860145,37.67517814830752,23.55715361074685,22.675601971967467,16.96162968620508,87.72979384277536,116.9795222861831,249.11530833164778,283.85094767137696,192.23234044175496,39.59587154023701,81.7399617508807,18.4022206549988
filtrado_filtrado_stroma_ad_carcinoma_FA_HN11A_2_tumorales.csv,107.89833863649707,59.21709077880894,69.14695363925074,107.89833863649707,107.89833863649707,89.05147182824473,103.84334043246253,92.12387493521118,59.21709077880894,66.60878557085712,92.12387493521118,1.166669209167912e-308,107.89833863649707,43.55234015114874,290.9272311004355,107.89833863649707,107.89833863649707,274.4812419903528,107.89833863649707,102.69557982636968,96.27662734841212,107.89833863649707,107.89833863649707,89.05147182824473,90.49149289682018,107.89833863649707,107.89833863649707,107.89833863649707,107.89833863649707,107.89833863649707,64.0601484904721,90.49149289682018,71.14749706108836,107.89833863649707,44.31435933262837,66.58233720800791,283.85094767137696,249.11530833164778,57.817327013261675,107.89833863649707,290.9272311004355,274.4812419903528,96.27662734841212,73.71966603878224,107.89833863649707,44.31435933262837,91.73260198397762,107.89833863649707,107.89833863649707,168.6680036105157,107.89833863649707,107.89833863649707,290.9272311004355,107.89833863649707,72.27400327572278,76.20174116569385,107.89833863649707,89.72884853309537,107.89833863649707,92.12387493521118,72.27400327572278,92.33798315434854,107.89833863649707,44.31435933262837,107.89833863649707,1.166669209167912e-308,103.84334043246253,99.62004796329765,59.21709077880894,107.89833863649707,76.20174116569385,54.620464189084984,283.85094767137696,90.49149289682018,43.55234015114874,107.89833863649707,57.817327013261675,107.89833863649707,227.60042535373145,107.89833863649707,107.89833863649707,69.14695363925074,274.4812419903528,83.3469492616068,102.69557982636968,107.89833863649707,69.14695363925074,107.89833863649707,73.71966603878224,66.60878557085712,107.89833863649707,168.6680036105157,76.20174116569385,54.620464189084984,54.620464189084984,66.58233720800791,227.60042535373145,73.71966603878224,71.14749706108836,83.3469492616068,64.0601484904721,89.72884853309537,66.58233720800791,92.33798315434854,107.89833863649707,107.89833863649707,43.55234015114874,92.33798315434854,103.84334043246253,107.89833863649707,99.62004796329765,107.89833863649707,107.89833863649707,96.27662734841212,1.166669209167912e-308,99.62004796329765,91.73260198397762,91.73260198397762,66.60878557085712,227.60042535373145,89.05147182824473,64.0601484904721,249.11530833164778,102.69557982636968,83.3469492616068,72.27400327572278,107.89833863649707,96.27662734841212,71.14749706108836,89.72884853309537,249.11530833164778,283.85094767137696,168.6680036105157,107.89833863649707,57.817327013261675,107.89833863649707
stroma_ad_dysplasia_FA_HN14_3_tumorales.csv,49.69149259432294,108.96296419973984,47.149499139493415,46.12264762384464,36.35296378571657,36.78824916136536,12.453112346281614,24.172577843532963,108.96296419973984,53.543237757649536,24.172577843532963,107.89833863649707,1.964847417712277e-308,91.55468350158236,290.9272311004355,49.69149259432294,36.35296378571657,274.4812419903528,19.19162621108157,30.554914885345525,20.462112325369965,43.551884804167244,46.12264762384464,36.78824916136536,25.804959881923963,21.415081636316323,20.14907320636705,16.099047469630356,20.14907320636705,1.964847417712277e-308,52.23630428827205,25.804959881923963,105.70129809027918,14.7036943099735,93.61627506837374,49.71411557073624,283.85094767137696,249.11530833164778,102.70638204433183,46.12264762384464,290.9272311004355,274.4812419903528,20.462112325369965,48.48704546165487,23.9995492541984,93.61627506837374,26.38445684251333,16.246053021206343,1.964847417712277e-308,192.23234044175496,23.00691637034405,23.9995492541984,290.9272311004355,43.551884804167244,47.602581481650844,145.99920921934398,19.19162621108157,120.32616231198303,49.69149259432294,24.172577843532963,47.602581481650844,122.64456759709765,36.35296378571657,93.61627506837374,21.415081636316323,107.89833863649707,12.453112346281614,24.101373748333742,108.96296419973984,16.099047469630356,145.99920921934398,79.75432206369126,283.85094767137696,25.804959881923963,91.55468350158236,23.00691637034405,102.70638204433183,16.246053021206343,227.60042535373145,19.19162621108157,29.057838320230417,47.149499139493415,274.4812419903528,61.847755991840486,30.554914885345525,16.099047469630356,47.149499139493415,23.00691637034405,48.48704546165487,53.543237757649536,43.551884804167244,192.23234044175496,145.99920921934398,79.75432206369126,79.75432206369126,49.71411557073624,227.60042535373145,48.48704546165487,105.70129809027918,61.847755991840486,52.23630428827205,120.32616231198303,49.71411557073624,122.64456759709765,14.7036943099735,29.057838320230417,91.55468350158236,122.64456759709765,12.453112346281614,23.9995492541984,24.101373748333742,21.415081636316323,20.14907320636705,20.462112325369965,107.89833863649707,24.101373748333742,26.38445684251333,26.38445684251333,53.543237757649536,227.60042535373145,36.78824916136536,52.23630428827205,249.11530833164778,30.554914885345525,61.847755991840486,47.602581481650844,16.246053021206343,20.462112325369965,105.70129809027918,120.32616231198303,249.11530833164778,283.85094767137696,192.23234044175496,29.057838320230417,102.70638204433183,14.7036943099735
