,stroma_ad_dysplasia_FA_HN15_1_mieloides_notumorales.csv,carcinoma_FA_HN14_1_mieloides_notumorales.csv,carcinoma_FA_HN15_2_mieloides_notumorales.csv,stroma_ad_dysplasia_FA_HN14_4_mieloides_notumorales.csv,stroma_ad_carcinoma_FA_HN15_1_mieloides_notumorales.csv,stroma_ad_carcinoma_FA_HN14_3_mieloides_notumorales.csv,stroma_ad_carcinoma_FA_HN15_4_mieloides_notumorales.csv,dysplasia_FA_HN14_1_mieloides_notumorales.csv,carcinoma_FA_HN14_4_mieloides_notumorales.csv,dysplasia_FA_HN11A_4_mieloides_notumorales.csv,carcinoma_FA_HN11A_5_mieloides_notumorales.csv,stroma_ad_dysplasia_FA_HN11A_2_mieloides_notumorales.csv,carcinoma_FA_HN15_1_mieloides_notumorales.csv,stroma_ad_dysplasia_FA_HN11A_1_mieloides_notumorales.csv,stroma_ad_carcinoma_FA_HN14_1_mieloides_notumorales.csv,carcinoma_FA_HN14_2_mieloides_notumorales.csv,stroma_ad_dysplasia_FA_HN15_4_mieloides_notumorales.csv,carcinoma_FA_HN11A_3_mieloides_notumorales.csv,carcinoma_FA_HN11A_1_mieloides_notumorales.csv,carcinoma_FA_HN11A_4_mieloides_notumorales.csv,dysplasia_FA_HN11A_3_mieloides_notumorales.csv,carcinoma_FA_HN11A_2_mieloides_notumorales.csv,stroma_ad_dysplasia_FA_HN11A_4_mieloides_notumorales.csv,stroma_ad_dysplasia_FA_HN15_5_mieloides_notumorales.csv,dysplasia_FA_HN11A_2_mieloides_notumorales.csv,stroma_ad_dysplasia_FA_HN14_1_mieloides_notumorales.csv,carcinoma_FA_HN14_3_mieloides_notumorales.csv,stroma_ad_carcinoma_FA_HN14_5_mieloides_notumorales.csv,stroma_ad_dysplasia_FA_HN15_2_mieloides_notumorales.csv,dysplasia_FA_HN15_3_mieloides_notumorales.csv,stroma_ad_dysplasia_FA_HN11A_3_mieloides_notumorales.csv,stroma_ad_dysplasia_FA_HN11A_5_mieloides_notumorales.csv,stroma_ad_dysplasia_FA_HN15_3_mieloides_notumorales.csv,dysplasia_FA_HN14_2_mieloides_notumorales.csv,stroma_ad_carcinoma_FA_HN11A_2_mieloides_notumorales.csv,dysplasia_FA_HN11A_5_mieloides_notumorales.csv,dysplasia_FA_HN15_2_mieloides_notumorales.csv,stroma_ad_carcinoma_FA_HN15_2_mieloides_notumorales.csv,stroma_ad_carcinoma_FA_HN14_4_mieloides_notumorales.csv,stroma_ad_dysplasia_FA_HN14_3_mieloides_notumorales.csv,stroma_ad_carcinoma_FA_HN15_3_mieloides_notumorales.csv,stroma_ad_dysplasia_FA_HN14_2_mieloides_notumorales.csv,stroma_ad_carcinoma_FA_HN11A_1_mieloides_notumorales.csv,dysplasia_FA_HN15_5_mieloides_notumorales.csv,stroma_ad_carcinoma_FA_HN14_2_mieloides_notumorales.csv,dysplasia_FA_HN11A_1_mieloides_notumorales.csv
stroma_ad_dysplasia_FA_HN15_1_mieloides_notumorales.csv,1.585093368000099e-308,50.637401366574224,59.55032140619291,50.058839388400756,101.70785187477503,36.89092623211839,41.9885454936022,53.177362015552234,69.25684139916291,54.901580439375834,36.43181791365852,29.1019648379216,59.63492263065743,48.709962747544225,61.92773647442931,38.7030756628625,38.25655180334678,80.77734259713645,43.55340042411912,49.60148592836485,31.37142448172699,77.55619460141972,39.84629770075777,23.56382170727997,39.64984113300109,53.374194005462314,34.3813034406798,29.1019648379216,31.13046038495203,55.30773522188349,44.05536686817376,33.40002773571757,67.36748290849707,27.513135704620765,45.83611803275468,42.471564082754966,29.1019648379216,53.47867315805732,39.47287973330006,50.40139524392083,71.8862969431,50.872247827543276,40.14466505647334,29.1019648379216,29.1019648379216,29.1019648379216
carcinoma_FA_HN14_1_mieloides_notumorales.csv,50.637401366574224,2.196677871785556e-308,54.76344432941622,58.053421450332735,101.70785187477503,27.796588236226142,45.00274554391629,53.177362015552234,73.64236827395362,54.901580439375834,32.12657349304891,31.288751960507724,25.4860864939766,34.063755979638074,64.70244884144347,41.390677966789696,50.637401366574224,80.77734259713645,23.645925268494665,19.009649185610783,36.62650963381435,102.26773680109929,31.456665078003795,50.637401366574224,32.981127095124094,25.771227288758695,56.038052740448606,26.055026463308536,26.272419622051956,79.05511410709434,44.05536686817379,35.93067510029866,32.62884213193658,50.637401366574224,23.94085285155029,36.98379188678598,42.171723524141015,44.75769382982331,23.16677055378966,50.40139524392083,71.8862969431,28.657392413054325,50.637401366574224,37.2640050974386,50.637401366574224,35.85236562661572
carcinoma_FA_HN15_2_mieloides_notumorales.csv,59.55032140619291,54.76344432941622,1.860316195184136e-308,33.91599312357653,76.73369229754331,72.98875828582459,45.00274554391629,72.29603530601295,36.73517284961957,65.345099230745,42.45621404498878,58.43873242745735,39.0387759375175,72.54822369616969,33.91599312357653,41.390677966789696,60.289968038597706,80.77734259713645,72.98875828582459,37.82845351727272,36.73517284961957,75.88559827093255,33.91599312357653,72.98875828582459,36.73517284961957,36.73517284961957,60.50253240112308,72.98875828582459,72.98875828582459,51.708812262458906,72.98875828582459,72.03385854467152,33.91599312357653,69.34710332106451,72.39529025728183,72.98875828582459,60.04077130111453,33.91599312357653,72.98875828582459,45.45993141315995,60.7280307966555,55.46294696750766,72.98875828582459,69.11459397714344,66.56599398967288,37.433107353058446
stroma_ad_dysplasia_FA_HN14_4_mieloides_notumorales.csv,50.058839388400756,58.053421450332735,33.91599312357653,7.82208396731841e-309,101.70785187477503,59.045139007852555,45.00274554391629,59.045139007852555,37.0863834792365,54.901580439375834,32.12657349304891,59.045139007852555,43.50832030404375,58.75247671945057,43.4269712839711,41.390677966789696,49.71609036274981,80.77734259713645,59.045139007852555,41.11843063818924,36.131124190387425,72.59562115001603,37.90272747590984,50.84974817131895,38.26818802503419,36.69060096158657,50.058839388400756,59.045139007852555,59.045139007852555,48.41883514154239,59.045139007852555,59.045139007852555,38.71750668303133,40.93795474821934,59.045139007852555,58.18816509420762,55.80873349666524,38.34599523002993,59.045139007852555,50.40139524392083,71.8862969431,58.75292408842418,59.045139007852555,59.045139007852555,59.045139007852555,29.539028039045988
stroma_ad_carcinoma_FA_HN15_1_mieloides_notumorales.csv,101.70785187477503,101.70785187477503,76.73369229754331,101.70785187477503,1.024316362092959e-308,101.70785187477503,101.70785187477503,89.83371697608027,101.70785187477503,101.70785187477503,101.70785187477503,101.70785187477503,101.70785187477503,101.70785187477503,101.70785187477503,101.70785187477503,101.70785187477503,101.70785187477503,101.70785187477503,101.70785187477503,101.70785187477503,101.70785187477506,101.70785187477503,101.70785187477503,101.70785187477503,101.70785187477503,101.70785187477503,101.70785187477503,101.70785187477503,101.70785187477503,75.61616918497867,101.70785187477503,101.70785187477503,83.38793286697228,101.70785187477503,101.70785187477503,101.70785187477503,101.70785187477503,101.70785187477503,76.13724360615583,62.521007531413375,101.70785187477503,101.70785187477503,101.70785187477503,101.70785187477503,101.70785187477503
stroma_ad_carcinoma_FA_HN14_3_mieloides_notumorales.csv,36.89092623211839,27.796588236226142,72.98875828582459,59.045139007852555,101.70785187477503,1.101904887441382e-308,45.00274554391629,53.177362015552234,73.64236827395362,54.901580439375834,37.39540822676909,31.592389927822182,43.52125662812486,34.063755979638074,64.70244884144347,55.20922569516847,38.25655180334678,80.77734259713645,25.00571100586697,44.73157904836964,38.23870307815923,102.26773680109929,49.417941862950315,36.89092623211839,57.99211587481091,53.56781552498484,56.038052740448606,18.119709602232263,17.590633699209533,79.05511410709434,44.05536686817376,15.636602354301743,54.3684264631959,28.234044116389327,20.537429183977736,25.51083280378377,24.65721746306113,47.14697923642572,19.387255976578984,51.41872900975652,71.8862969431,33.53819779742241,40.14466505647334,34.421833754814784,23.007675094782712,42.57979028277512
stroma_ad_carcinoma_FA_HN15_4_mieloides_notumorales.csv,41.9885454936022,45.00274554391629,45.00274554391629,45.00274554391629,101.70785187477503,45.00274554391629,6.826467316864136e-309,53.177362015552234,45.00274554391629,54.901580439375834,45.00274554391629,45.00274554391629,49.360080465704414,43.054413728221874,45.00274554391629,33.2196974944724,46.5577889179727,80.77734259713645,45.00274554391629,45.48571418516677,45.00274554391629,74.95951276824582,45.00274554391629,45.60976244212411,45.00274554391629,49.25842226226423,46.5577889179727,45.00274554391629,45.00274554391629,52.71105338870959,44.05536686817379,45.00274554391629,60.207250300775456,45.00274554391629,45.00274554391629,45.00274554391629,45.00274554391629,45.00274554391629,45.00274554391629,50.40139524392083,71.8862969431,45.00274554391629,43.971941217474225,46.5577889179727,45.00274554391629,45.00274554391629
dysplasia_FA_HN14_1_mieloides_notumorales.csv,53.177362015552234,53.177362015552234,72.29603530601295,59.045139007852555,89.83371697608027,53.177362015552234,53.177362015552234,1.1920901968949873e-308,73.64236827395362,54.901580439375834,53.177362015552234,53.177362015552234,54.594257620674824,54.41871977711958,64.70244884144347,55.20922569516847,53.177362015552234,80.77734259713645,53.177362015552234,53.2616774701965,53.177362015552234,102.26773680109929,53.177362015552234,53.177362015552234,53.17736201555226,61.24934240785882,56.038052740448606,53.177362015552234,53.177362015552234,79.05511410709434,53.177362015552234,53.177362015552234,62.898524885022766,53.177362015552234,53.177362015552234,53.177362015552234,53.177362015552234,53.47867315805732,53.177362015552234,53.177362015552234,53.17736201555226,53.177362015552234,53.177362015552234,53.177362015552234,53.177362015552234,53.177362015552234
carcinoma_FA_HN14_4_mieloides_notumorales.csv,69.25684139916291,73.64236827395362,36.73517284961957,37.0863834792365,101.70785187477503,73.64236827395362,45.00274554391629,73.64236827395362,1.732181061907533e-308,59.29319271505496,55.664700492020216,69.26543884355834,65.9729903564155,64.30269795367118,32.99488801905545,41.646033856879825,38.97882906775669,80.77734259713645,73.64236827395362,64.76266793617071,59.7753614883689,50.48495525881307,58.20015034227606,56.39996940553958,48.71653165319012,55.926431459555516,34.87553795848312,73.64236827395362,70.08324702442707,33.560560360342095,73.64236827395362,73.64236827395362,55.12582052134445,47.096539436704035,73.64236827395362,73.64236827395362,69.52986775560788,50.0899933678449,73.64236827395362,50.40139524392083,71.88629694310004,73.64236827395362,73.30693981604415,73.64236827395362,73.64236827395362,50.319043071938495
dysplasia_FA_HN11A_4_mieloides_notumorales.csv,54.901580439375834,54.901580439375834,65.345099230745,54.901580439375834,101.70785187477503,54.901580439375834,54.901580439375834,54.901580439375834,59.29319271505496,1.449994366070594e-308,54.901580439375834,54.901580439375834,54.901580439375834,54.901580439375834,54.901580439375834,54.901580439375834,54.901580439375834,80.77734259713645,54.901580439375834,54.901580439375834,54.901580439375834,67.59254591731175,54.901580439375834,54.901580439375834,54.901580439375834,54.901580439375834,54.901580439375834,54.901580439375834,54.901580439375834,54.901580439375834,54.901580439375834,54.901580439375834,63.78677898858686,54.901580439375834,54.901580439375834,54.901580439375834,54.901580439375834,54.901580439375834,54.901580439375834,54.901580439375834,71.8862969431,54.901580439375834,54.901580439375834,54.901580439375834,54.901580439375834,54.901580439375834
carcinoma_FA_HN11A_5_mieloides_notumorales.csv,36.43181791365852,32.12657349304891,42.45621404498878,32.12657349304891,101.70785187477503,37.39540822676909,45.00274554391629,53.177362015552234,55.664700492020216,54.901580439375834,1.4592351433989825e-308,33.55904711359007,37.39540822676909,37.39540822676909,44.57310702818779,41.390677966789696,38.25655180334678,80.77734259713645,37.39540822676909,37.39540822676909,32.12657349304891,102.26773680109929,32.12657349304891,37.39540822676909,34.24524645725354,45.052882589660584,55.33160738349332,37.39540822676909,37.39540822676909,79.05511410709434,44.05536686817376,37.39540822676909,45.85349352787165,33.55904711359007,37.39540822676909,37.39540822676909,32.12657349304891,38.34599523002993,37.39540822676909,50.40139524392083,71.8862969431,32.12657349304891,40.14466505647334,37.39540822676909,37.39540822676909,32.12657349304891
stroma_ad_dysplasia_FA_HN11A_2_mieloides_notumorales.csv,29.1019648379216,31.288751960507724,58.43873242745735,59.045139007852555,101.70785187477503,31.592389927822182,45.00274554391629,53.177362015552234,69.26543884355834,54.901580439375834,33.55904711359007,8.525103821186373e-309,41.75931127735639,36.76752848654603,62.47719344237048,43.72691298947552,38.25655180334678,80.77734259713645,35.864946769213034,28.70949602653137,31.37142448172699,102.26773680109929,38.47788164476687,30.705889643841033,36.65641519316523,30.989824758242747,56.038052740448606,22.3797383652674,23.346524238735043,79.05511410709434,44.05536686817376,32.56447922680289,46.62483194834306,33.155381337299815,39.31803122073423,33.155381337299815,33.155381337299815,51.510053883536614,28.80116214078933,50.40139524392083,71.8862969431,44.71252914631016,40.14466505647334,29.221109017714326,23.04712304365725,35.05390377441685
carcinoma_FA_HN15_1_mieloides_notumorales.csv,59.63492263065743,25.4860864939766,39.0387759375175,43.50832030404375,101.70785187477503,43.52125662812486,49.360080465704414,54.594257620674824,65.9729903564155,54.901580439375834,37.39540822676909,41.75931127735639,1.7812513650497376e-308,38.46801194306039,54.88139689258307,41.390677966789696,59.63492263065743,80.77734259713645,37.14915908773611,29.116238463610415,39.80792395393229,102.26773680109929,32.64545966515465,59.63492263065743,33.59455573535753,20.729577071307716,56.03805274044862,41.779694855207254,39.78917493633318,79.05511410709434,57.32192304162399,51.655343492197375,32.62884213193658,59.63492263065743,33.35651431976433,52.7084602786847,57.89639191603973,44.051489126350106,35.56612183872866,50.40139524392083,71.8862969431,22.47797316384154,59.63492263065743,46.199900990245766,56.60624914043265,42.57979028277512
stroma_ad_dysplasia_FA_HN11A_1_mieloides_notumorales.csv,48.709962747544225,34.063755979638074,72.54822369616969,58.75247671945057,101.70785187477503,34.063755979638074,43.054413728221874,54.41871977711958,64.30269795367118,54.901580439375834,37.39540822676909,36.76752848654603,38.46801194306039,2.065471163645719e-308,57.51445255248332,55.20922569516847,54.41871977711958,80.77734259713645,34.063755979638074,39.67833436330517,38.23870307815923,72.602051155928,49.00895891469513,50.76354540918426,55.724470646285766,48.51457083992037,54.41871977711958,34.063755979638074,34.063755979638074,50.35359177639177,44.05536686817379,34.063755979638074,49.31518177813143,45.20768522241778,34.063755979638074,34.063755979638074,36.021785814147535,47.14697923642572,34.063755979638074,50.40139524392083,71.8862969431,34.78185850184755,49.30733719926414,54.41871977711958,34.063755979638074,42.57979028277512
stroma_ad_carcinoma_FA_HN14_1_mieloides_notumorales.csv,61.92773647442931,64.70244884144347,33.91599312357653,43.4269712839711,101.70785187477503,64.70244884144347,45.00274554391629,64.70244884144347,32.99488801905545,54.901580439375834,44.57310702818779,62.47719344237048,54.88139689258307,57.51445255248332,1.545665668528842e-308,41.18940241811849,38.25655180334678,80.77734259713645,64.70244884144347,53.67107447233829,48.68376802453648,60.04297731586698,47.108556878443636,49.6117240043517,37.62493818935769,44.83483799572309,28.087292557295243,64.70244884144347,63.2950016232392,35.866191307393336,64.70244884144347,64.70244884144347,51.92191403158857,36.93186347723669,64.70244884144347,64.70244884144347,62.74162235442002,46.07232032287999,64.70244884144347,50.40139524392083,71.8862969431,64.70244884144347,64.70244884144347,64.70244884144347,64.70244884144347,39.22744960810607
carcinoma_FA_HN14_2_mieloides_notumorales.csv,38.7030756628625,41.390677966789696,41.390677966789696,41.390677966789696,101.70785187477503,55.20922569516847,33.2196974944724,55.20922569516847,41.646033856879825,54.901580439375834,41.390677966789696,43.72691298947552,41.390677966789696,55.20922569516847,41.18940241811849,9.966663042541244e-309,39.4427222952673,80.77734259713645,55.20922569516847,41.390677966789696,41.390677966789696,65.47711664705605,41.390677966789696,55.20922569516847,41.390677966789696,41.390677966789696,41.31294074835293,55.20922569516847,55.20922569516847,41.30033063858241,55.20922569516847,55.20922569516847,40.35391993109114,48.49985757773412,55.20922569516847,55.20922569516847,41.390677966789696,41.41973126674202,55.20922569516847,50.40139524392083,71.8862969431,41.390677966789696,55.20922569516847,54.40277453916161,51.854174551691045,36.17153490888788
stroma_ad_dysplasia_FA_HN15_4_mieloides_notumorales.csv,38.25655180334678,50.637401366574224,60.289968038597706,49.71609036274981,101.70785187477503,38.25655180334678,46.5577889179727,53.177362015552234,38.97882906775669,54.901580439375834,38.25655180334678,38.25655180334678,59.63492263065743,54.41871977711958,38.25655180334678,39.4427222952673,7.33008417266526e-309,80.77734259713645,43.55340042411912,54.94487013100249,38.25655180334678,87.93021291979124,44.414271116227226,38.25655180334678,52.079000450862466,61.24934240785882,38.645735959229796,38.25655180334678,38.25655180334678,63.753426911317604,44.05536686817376,38.25655180334678,68.64629232848174,38.25655180334678,47.173624541849634,47.52853581465412,38.25655180334678,53.47867315805732,41.4395420981357,50.40139524392083,71.8862969431,49.92166699320167,36.82146694209641,38.25655180334678,38.25655180334678,38.25655180334678
carcinoma_FA_HN11A_3_mieloides_notumorales.csv,80.77734259713645,80.77734259713645,80.77734259713645,80.77734259713645,101.70785187477503,80.77734259713645,80.77734259713645,80.77734259713645,80.77734259713645,80.77734259713645,80.77734259713645,80.77734259713645,80.77734259713645,80.77734259713645,80.77734259713645,80.77734259713645,80.77734259713645,1.2629701463874953e-308,80.77734259713645,80.77734259713645,80.77734259713645,89.36395382027388,80.77734259713645,80.77734259713645,80.77734259713645,80.77734259713645,80.77734259713645,80.77734259713645,80.77734259713645,80.77734259713645,80.77734259713645,80.77734259713645,80.77734259713645,80.77734259713645,80.77734259713645,80.77734259713645,80.77734259713645,80.77734259713645,80.77734259713645,80.77734259713645,80.77734259713645,80.77734259713645,80.77734259713645,80.77734259713645,80.77734259713645,80.77734259713645
carcinoma_FA_HN11A_1_mieloides_notumorales.csv,43.55340042411912,23.645925268494665,72.98875828582459,59.045139007852555,101.70785187477503,25.00571100586697,45.00274554391629,53.177362015552234,73.64236827395362,54.901580439375834,37.39540822676909,35.864946769213034,37.14915908773611,34.063755979638074,64.70244884144347,55.20922569516847,43.55340042411912,80.77734259713645,8.55599612030508e-309,38.35948150798089,38.23870307815923,102.26773680109929,44.92199910187554,43.55340042411912,54.405617790961486,47.19571798459609,56.038052740448606,22.422370471143807,22.219385724776885,79.05511410709434,44.05536686817376,20.23644319065916,47.99632892280715,32.70381679970893,30.972272468789058,26.992724247398655,28.807880430792608,47.14697923642572,20.489047073321515,51.41872900975652,71.8862969431,30.668192028712056,42.29701101280119,43.55340042411912,27.15833806251419,42.57979028277512
carcinoma_FA_HN11A_4_mieloides_notumorales.csv,49.60148592836485,19.009649185610783,37.82845351727272,41.11843063818924,101.70785187477503,44.73157904836964,45.48571418516677,53.2616774701965,64.76266793617071,54.901580439375834,37.39540822676909,28.70949602653137,29.116238463610415,39.67833436330517,53.67107447233829,41.390677966789696,54.94487013100249,80.77734259713645,38.35948150798089,1.1687175705567353e-308,38.39964055348834,102.26773680109929,39.14477556530997,51.483749913570264,20.356712374351787,25.06731535711112,56.038052740448606,42.99001727545203,40.99949735657796,79.05511410709434,54.94487013100249,52.865665912442154,36.286133216149864,54.94487013100249,34.56683674000911,53.918782698929476,54.94487013100249,46.61848656674593,36.77644425897344,50.40139524392083,71.8862969431,32.06945633256419,54.94487013100249,31.286140459870722,46.01582172087801,39.17378456068697
dysplasia_FA_HN11A_3_mieloides_notumorales.csv,31.37142448172699,36.62650963381435,36.73517284961957,36.131124190387425,101.70785187477503,38.23870307815923,45.00274554391629,53.177362015552234,59.7753614883689,54.901580439375834,32.12657349304891,31.37142448172699,39.80792395393229,38.23870307815923,48.68376802453648,41.390677966789696,38.25655180334678,80.77734259713645,38.23870307815923,38.39964055348834,1.9182241381801563e-308,102.26773680109929,27.280273509959073,38.23870307815923,31.37142448172699,42.1723486305858,56.038052740448606,38.23870307815923,38.23870307815923,79.05511410709434,44.05536686817376,38.23870307815923,50.65509378900333,32.688139975204706,38.23870307815923,38.23870307815923,26.450791773088838,46.61848656674593,38.23870307815923,50.40139524392083,71.8862969431,31.87205308194764,40.14466505647334,36.273446907672536,33.72484692020197,33.37728951946684
carcinoma_FA_HN11A_2_mieloides_notumorales.csv,77.55619460141972,102.26773680109929,75.88559827093255,72.59562115001603,101.70785187477506,102.26773680109929,74.95951276824582,102.26773680109929,50.48495525881307,67.59254591731175,102.26773680109929,102.26773680109929,102.26773680109929,72.602051155928,60.04297731586698,65.47711664705605,87.93021291979124,89.36395382027388,102.26773680109929,102.26773680109929,102.26773680109929,2.1406953695433636e-308,102.26773680109929,78.42437170672017,97.66791550522467,102.26773680109929,50.48495525881307,102.26773680109929,102.26773680109929,36.01950940384006,102.26773680109929,102.26773680109929,81.83517006692597,96.04792328873859,102.26773680109929,102.26773680109929,102.26773680109929,99.04137721987945,102.26773680109929,69.93295833766925,94.91993700121202,102.26773680109929,81.60629301830096,102.26773680109929,102.26773680109929,99.27042692397305
stroma_ad_dysplasia_FA_HN11A_4_mieloides_notumorales.csv,39.84629770075777,31.456665078003795,33.91599312357653,37.90272747590984,101.70785187477503,49.417941862950315,45.00274554391629,53.177362015552234,58.20015034227606,54.901580439375834,32.12657349304891,38.47788164476687,32.64545966515465,49.00895891469513,47.108556878443636,41.390677966789696,44.414271116227226,80.77734259713645,44.92199910187554,39.14477556530997,27.280273509959073,102.26773680109929,9.901878805604755e-309,49.417941862950315,40.972860885144925,37.968688324548765,56.038052740448606,49.417941862950315,47.562014950472616,79.05511410709434,49.417941862950315,40.76792262129345,37.80174734804825,49.417941862950315,41.12935433390376,49.417941862950315,44.16507437874405,47.14697923642572,43.338961852868096,50.40139524392083,71.8862969431,36.052298204610906,49.417941862950315,40.972860885144925,35.30005806629481,21.557410430687966
stroma_ad_dysplasia_FA_HN15_5_mieloides_notumorales.csv,23.56382170727997,50.637401366574224,72.98875828582459,50.84974817131895,101.70785187477503,36.89092623211839,45.60976244212411,53.177362015552234,56.39996940553958,54.901580439375834,37.39540822676909,30.705889643841033,59.63492263065743,50.76354540918426,49.6117240043517,55.20922569516847,38.25655180334678,80.77734259713645,43.55340042411912,51.483749913570264,38.23870307815923,78.42437170672017,49.417941862950315,6.402613094533404e-309,57.99211587481091,55.25645799066773,29.139894746158717,30.70588964384102,31.13046038495203,54.247585698246525,44.05536686817376,33.40002773571757,68.64629232848174,27.513135704620765,45.83611803275468,41.61610180210381,30.70588964384102,53.47867315805732,39.47287973330006,51.41872900975652,71.8862969431,50.872247827543276,40.14466505647334,30.70588964384102,30.705889643841033,42.57979028277512
dysplasia_FA_HN11A_2_mieloides_notumorales.csv,39.64984113300109,32.981127095124094,36.73517284961957,38.26818802503419,101.70785187477503,57.99211587481091,45.00274554391629,53.17736201555226,48.71653165319012,54.901580439375834,34.24524645725354,36.65641519316523,33.59455573535753,55.724470646285766,37.62493818935769,41.390677966789696,52.079000450862466,80.77734259713645,54.405617790961486,20.356712374351787,31.37142448172699,97.66791550522467,40.972860885144925,57.99211587481091,9.410652193458877e-309,21.50824983271457,52.291564813387836,57.99211587481091,57.04563363955856,73.49112949675103,57.99211587481091,50.251541310379395,38.63412813503301,57.99211587481091,50.612973022989706,57.99211587481091,51.82980371337929,46.61848656674593,52.82258054195404,50.40139524392083,71.8862969431,40.74332405454311,57.59270255080138,47.33227674285132,44.78367675538075,38.06442551581364
stroma_ad_dysplasia_FA_HN14_1_mieloides_notumorales.csv,53.374194005462314,25.771227288758695,36.73517284961957,36.69060096158657,101.70785187477503,53.56781552498484,49.25842226226423,61.24934240785882,55.926431459555516,54.901580439375834,45.052882589660584,30.989824758242747,20.729577071307716,48.51457083992037,44.83483799572309,41.390677966789696,61.24934240785882,80.77734259713645,47.19571798459609,25.06731535711112,42.1723486305858,102.26773680109929,37.968688324548765,55.25645799066773,21.50824983271457,1.6861835580146585e-308,56.03805274044862,51.82625375206723,49.83573383319316,79.05511410709434,61.24934240785882,59.982393010023415,32.62884213193658,61.24934240785882,43.40307321662431,61.24934240785882,61.24934240785882,46.61848656674593,45.61268073558864,50.40139524392083,71.8862969431,26.87070313974735,61.24934240785882,40.12237693648592,49.78852979797547,42.57979028277512
carcinoma_FA_HN14_3_mieloides_notumorales.csv,34.3813034406798,56.038052740448606,60.50253240112308,50.058839388400756,101.70785187477503,56.038052740448606,46.5577889179727,56.038052740448606,34.87553795848312,54.901580439375834,55.33160738349332,56.038052740448606,56.03805274044862,54.41871977711958,28.087292557295243,41.31294074835293,38.645735959229796,80.77734259713645,56.038052740448606,56.038052740448606,56.038052740448606,50.48495525881307,56.038052740448606,29.139894746158717,52.291564813387836,56.03805274044862,1.696061101626495e-308,56.038052740448606,56.038052740448606,28.287223239071864,56.038052740448606,56.038052740448606,60.69466529963037,46.76344632817714,56.038052740448606,56.038052740448606,56.038052740448606,53.47867315805733,56.038052740448606,50.40139524392083,71.8862969431,56.038052740448606,40.14466505647334,56.038052740448606,56.038052740448606,49.9859499634116
stroma_ad_carcinoma_FA_HN14_5_mieloides_notumorales.csv,29.1019648379216,26.055026463308536,72.98875828582459,59.045139007852555,101.70785187477503,18.119709602232263,45.00274554391629,53.177362015552234,73.64236827395362,54.901580439375834,37.39540822676909,22.3797383652674,41.779694855207254,34.063755979638074,64.70244884144347,55.20922569516847,38.25655180334678,80.77734259713645,22.422370471143807,42.99001727545203,38.23870307815923,102.26773680109929,49.417941862950315,30.70588964384102,57.99211587481091,51.82625375206723,56.038052740448606,1.199813951221714e-308,19.795876117586516,79.05511410709434,44.05536686817376,17.62941478828064,52.626864690278296,28.234044116389327,25.845350895144307,28.70185231746106,17.28672539170701,47.14697923642572,22.892347586789867,51.41872900975652,71.8862969431,36.276993652770756,40.14466505647334,30.36038069992491,27.68048833260984,42.57979028277512
stroma_ad_dysplasia_FA_HN15_2_mieloides_notumorales.csv,31.13046038495203,26.272419622051956,72.98875828582459,59.045139007852555,101.70785187477503,17.590633699209533,45.00274554391629,53.177362015552234,70.08324702442707,54.901580439375834,37.39540822676909,23.346524238735043,39.78917493633318,34.063755979638074,63.2950016232392,55.20922569516847,38.25655180334678,80.77734259713645,22.219385724776885,40.99949735657796,38.23870307815923,102.26773680109929,47.562014950472616,31.13046038495203,57.04563363955856,49.83573383319316,56.038052740448606,19.795876117586516,2.052329429293292e-308,79.05511410709434,44.05536686817376,20.836974607180252,50.636344771404225,27.613448746265988,25.039764622437573,31.13046038495203,22.361334685432368,47.14697923642572,15.699358008105321,51.41872900975652,71.8862969431,36.055334115386145,40.14466505647334,30.211314700035174,24.5318437089569,42.57979028277512
dysplasia_FA_HN15_3_mieloides_notumorales.csv,55.30773522188349,79.05511410709434,51.708812262458906,48.41883514154239,101.70785187477503,79.05511410709434,52.71105338870959,79.05511410709434,33.560560360342095,54.901580439375834,79.05511410709434,79.05511410709434,79.05511410709434,50.35359177639177,35.866191307393336,41.30033063858241,63.753426911317604,80.77734259713645,79.05511410709434,79.05511410709434,79.05511410709434,36.01950940384006,79.05511410709434,54.247585698246525,73.49112949675103,79.05511410709434,28.287223239071864,79.05511410709434,79.05511410709434,1.122594665207266e-308,79.05511410709434,79.05511410709434,57.65838405845233,71.87113728026495,79.05511410709434,79.05511410709434,79.05511410709434,74.86459121140581,79.05511410709434,50.40139524392083,71.88629694310004,79.05511410709434,59.35783363876473,79.05511410709434,79.05511410709434,75.0936409154994
stroma_ad_dysplasia_FA_HN11A_3_mieloides_notumorales.csv,44.05536686817376,44.05536686817379,72.98875828582459,59.045139007852555,75.61616918497867,44.05536686817376,44.05536686817379,53.177362015552234,73.64236827395362,54.901580439375834,44.05536686817376,44.05536686817376,57.32192304162399,44.05536686817379,64.70244884144347,55.20922569516847,44.05536686817376,80.77734259713645,44.05536686817376,54.94487013100249,44.05536686817376,102.26773680109929,49.417941862950315,44.05536686817376,57.99211587481091,61.24934240785882,56.038052740448606,44.05536686817376,44.05536686817376,79.05511410709434,9.545785334718556e-309,44.05536686817376,68.16909287669503,28.234044116389327,44.05536686817379,44.05536686817379,44.05536686817376,51.510053883536614,44.05536686817376,51.41872900975652,46.2330586834599,44.05536686817379,44.05536686817376,44.05536686817376,44.05536686817376,44.05536686817376
stroma_ad_dysplasia_FA_HN11A_5_mieloides_notumorales.csv,33.40002773571757,35.93067510029866,72.03385854467152,59.045139007852555,101.70785187477503,15.636602354301743,45.00274554391629,53.177362015552234,73.64236827395362,54.901580439375834,37.39540822676909,32.56447922680289,51.655343492197375,34.063755979638074,64.70244884144347,55.20922569516847,38.25655180334678,80.77734259713645,20.23644319065916,52.865665912442154,38.23870307815923,102.26773680109929,40.76792262129345,33.40002773571757,50.251541310379395,59.982393010023415,56.038052740448606,17.62941478828064,20.836974607180252,79.05511410709434,44.05536686817376,7.034039372661647e-309,62.50251332726842,28.234044116389327,26.72845334944752,24.35854293251289,17.614640332965024,47.14697923642572,21.22987645397984,50.40139524392083,71.8862969431,35.54026468675258,40.14466505647334,34.22318046213566,22.167298134450334,42.57979028277512
stroma_ad_dysplasia_FA_HN15_3_mieloides_notumorales.csv,67.36748290849707,32.62884213193658,33.91599312357653,38.71750668303133,101.70785187477503,54.3684264631959,60.207250300775456,62.898524885022766,55.12582052134445,63.78677898858686,45.85349352787165,46.62483194834306,32.62884213193658,49.31518177813143,51.92191403158857,40.35391993109114,68.64629232848174,80.77734259713645,47.99632892280715,36.286133216149864,50.65509378900333,81.83517006692597,37.80174734804825,68.64629232848174,38.63412813503301,32.62884213193658,60.69466529963037,52.626864690278296,50.636344771404225,57.65838405845233,68.16909287669503,62.50251332726842,8.54771543032234e-309,68.64629232848174,44.20368415483537,63.55563011375574,68.64629232848174,38.432494313795544,46.413291673799705,50.40139524392083,71.8862969431,32.62884213193658,68.64629232848174,47.40653484273382,63.78181870101022,43.88592935579973
dysplasia_FA_HN14_2_mieloides_notumorales.csv,27.513135704620765,50.637401366574224,69.34710332106451,40.93795474821934,83.38793286697228,28.234044116389327,45.00274554391629,53.177362015552234,47.096539436704035,54.901580439375834,33.55904711359007,33.155381337299815,59.63492263065743,45.20768522241778,36.93186347723669,48.49985757773412,38.25655180334678,80.77734259713645,32.70381679970893,54.94487013100249,32.688139975204706,96.04792328873859,49.417941862950315,27.513135704620765,57.99211587481091,61.24934240785882,46.76344632817714,28.234044116389327,27.613448746265988,71.87113728026495,28.234044116389327,28.234044116389327,68.64629232848174,1.574557848668804e-308,36.96247441573985,36.137974068197465,27.513135704620765,52.77371788600544,34.044414921488,48.81499014966748,67.87939714139964,41.42244737634459,40.14466505647334,28.234044116389313,28.234044116389327,38.06442551581364
stroma_ad_carcinoma_FA_HN11A_2_mieloides_notumorales.csv,45.83611803275468,23.94085285155029,72.39529025728183,59.045139007852555,101.70785187477503,20.537429183977736,45.00274554391629,53.177362015552234,73.64236827395362,54.901580439375834,37.39540822676909,39.31803122073423,33.35651431976433,34.063755979638074,64.70244884144347,55.20922569516847,47.173624541849634,80.77734259713645,30.972272468789058,34.56683674000911,38.23870307815923,102.26773680109929,41.12935433390376,45.83611803275468,50.612973022989706,43.40307321662431,56.038052740448606,25.845350895144307,25.039764622437573,79.05511410709434,44.05536686817379,26.72845334944752,44.20368415483537,36.96247441573985,6.749210655964155e-309,22.736781522719255,34.82195977142166,47.14697923642572,22.892347586789867,50.40139524392083,68.09427992852449,32.29685036468655,43.1950860143309,47.173624541849634,33.17241740314324,42.57979028277512
dysplasia_FA_HN11A_5_mieloides_notumorales.csv,42.471564082754966,36.98379188678598,72.98875828582459,58.18816509420762,101.70785187477503,25.51083280378377,45.00274554391629,53.177362015552234,73.64236827395362,54.901580439375834,37.39540822676909,33.155381337299815,52.7084602786847,34.063755979638074,64.70244884144347,55.20922569516847,47.52853581465412,80.77734259713645,26.992724247398655,53.918782698929476,38.23870307815923,102.26773680109929,49.417941862950315,41.61610180210381,57.99211587481091,61.24934240785882,56.038052740448606,28.70185231746106,31.13046038495203,79.05511410709434,44.05536686817379,24.35854293251289,63.55563011375574,36.137974068197465,22.736781522719255,9.19315110134649e-309,21.781337478523227,47.14697923642572,28.302060590816623,51.41872900975652,71.8862969431,41.42244737634459,41.90341222347237,47.52853581465412,20.90164408525372,42.57979028277512
dysplasia_FA_HN15_2_mieloides_notumorales.csv,29.1019648379216,42.171723524141015,60.04077130111453,55.80873349666524,101.70785187477503,24.65721746306113,45.00274554391629,53.177362015552234,69.52986775560788,54.901580439375834,32.12657349304891,33.155381337299815,57.89639191603973,36.021785814147535,62.74162235442002,41.390677966789696,38.25655180334678,80.77734259713645,28.807880430792608,54.94487013100249,26.450791773088838,102.26773680109929,44.16507437874405,30.70588964384102,51.82980371337929,61.24934240785882,56.038052740448606,17.28672539170701,22.361334685432368,79.05511410709434,44.05536686817376,17.614640332965024,68.64629232848174,27.513135704620765,34.82195977142166,21.781337478523227,1.5582370260312884e-308,51.510053883536614,32.61235225245733,50.40139524392083,71.8862969431,41.42244737634459,40.14466505647334,26.52064132898608,17.26490495655507,38.06442551581364
stroma_ad_carcinoma_FA_HN15_2_mieloides_notumorales.csv,53.47867315805732,44.75769382982331,33.91599312357653,38.34599523002993,101.70785187477503,47.14697923642572,45.00274554391629,53.47867315805732,50.0899933678449,54.901580439375834,38.34599523002993,51.510053883536614,44.051489126350106,47.14697923642572,46.07232032287999,41.41973126674202,53.47867315805732,80.77734259713645,47.14697923642572,46.61848656674593,46.61848656674593,99.04137721987945,47.14697923642572,53.47867315805732,46.61848656674593,46.61848656674593,53.47867315805733,47.14697923642572,47.14697923642572,74.86459121140581,51.510053883536614,47.14697923642572,38.432494313795544,52.77371788600544,47.14697923642572,47.14697923642572,51.510053883536614,7.880028689813935e-309,47.14697923642572,50.40139524392083,71.8862969431,32.30716801856076,53.47867315805732,51.510053883536614,49.692112848696354,37.43532025657436
stroma_ad_carcinoma_FA_HN14_4_mieloides_notumorales.csv,39.47287973330006,23.16677055378966,72.98875828582459,59.045139007852555,101.70785187477503,19.387255976578984,45.00274554391629,53.177362015552234,73.64236827395362,54.901580439375834,37.39540822676909,28.80116214078933,35.56612183872866,34.063755979638074,64.70244884144347,55.20922569516847,41.4395420981357,80.77734259713645,20.489047073321515,36.77644425897344,38.23870307815923,102.26773680109929,43.338961852868096,39.47287973330006,52.82258054195404,45.61268073558864,56.038052740448606,22.892347586789867,15.699358008105321,79.05511410709434,44.05536686817376,21.22987645397984,46.413291673799705,34.044414921488,22.892347586789867,28.302060590816623,32.61235225245733,47.14697923642572,7.500470221022243e-309,51.41872900975652,71.8862969431,26.24502511778752,40.14466505647334,41.4395420981357,30.96280988417891,42.57979028277512
stroma_ad_dysplasia_FA_HN14_3_mieloides_notumorales.csv,50.40139524392083,50.40139524392083,45.45993141315995,50.40139524392083,76.13724360615583,51.41872900975652,50.40139524392083,53.177362015552234,50.40139524392083,54.901580439375834,50.40139524392083,50.40139524392083,50.40139524392083,50.40139524392083,50.40139524392083,50.40139524392083,50.40139524392083,80.77734259713645,51.41872900975652,50.40139524392083,50.40139524392083,69.93295833766925,50.40139524392083,51.41872900975652,50.40139524392083,50.40139524392083,50.40139524392083,51.41872900975652,51.41872900975652,50.40139524392083,51.41872900975652,50.40139524392083,50.40139524392083,48.81499014966748,50.40139524392083,51.41872900975652,50.40139524392083,50.40139524392083,51.41872900975652,7.57649799188414e-309,31.804246338236652,50.40139524392083,51.41872900975652,50.40139524392083,50.40139524392083,50.40139524392083
stroma_ad_carcinoma_FA_HN15_3_mieloides_notumorales.csv,71.8862969431,71.8862969431,60.7280307966555,71.8862969431,62.521007531413375,71.8862969431,71.8862969431,53.17736201555226,71.88629694310004,71.8862969431,71.8862969431,71.8862969431,71.8862969431,71.8862969431,71.8862969431,71.8862969431,71.8862969431,80.77734259713645,71.8862969431,71.8862969431,71.8862969431,94.91993700121202,71.8862969431,71.8862969431,71.8862969431,71.8862969431,71.8862969431,71.8862969431,71.8862969431,71.88629694310004,46.2330586834599,71.8862969431,71.8862969431,67.87939714139964,68.09427992852449,71.8862969431,71.8862969431,71.8862969431,71.8862969431,31.804246338236652,1.91471570650908e-308,71.8862969431,71.8862969431,71.8862969431,71.8862969431,71.8862969431
stroma_ad_dysplasia_FA_HN14_2_mieloides_notumorales.csv,50.872247827543276,28.657392413054325,55.46294696750766,58.75292408842418,101.70785187477503,33.53819779742241,45.00274554391629,53.177362015552234,73.64236827395362,54.901580439375834,32.12657349304891,44.71252914631016,22.47797316384154,34.78185850184755,64.70244884144347,41.390677966789696,49.92166699320167,80.77734259713645,30.668192028712056,32.06945633256419,31.87205308194764,102.26773680109929,36.052298204610906,50.872247827543276,40.74332405454311,26.87070313974735,56.038052740448606,36.276993652770756,36.055334115386145,79.05511410709434,44.05536686817379,35.54026468675258,32.62884213193658,41.42244737634459,32.29685036468655,41.42244737634459,41.42244737634459,32.30716801856076,26.24502511778752,50.40139524392083,71.8862969431,1.1210095005890813e-308,48.0871234425524,49.38623160083597,40.74332405454311,33.01627418862998
