,stroma_ad_dysplasia_FA_HN15_1_mieloides_notumorales.csv,carcinoma_FA_HN14_1_mieloides_notumorales.csv,carcinoma_FA_HN15_2_mieloides_notumorales.csv,stroma_ad_dysplasia_FA_HN14_4_mieloides_notumorales.csv,stroma_ad_carcinoma_FA_HN15_1_mieloides_notumorales.csv,stroma_ad_carcinoma_FA_HN14_3_mieloides_notumorales.csv,stroma_ad_carcinoma_FA_HN15_4_mieloides_notumorales.csv,dysplasia_FA_HN14_1_mieloides_notumorales.csv,carcinoma_FA_HN14_4_mieloides_notumorales.csv,dysplasia_FA_HN11A_4_mieloides_notumorales.csv,carcinoma_FA_HN11A_5_mieloides_notumorales.csv,stroma_ad_dysplasia_FA_HN11A_2_mieloides_notumorales.csv,carcinoma_FA_HN15_1_mieloides_notumorales.csv,stroma_ad_dysplasia_FA_HN11A_1_mieloides_notumorales.csv,stroma_ad_carcinoma_FA_HN14_1_mieloides_notumorales.csv,carcinoma_FA_HN14_2_mieloides_notumorales.csv,stroma_ad_dysplasia_FA_HN15_4_mieloides_notumorales.csv,carcinoma_FA_HN11A_3_mieloides_notumorales.csv,carcinoma_FA_HN11A_1_mieloides_notumorales.csv,carcinoma_FA_HN11A_4_mieloides_notumorales.csv,dysplasia_FA_HN11A_3_mieloides_notumorales.csv,carcinoma_FA_HN11A_2_mieloides_notumorales.csv,stroma_ad_dysplasia_FA_HN11A_4_mieloides_notumorales.csv,stroma_ad_dysplasia_FA_HN15_5_mieloides_notumorales.csv,dysplasia_FA_HN11A_2_mieloides_notumorales.csv,stroma_ad_dysplasia_FA_HN14_1_mieloides_notumorales.csv,carcinoma_FA_HN14_3_mieloides_notumorales.csv,stroma_ad_carcinoma_FA_HN14_5_mieloides_notumorales.csv,stroma_ad_dysplasia_FA_HN15_2_mieloides_notumorales.csv,dysplasia_FA_HN15_3_mieloides_notumorales.csv,stroma_ad_dysplasia_FA_HN11A_3_mieloides_notumorales.csv,stroma_ad_dysplasia_FA_HN11A_5_mieloides_notumorales.csv,stroma_ad_dysplasia_FA_HN15_3_mieloides_notumorales.csv,dysplasia_FA_HN14_2_mieloides_notumorales.csv,stroma_ad_carcinoma_FA_HN11A_2_mieloides_notumorales.csv,dysplasia_FA_HN11A_5_mieloides_notumorales.csv,dysplasia_FA_HN15_2_mieloides_notumorales.csv,stroma_ad_carcinoma_FA_HN15_2_mieloides_notumorales.csv,stroma_ad_carcinoma_FA_HN14_4_mieloides_notumorales.csv,stroma_ad_dysplasia_FA_HN14_3_mieloides_notumorales.csv,stroma_ad_carcinoma_FA_HN15_3_mieloides_notumorales.csv,stroma_ad_dysplasia_FA_HN14_2_mieloides_notumorales.csv,stroma_ad_carcinoma_FA_HN11A_1_mieloides_notumorales.csv,dysplasia_FA_HN15_5_mieloides_notumorales.csv,stroma_ad_carcinoma_FA_HN14_2_mieloides_notumorales.csv,dysplasia_FA_HN11A_1_mieloides_notumorales.csv
stroma_ad_dysplasia_FA_HN15_1_mieloides_notumorales.csv,0.0,6869.55525840497,6507.887817417089,2675.5864326635565,4338.118039257279,2084.979993641281,2719.315005675062,8647.186912180374,7932.586700702847,3435.67117961853,5566.922461606322,2529.038580302368,5239.820948252332,1210.794895644402,3438.7036646310235,8667.618112029595,3665.0469381047515,4530.171620970747,4120.601732348219,3276.3053311279627,3144.9858828832857,5229.318208237306,5704.294857499421,3877.469846008729,1380.1666700935361,3458.801084954368,9961.585993148174,1680.624855321144,3173.8589944555997,10508.463698091897,4315.438122993796,2699.831087757378,6799.921653087724,7834.619394838228,964.9929086745228,2406.574524475599,4291.992181431174,6059.994391733471,1164.5288216603353,8389.62829134651,4181.944205248905,1425.0265552552876,2723.220000707917,2659.7150618673604,2232.039245217561,5826.702988649449
carcinoma_FA_HN14_1_mieloides_notumorales.csv,6869.55525840497,0.0,4932.116188124813,5872.569354929128,8693.286044579761,5560.960655610973,7730.262482584024,2623.7166176731203,1448.8387245379945,4117.398330529596,2239.6691385406066,4752.0219555549675,6014.590943774196,6007.363999296099,3750.9748803281764,1966.4555235787948,7455.0942771348455,4895.91853570013,3810.4835307423914,5927.081846181604,6287.966659032566,2888.517469160414,2028.7385674800166,7024.19271113173,7484.92670300895,6685.803504314438,3693.180785055016,7404.0735007279645,8553.342242859353,3777.5298708102755,3289.9141303852416,6083.285011969436,9726.827298691594,1804.6444267491574,6797.3905242967485,7393.496508262795,3758.9854798925885,9444.931011636343,7346.233255859988,10087.137461073777,7331.194567173514,6688.792402134413,7716.616104533978,7005.583896711741,5444.467669729104,1662.26172916513
carcinoma_FA_HN15_2_mieloides_notumorales.csv,6507.887817417089,4932.116188124813,0.0,5514.983108450832,5527.968434257557,5058.155250396088,5407.23798899459,6624.977662625452,5958.5189915832525,4157.98751334536,4086.0576998511388,5236.4013228115155,2120.8675387519747,5487.602731405376,4134.012752997543,5829.800841938385,8568.22049783305,5176.814872716489,4618.530792626318,6234.380167753834,4917.8052204681835,4485.593099241962,4670.861798168963,8500.634625412147,6804.440008857212,4195.592079516657,7994.1152219311925,6476.8420187278125,5795.185434458718,6690.358465172296,4589.637006370792,7234.60093994292,5388.024831886778,6303.10481954321,6085.786268405286,6109.184214347585,2599.9723798657287,5214.263661398004,6779.596762633507,5720.725470532153,3198.1538019628715,5750.552916523458,8036.851163303852,6527.077560187263,5408.103509217172,5048.741147041424
stroma_ad_dysplasia_FA_HN14_4_mieloides_notumorales.csv,2675.5864326635565,5872.569354929128,5514.983108450832,0.0,5537.589463822454,2358.7868613084706,4483.116792285964,8191.761765408331,6895.26517081565,3186.597595627095,5142.758327398736,2328.7421042695655,5052.467389898479,2803.2792959712574,2809.3086940976973,7416.719863712558,3899.363155089954,4984.363049155559,4243.253544893276,4378.493319698253,4199.11719187107,4703.841743024993,5276.626885592693,3868.6931076375763,3333.9527182205948,3744.7021875369414,9440.933970992694,3546.570124624719,4264.066544227003,9362.661788295321,3952.630439846555,1985.161605230504,7014.9687132659055,7349.695570674314,3213.8553874470695,4355.090741577199,3938.826299192075,6619.430011994804,3179.496671130081,8374.762813672796,4319.633825093002,1886.0207733960747,4216.35619712172,4528.204659461371,2526.908175374751,5325.459588887028
stroma_ad_carcinoma_FA_HN15_1_mieloides_notumorales.csv,4338.118039257279,8693.286044579761,5527.968434257557,5537.589463822454,0.0,4421.276914084786,2474.3580704254027,10714.08283881944,9501.922935963734,5707.837629109514,7880.168095295316,5523.729833256432,3728.6492528453227,3769.50212285273,5382.366124875537,9758.360334820034,7701.480801303122,7091.272128652337,6566.198132936273,5997.381230828548,3648.3329087583006,7638.216240100613,8227.227279656749,7712.244075323382,3580.476021131432,2705.2903948088024,11934.472388790724,3264.0221555980766,1751.5609768829324,11455.07676456814,6700.269836378643,6818.640285106267,3977.3881816895982,9989.755492628647,3834.156912855232,2869.620792502342,5725.264016582436,2904.3365041819807,3823.9548310971795,5611.386055522805,3076.0247055499767,4424.507256375636,6439.7506702522,4669.77010146245,5032.776255754864,8173.856697212358
stroma_ad_carcinoma_FA_HN14_3_mieloides_notumorales.csv,2084.979993641281,5560.960655610973,5058.155250396088,2358.7868613084706,4421.276914084786,0.0,3211.40589644876,7579.107631832678,6679.810011257277,2183.706067153733,4426.058127329089,1637.7782400280905,4071.2396021636005,1325.2990395700867,2153.8625599564148,7344.2936955094465,4731.337536763497,3443.5320299619025,3052.060315169891,2500.280570209977,2425.321662952129,4014.234538207986,4452.4136752708055,4937.680388687383,2571.234112459119,2299.7580537928043,8885.124031354104,1930.408921160592,3616.0123925660223,9238.999742164016,3186.51900781566,3076.0119843491193,6041.719398812177,6695.756151001206,1952.357023267009,2539.4975575771923,2713.098018287125,5314.3544858979785,2007.7861879247828,7363.409174753301,3070.5450789700462,1396.1668566638064,4247.101209032367,2418.416531377214,741.2508724251268,4651.190316701006
stroma_ad_carcinoma_FA_HN15_4_mieloides_notumorales.csv,2719.315005675062,7730.262482584024,5407.23798899459,4483.116792285964,2474.3580704254027,3211.40589644876,0.0,8917.847670164248,8651.782868200284,4671.157679624336,6620.4815047967795,4144.59423697076,3988.5197963939595,2305.642843564322,4530.799730649478,8867.283847442544,5860.211732372165,5842.184618684457,5341.510351777005,4471.663702793314,2554.8951512472318,6400.603378008278,6980.773780943237,5946.997595831476,2313.967305538575,2917.3713296866918,10303.398115857872,1839.5349830459734,2325.2048125797783,10230.705045566569,5311.813781532115,5302.5769288771235,5375.503682145884,8709.893395018455,2110.3782627783676,1590.9686522413876,4716.6281848579465,4594.8280448721025,2374.0771027153687,6806.092339030745,3499.677053435869,3012.2467951570866,4414.001641472389,3487.3353651105576,3720.5110721225537,7148.77263557597
dysplasia_FA_HN14_1_mieloides_notumorales.csv,8647.186912180374,2623.7166176731203,6624.977662625452,8191.761765408331,10714.08283881944,7579.107631832678,8917.847670164248,0.0,2099.8153942164463,6345.579197916355,3907.329471675003,6279.507667652279,8037.277178647481,7782.335511004942,5766.333972817475,2653.0050858144637,8109.981439570596,6365.032073258394,4874.356315653828,6953.810911276028,8475.605920167955,4599.0869782610935,3386.7672185551105,7192.641497102823,9635.78517465751,9020.305565878445,2061.2742362632334,9380.061931902932,10903.933769365001,3746.4236794956237,4535.532316634776,7227.636702797961,11733.906687701254,1112.560490635379,8515.347196518496,9330.290408079783,5907.337007186043,11559.200081458348,9315.348267594314,12009.095962668514,9494.083269580535,8767.666885432473,8216.028792437677,8648.770242156175,7127.923373333845,2978.9959067131394
carcinoma_FA_HN14_4_mieloides_notumorales.csv,7932.586700702847,1448.8387245379945,5958.5189915832525,6895.26517081565,9501.922935963734,6679.810011257277,8651.782868200284,2099.8153942164463,0.0,5268.198949735357,3278.6252416641905,5660.029425823043,7082.799841740692,6928.812143203511,4695.9746039917,1134.5494300808978,8330.82561081901,6061.113774690082,4798.947061041873,7017.783292415091,7535.260966318242,3963.9771728967007,3040.9117523283353,7645.84033663056,8585.93284302896,7682.041665663933,2763.7089447382687,8529.56536585665,9539.188627742455,3176.4601437001184,4360.092670734125,7013.166176288404,10570.243676366408,1173.0139646316038,7874.277255410224,8583.72786513665,4767.083943418058,10320.858729912217,8469.174288028124,10938.690779169729,8232.94038902783,7805.361187225538,8444.604916376607,8127.539104072865,6546.023690247288,2409.100456471134
dysplasia_FA_HN11A_4_mieloides_notumorales.csv,3435.67117961853,4117.398330529596,4157.98751334536,3186.597595627095,5707.837629109514,2183.706067153733,4671.157679624336,6345.579197916355,5268.198949735357,0.0,2758.3100447675083,1925.9920699229365,3686.132916355864,2667.6948763278233,1191.7736204144032,5479.74011696196,5387.078426310414,1959.7097217202397,2034.2426768674254,2705.288417315052,2830.752186294229,2233.5626171933027,3297.0315403103928,5491.67963405377,4137.3879697741295,3451.8923155537404,7479.90014896413,3945.42746179897,5310.133810139895,7435.211419171238,2141.809543653503,3760.2429913326077,6876.113763279546,5442.151788921089,3412.1059400277722,3994.2681045448116,2192.1413378833995,6405.656297663261,3885.0303954492197,7480.909132301286,4361.503218446898,3298.5472507819054,5052.699191608568,3015.808810608438,2021.2773637833498,3787.0683614310456
carcinoma_FA_HN11A_5_mieloides_notumorales.csv,5566.922461606322,2239.6691385406066,4086.0576998511388,5142.758327398736,7880.168095295316,4426.058127329089,6620.4815047967795,3907.329471675003,3278.6252416641905,2758.3100447675083,0.0,3267.7405686478983,5192.84277367504,4700.781882822386,2827.9832299302425,3468.97187306135,6113.608583912739,2918.6576253685025,2433.95518804699,3978.2038386009385,4920.837873889315,1344.038308814479,1211.3791896605699,6038.917229787458,6502.800191214888,5894.561327949478,5094.274951318623,6231.534773977883,7801.874435700902,5268.700403332212,1901.95776058208,4857.343623631963,8925.790913618304,3091.5340245344046,5457.600020466913,6114.975743749129,2616.7500316437654,8713.543635988486,6158.0915658462945,9339.061243254177,6620.885145511569,5613.3375123521655,6162.238910614259,5177.28511264315,4097.966048391659,1674.0040080286433
stroma_ad_dysplasia_FA_HN11A_2_mieloides_notumorales.csv,2529.038580302368,4752.0219555549675,5236.4013228115155,2328.7421042695655,5523.729833256432,1637.7782400280905,4144.59423697076,6279.507667652279,5660.029425823043,1925.9920699229365,3267.7405686478983,0.0,4692.527257833236,2003.4091608787548,1373.9933826289998,6395.647711179981,3866.4869366571165,3004.4505272350543,2049.3969176498836,2515.0009988439347,3767.3593610376693,3047.5045367243442,3402.512566958005,3814.8718801575237,3552.403607582072,3761.128492869871,7585.693691296839,3427.875445795384,4848.450253395459,8274.143028159466,1996.8990736380574,2281.8454973042344,6719.02136500823,5455.851693693892,2686.3457393248677,3846.6856435037266,3100.2917583441704,6459.020412086364,3261.340275708745,8033.083103319374,4157.885291297324,2534.971480334991,3769.6433194746146,3405.2177277535657,1221.3764175876838,3449.9561840103693
carcinoma_FA_HN15_1_mieloides_notumorales.csv,5239.820948252332,6014.590943774196,2120.8675387519747,5052.467389898479,3728.6492528453227,4071.2396021636005,3988.5197963939595,8037.277178647481,7082.799841740692,3686.132916355864,5192.84277367504,4692.527257833236,0.0,4219.178730958716,3745.3875790107395,6865.181583568761,7816.618592978314,4820.148146971881,4451.4116654739155,5364.829780572469,3432.1845521833175,5064.519516251698,5611.022571077546,7913.18542015829,5395.023394619466,2516.0230857327365,9190.964662923567,5024.384553707415,4044.918002350188,8227.911188864715,4504.811331504498,6680.974531243674,4082.3243131421996,7365.542244236192,4695.446371631502,4566.109586490625,3272.863835362264,3766.6857823704618,5404.962425919042,4522.146369284261,2142.669631405783,4573.238830586169,7095.765413995367,5085.042427644189,4514.469688111023,6010.853902751231
stroma_ad_dysplasia_FA_HN11A_1_mieloides_notumorales.csv,1210.794895644402,6007.363999296099,5487.602731405376,2803.2792959712574,3769.50212285273,1325.2990395700867,2305.642843564322,7782.335511004942,6928.812143203511,2667.6948763278233,4700.781882822386,2003.4091608787548,4219.178730958716,0.0,2573.8766225381855,7681.486644437539,4345.43997151614,3871.0332797139417,3355.2785039525097,2592.6578382169914,2343.107289642561,4481.743947167517,4987.843025828018,4465.674081247562,1956.4714107152322,2663.7162457046807,9077.439201873669,1756.6467386252816,3300.5251258915678,9485.77737304607,3486.398050530903,3290.61226238009,5892.346614689027,6912.361418774687,1157.1604923447528,2187.437082555815,3458.2109610313973,5212.104629348678,1710.4724883679432,7401.199985125407,3279.8727043540393,1665.1558440124797,3485.9973304321034,2142.9248012084727,1620.996487664966,5019.146164022593
stroma_ad_carcinoma_FA_HN14_1_mieloides_notumorales.csv,3438.7036646310235,3750.9748803281764,4134.012752997543,2809.3086940976973,5382.366124875537,2153.8625599564148,4530.799730649478,5766.333972817475,4695.9746039917,1191.7736204144032,2827.9832299302425,1373.9933826289998,3745.3875790107395,2573.8766225381855,0.0,5337.03362414027,5066.820776616603,2609.6336731785946,1629.933314033879,3197.9300992526973,3571.8814072444347,2470.626569056087,3047.7754863903738,4846.8979628026345,4133.437106037662,3326.985706647606,7004.763062697757,3976.3400334071907,5175.3528502575655,7216.764776702969,1717.638793889196,3204.4842287826564,6605.035206433948,4975.61726805513,3604.464912129537,4445.446555608631,2436.0147022950678,6092.266751713735,3918.97747804261,7312.8474632142625,3965.9778186825065,3298.181231979042,4824.541906551792,3944.3361759957556,1982.2940995944991,2988.6394968939326
carcinoma_FA_HN14_2_mieloides_notumorales.csv,8667.618112029595,1966.4555235787948,5829.800841938385,7416.719863712558,9758.360334820034,7344.2936955094465,8867.283847442544,2653.0050858144637,1134.5494300808978,5479.74011696196,3468.97187306135,6395.647711179981,6865.181583568761,7681.486644437539,5337.03362414027,0.0,9056.131615032964,6101.005768224778,5551.457570462863,7205.168404837046,7702.822019894102,4082.008581371011,3734.4320554049837,8410.864292692373,9231.830758752685,8166.779842326342,3119.769106596147,9192.301395323007,9996.709273825567,2454.8385381131657,5048.18495689474,7768.762089414512,10690.34003652595,1986.0150489579244,8569.163450279146,9146.853651367539,5352.20295123038,10319.629846148595,9128.184711528307,10791.837159693627,8269.618082292085,8410.470633587083,9122.63237517538,8212.29468426279,7266.02281650391,3159.913612990389
stroma_ad_dysplasia_FA_HN15_4_mieloides_notumorales.csv,3665.0469381047515,7455.0942771348455,8568.22049783305,3899.363155089954,7701.480801303122,4731.337536763497,5860.211732372165,8109.981439570596,8330.82561081901,5387.078426310414,6113.608583912739,3866.4869366571165,7816.618592978314,4345.43997151614,5066.820776616603,9056.131615032964,0.0,5629.8281848875,4157.9777797365,4028.0742785384823,6265.555181448293,5628.341651409542,5694.878187057447,1435.830150151919,4629.512235008421,6912.330054490329,9343.320487360414,5152.533369897741,6814.0548319291465,10798.930760700112,4452.9580335973105,2267.9627877933603,9879.345806806032,7649.555181056565,4151.149021503796,5453.760745166367,6562.748835400505,9528.239739184313,4576.2551405703725,11349.239866385853,7369.148932640584,4247.360039272024,1978.7631951144658,5264.832009384687,4282.209827804927,6289.267049067501
carcinoma_FA_HN11A_3_mieloides_notumorales.csv,4530.171620970747,4895.91853570013,5176.814872716489,4984.363049155559,7091.272128652337,3443.5320299619025,5842.184618684457,6365.032073258394,6061.113774690082,1959.7097217202397,2918.6576253685025,3004.4505272350543,4820.148146971881,3871.0332797139417,2609.6336731785946,6101.005768224778,5629.8281848875,0.0,1897.6892319163983,2231.8831415548752,3649.2478019679043,2443.623180463258,3266.8903309356137,6034.24185530507,5419.516717127812,4776.460098563354,7515.43104394984,4881.17926177023,6611.572637377969,7571.366906215477,2547.724396775038,4347.521080170308,8523.611974191404,5822.461500815177,4346.411913180811,4764.473942257089,2942.240118701364,7915.155400290015,4920.51032955231,9138.984178182995,5905.239395697646,4517.335113889751,5277.44659135318,3120.288877716119,2888.2076930695052,4268.066571241279
carcinoma_FA_HN11A_1_mieloides_notumorales.csv,4120.601732348219,3810.4835307423914,4618.530792626318,4243.253544893276,6566.198132936273,3052.060315169891,5341.510351777005,4874.356315653828,4798.947061041873,2034.2426768674254,2433.95518804699,2049.3969176498836,4451.4116654739155,3355.2785039525097,1629.933314033879,5551.457570462863,4157.9777797365,1897.6892319163983,0.0,2474.8881273645925,4154.264605010383,2014.8180160394757,2099.2242358140575,4432.74330475082,5046.045286281022,4512.750781437302,6087.333368608346,4714.409037457855,6396.163869989531,7311.114536347353,1166.2574684897306,3038.8135703237776,7840.858952389694,4297.359382161267,3857.9616097676612,4619.991640080736,2502.1946004982997,7500.707110735302,4698.618347039218,8462.58583301936,5343.980328053087,4212.845903205126,4165.977730835306,3923.316349723875,2563.2184483025353,2770.8286598698337
carcinoma_FA_HN11A_4_mieloides_notumorales.csv,3276.3053311279627,5927.081846181604,6234.380167753834,4378.493319698253,5997.381230828548,2500.280570209977,4471.663702793314,6953.810911276028,7017.783292415091,2705.288417315052,3978.2038386009385,2515.0009988439347,5364.829780572469,2592.6578382169914,3197.9300992526973,7205.168404837046,4028.0742785384823,2231.8831415548752,2474.8881273645925,0.0,2879.991863733087,3273.1423548623475,4079.057243402015,4616.921777595549,4145.975001031566,4271.8388802456675,8209.185559461826,3626.728281614446,5559.012114980449,8811.452938721915,2990.211164514898,3261.8460465069415,8017.675690266265,6563.677606077751,3036.633226454639,3523.8950253366916,4193.971355290608,7334.7288640845345,3707.5108736488855,9092.180104754812,5065.5306251298625,3645.0899106091924,3437.383427009678,2178.595769959609,2132.9344057019935,5090.513735028258
dysplasia_FA_HN11A_3_mieloides_notumorales.csv,3144.9858828832857,6287.966659032566,4917.8052204681835,4199.11719187107,3648.3329087583006,2425.321662952129,2554.8951512472318,8475.605920167955,7535.260966318242,2830.752186294229,4920.837873889315,3767.3593610376693,3432.1845521833175,2343.107289642561,3571.8814072444347,7702.822019894102,6265.555181448293,3649.2478019679043,4154.264605010383,2879.991863733087,0.0,4281.405273170548,5525.542040896189,6637.005164765406,3021.5745213505825,1893.7055117655416,9745.257015983992,2492.4207490542476,3310.483266092527,9456.7915711588,4320.30925731634,5131.677029179374,5796.9683800608955,7691.214614147389,2523.7231917782087,1890.2582076293947,3322.6794810228894,4914.232738728014,2980.6050453296007,6787.438318567377,3545.8595168631255,2816.1717126829367,5348.241187968365,2160.77204921977,2998.8814550610596,6175.393800850543
carcinoma_FA_HN11A_2_mieloides_notumorales.csv,5229.318208237306,2888.517469160414,4485.593099241962,4703.841743024993,7638.216240100613,4014.234538207986,6400.603378008278,4599.0869782610935,3963.9771728967007,2233.5626171933027,1344.038308814479,3047.5045367243442,5064.519516251698,4481.743947167517,2470.626569056087,4082.008581371011,5628.341651409542,2443.623180463258,2014.8180160394757,3273.1423548623475,4281.405273170548,0.0,1716.3658484682435,5545.571188646321,6062.524025460538,5435.292088735114,5872.825800419023,5795.902867344599,7336.792310698429,5813.788322685203,1512.1281626341072,4231.846803909559,8713.1109019505,3815.072715909576,5179.836070320243,5704.236939070377,2792.423097112345,8396.894281788282,5724.577843731826,9132.308657324102,6252.088768554526,5170.0518805305655,5852.743971212478,4576.253749994202,3710.3517978611176,2281.535879832487
stroma_ad_dysplasia_FA_HN11A_4_mieloides_notumorales.csv,5704.294857499421,2028.7385674800166,4670.861798168963,5276.626885592693,8227.227279656749,4452.4136752708055,6980.773780943237,3386.7672185551105,3040.9117523283353,3297.0315403103928,1211.3791896605699,3402.512566958005,5611.022571077546,4987.843025828018,3047.7754863903738,3734.4320554049837,5694.878187057447,3266.8903309356137,2099.2242358140575,4079.057243402015,5525.542040896189,1716.3658484682435,0.0,5597.491705897296,6597.416592599339,6015.116918670451,4675.483333820448,6210.919886997323,7918.274251258531,5523.289110494034,1809.0762806805008,4502.598965426802,9285.036033950115,2688.296864110673,5472.953322489447,6006.596607378311,2835.011860154043,8979.522722024783,6213.17514381911,9644.043984193142,6885.004465491983,5663.061449297614,6012.287210795574,5317.666960697366,3964.9863473375126,1103.5525186466157
stroma_ad_dysplasia_FA_HN15_5_mieloides_notumorales.csv,3877.469846008729,7024.19271113173,8500.634625412147,3868.6931076375763,7712.244075323382,4937.680388687383,5946.997595831476,7192.641497102823,7645.84033663056,5491.67963405377,6038.917229787458,3814.8718801575237,7913.18542015829,4465.674081247562,4846.8979628026345,8410.864292692373,1435.830150151919,6034.24185530507,4432.74330475082,4616.921777595549,6637.005164765406,5545.571188646321,5597.491705897296,0.0,4931.431755502226,7018.311540738181,8342.936225188143,5527.470558798793,7007.368281212457,10093.64002842975,4412.538055623366,2129.4101924698593,9810.849117857826,6981.863737996821,4551.97379727167,6071.611831513346,6766.360616452526,9486.753755784806,4895.695920344207,11247.856990320395,7272.124880095386,4471.050605914504,2384.3020360059286,5864.316549590102,4489.104627466641,5757.053887562886
dysplasia_FA_HN11A_2_mieloides_notumorales.csv,1380.1666700935361,7484.92670300895,6804.440008857212,3333.9527182205948,3580.476021131432,2571.234112459119,2313.967305538575,9635.78517465751,8585.93284302896,4137.3879697741295,6502.800191214888,3552.403607582072,5395.023394619466,1956.4714107152322,4133.437106037662,9231.830758752685,4629.512235008421,5419.516717127812,5046.045286281022,4145.975001031566,3021.5745213505825,6062.524025460538,6597.416592599339,4931.431755502226,0.0,3301.8338834691626,10919.912248929673,1216.2144714727585,2528.104613198384,11136.261732303345,5263.973749097541,3819.8084860584217,6682.517820707279,8717.206481447514,1510.2582137543352,2119.2973620149232,4671.288645879045,5719.799339475357,836.1053677782111,8316.722678106215,4329.576432379675,2048.202458757994,3421.117707572152,3186.1942031748713,3065.429403805408,6722.667267699634
stroma_ad_dysplasia_FA_HN14_1_mieloides_notumorales.csv,3458.801084954368,6685.803504314438,4195.592079516657,3744.7021875369414,2705.2903948088024,2299.7580537928043,2917.3713296866918,9020.305565878445,7682.041665663933,3451.8923155537404,5894.561327949478,3761.128492869871,2516.0230857327365,2663.7162457046807,3326.985706647606,8166.779842326342,6912.330054490329,4776.460098563354,4512.750781437302,4271.8388802456675,1893.7055117655416,5435.292088735114,6015.116918670451,7018.311540738181,3301.8338834691626,0.0,10277.373610600467,2669.0837965773226,2067.856561943146,10026.104349291441,4762.707884368175,5134.056091191647,4320.355330418802,8130.412200800817,3051.3659857246457,2702.1352317009596,3486.7345143267266,3444.008968840028,3133.1661966406514,5436.520235528,1992.9174070071047,2722.82467033958,6126.202678831912,3202.1233219789037,2887.0248389979515,6104.403990374346
carcinoma_FA_HN14_3_mieloides_notumorales.csv,9961.585993148174,3693.180785055016,7994.1152219311925,9440.933970992694,11934.472388790724,8885.124031354104,10303.398115857872,2061.2742362632334,2763.7089447382687,7479.90014896413,5094.274951318623,7585.693691296839,9190.964662923567,9077.439201873669,7004.763062697757,3119.769106596147,9343.320487360414,7515.43104394984,6087.333368608346,8209.185559461826,9745.257015983992,5872.825800419023,4675.483333820448,8342.936225188143,10919.912248929673,10277.373610600467,0.0,10678.415002559013,12154.727528482093,4810.03571733048,5945.43346632557,8466.642401045057,12963.613417800641,2288.127204983868,9812.463499440391,10558.734543149942,7126.34006612743,12775.477714277944,10616.29068182702,13206.418493212233,10701.503539443913,10073.968780271778,9330.73583667818,9768.847652267283,8445.158680982357,4255.563493329838
stroma_ad_carcinoma_FA_HN14_5_mieloides_notumorales.csv,1680.624855321144,7404.0735007279645,6476.8420187278125,3546.570124624719,3264.0221555980766,1930.408921160592,1839.5349830459734,9380.061931902932,8529.56536585665,3945.42746179897,6231.534773977883,3427.875445795384,5024.384553707415,1756.6467386252816,3976.3400334071907,9192.301395323007,5152.533369897741,4881.17926177023,4714.409037457855,3626.728281614446,2492.4207490542476,5795.902867344599,6210.919886997323,5527.470558798793,1216.2144714727585,2669.0837965773226,10678.415002559013,0.0,2291.914486705747,11091.272765881075,4958.350394138133,3973.7475745851143,6358.8820218132,8527.242683282244,1198.306717653303,1222.7352060641747,4151.276888926891,5324.304235248018,800.9235471442975,7956.1053396857,3942.0376673424266,1692.3399728180925,4131.934269942499,2375.0511633472724,2405.0433316793487,6471.2500818238395
stroma_ad_dysplasia_FA_HN15_2_mieloides_notumorales.csv,3173.8589944555997,8553.342242859353,5795.185434458718,4264.066544227003,1751.5609768829324,3616.0123925660223,2325.2048125797783,10903.933769365001,9539.188627742455,5310.133810139895,7801.874435700902,4848.450253395459,4044.918002350188,3300.5251258915678,5175.3528502575655,9996.709273825567,6814.0548319291465,6611.572637377969,6396.163869989531,5559.012114980449,3310.483266092527,7336.792310698429,7918.274251258531,7007.368281212457,2528.104613198384,2067.856561943146,12154.727528482093,2291.914486705747,0.0,11831.533605026643,6596.618484919871,5425.814120054296,4563.829422585659,10031.83074288148,2815.7223064063546,2351.550436297861,5384.67877429206,3560.518863341616,2574.3258917677194,6278.944412967098,3109.6860386605294,3053.7936156452065,5746.609172618093,4071.5404125481164,4100.020534747999,7999.268800913554
dysplasia_FA_HN15_3_mieloides_notumorales.csv,10508.463698091897,3777.5298708102755,6690.358465172296,9362.661788295321,11455.07676456814,9238.999742164016,10230.705045566569,3746.4236794956237,3176.4601437001184,7435.211419171238,5268.700403332212,8274.143028159466,8227.911188864715,9485.77737304607,7216.764776702969,2454.8385381131657,10798.930760700112,7571.366906215477,7311.114536347353,8811.452938721915,9456.7915711588,5813.788322685203,5523.289110494034,10093.64002842975,11136.261732303345,10026.104349291441,4810.03571733048,11091.272765881075,11831.533605026643,0.0,6662.196327894565,9649.757740054396,11880.408116443798,3740.5284436600646,10391.911241251973,11010.125089402467,7246.950874571256,11584.564319823043,11027.788681393507,11565.016007664799,9669.630774393116,10347.626265552673,10726.448998916821,10014.226868342656,9140.689136486933,5030.221320938702
stroma_ad_dysplasia_FA_HN11A_3_mieloides_notumorales.csv,4315.438122993796,3289.9141303852416,4589.637006370792,3952.630439846555,6700.269836378643,3186.51900781566,5311.813781532115,4535.532316634776,4360.092670734125,2141.809543653503,1901.95776058208,1996.8990736380574,4504.811331504498,3486.398050530903,1717.638793889196,5048.18495689474,4452.9580335973105,2547.724396775038,1166.2574684897306,2990.211164514898,4320.30925731634,1512.1281626341072,1809.0762806805008,4412.538055623366,5263.973749097541,4762.707884368175,5945.43346632557,4958.350394138133,6596.618484919871,6662.196327894565,0.0,3370.1539156457325,7779.435693853705,3883.4389909624924,4091.7617575652703,4871.940438949595,2814.8624977594272,7573.301871629994,4935.737932159953,8407.711246154606,5443.7182363311495,4386.409950204712,4698.6536508598265,4259.7248546578285,2722.356558712288,2390.1920907991553
stroma_ad_dysplasia_FA_HN11A_5_mieloides_notumorales.csv,2699.831087757378,6083.285011969436,7234.60093994292,1985.161605230504,6818.640285106267,3076.0119843491193,5302.5769288771235,7227.636702797961,7013.166176288404,3760.2429913326077,4857.343623631963,2281.8454973042344,6680.974531243674,3290.61226238009,3204.4842287826564,7768.762089414512,2267.9627877933603,4347.521080170308,3038.8135703237776,3261.8460465069415,5131.677029179374,4231.846803909559,4502.598965426802,2129.4101924698593,3819.8084860584217,5134.056091191647,8466.642401045057,3973.7475745851143,5425.814120054296,9649.757740054396,3370.1539156457325,0.0,8596.0512372187,6718.244082362936,3467.8929948898317,4822.86994071953,5073.169720125,8127.536759323019,3412.501132574011,10011.618679399577,5844.343614151331,2648.4755596809837,2745.2002674732285,4288.706215495618,2555.979285597434,4773.2401736052825
stroma_ad_dysplasia_FA_HN15_3_mieloides_notumorales.csv,6799.921653087724,9726.827298691594,5388.024831886778,7014.9687132659055,3977.3881816895982,6041.719398812177,5375.503682145884,11733.906687701254,10570.243676366408,6876.113763279546,8925.790913618304,6719.02136500823,4082.3243131421996,5892.346614689027,6605.035206433948,10690.34003652595,9879.345806806032,8523.611974191404,7840.858952389694,8017.675690266265,5796.9683800608955,8713.1109019505,9285.036033950115,9810.849117857826,6682.517820707279,4320.355330418802,12963.613417800641,6358.8820218132,4563.829422585659,11880.408116443798,7779.435693853705,8596.0512372187,0.0,11003.964815259902,6347.260283048345,5884.200808139515,6826.946578951323,1647.0020774100428,6845.250249880753,1955.8245707351625,3322.8102961037125,6310.51448580971,9034.711769032108,7153.46524642206,6474.988008216546,9275.830101388128
dysplasia_FA_HN14_2_mieloides_notumorales.csv,7834.619394838228,1804.6444267491574,6303.10481954321,7349.695570674314,9989.755492628647,6695.756151001206,8709.893395018455,1112.560490635379,1173.0139646316038,5442.151788921089,3091.5340245344046,5455.851693693892,7365.542244236192,6912.361418774687,4975.61726805513,1986.0150489579244,7649.555181056565,5822.461500815177,4297.359382161267,6563.677606077751,7691.214614147389,3815.072715909576,2688.296864110673,6981.863737996821,8717.206481447514,8130.412200800817,2288.127204983868,8527.242683282244,10031.83074288148,3740.5284436600646,3883.4389909624924,6718.244082362936,11003.964815259902,0.0,7719.7982899430035,8463.534374621624,4936.9500898904735,10868.628110466294,8466.266900525568,11435.69175035346,8784.789424138595,7876.551291730348,7889.017077964756,7898.261240261568,6374.944066239953,2136.1440594803116
stroma_ad_carcinoma_FA_HN11A_2_mieloides_notumorales.csv,964.9929086745228,6797.3905242967485,6085.786268405286,3213.8553874470695,3834.156912855232,1952.357023267009,2110.3782627783676,8515.347196518496,7874.277255410224,3412.1059400277722,5457.600020466913,2686.3457393248677,4695.446371631502,1157.1604923447528,3604.464912129537,8569.163450279146,4151.149021503796,4346.411913180811,3857.9616097676612,3036.633226454639,2523.7231917782087,5179.836070320243,5472.953322489447,4551.97379727167,1510.2582137543352,3051.3659857246457,9812.463499440391,1198.306717653303,2815.7223064063546,10391.911241251973,4091.7617575652703,3467.8929948898317,6347.260283048345,7719.7982899430035,0.0,1592.7128699939249,3865.326056373787,5635.42763284058,1231.243144093886,7828.3858647572815,3918.8608751788806,1602.2095178191923,3203.089959732658,2142.9546775682306,2201.2231305447012,5926.176042705304
dysplasia_FA_HN11A_5_mieloides_notumorales.csv,2406.574524475599,7393.496508262795,6109.184214347585,4355.090741577199,2869.620792502342,2539.4975575771923,1590.9686522413876,9330.290408079783,8583.72786513665,3994.2681045448116,6114.975743749129,3846.6856435037266,4566.109586490625,2187.437082555815,4445.446555608631,9146.853651367539,5453.760745166367,4764.473942257089,4619.991640080736,3523.8950253366916,1890.2582076293947,5704.236939070377,6006.596607378311,6071.611831513346,2119.2973620149232,2702.1352317009596,10558.734543149942,1222.7352060641747,2351.550436297861,11010.125089402467,4871.940438949595,4822.86994071953,5884.200808139515,8463.534374621624,1592.7128699939249,0.0,4020.963320001078,4899.441450129335,1922.6105801948756,7391.706540687381,3989.2703753484684,2544.2251063474514,4442.292799280798,2201.134209259421,2924.2372442102183,6831.908539764418
dysplasia_FA_HN15_2_mieloides_notumorales.csv,4291.992181431174,3758.9854798925885,2599.9723798657287,3938.826299192075,5725.264016582436,2713.098018287125,4716.6281848579465,5907.337007186043,4767.083943418058,2192.1413378833995,2616.7500316437654,3100.2917583441704,3272.863835362264,3458.2109610313973,2436.0147022950678,5352.20295123038,6562.748835400505,2942.240118701364,2502.1946004982997,4193.971355290608,3322.6794810228894,2792.423097112345,2835.011860154043,6766.360616452526,4671.288645879045,3486.7345143267266,7126.34006612743,4151.276888926891,5384.67877429206,7246.950874571256,2814.8624977594272,5073.169720125,6826.946578951323,4936.9500898904735,3865.326056373787,4020.963320001078,0.0,6439.438055792344,4496.6666203200475,7198.238586663647,4503.993534429287,3449.3216922307197,6265.581082281189,4179.755334081463,3063.7220395238123,3351.7994741869734
stroma_ad_carcinoma_FA_HN15_2_mieloides_notumorales.csv,6059.994391733471,9444.931011636343,5214.263661398004,6619.430011994804,2904.3365041819807,5314.3544858979785,4594.8280448721025,11559.200081458348,10320.858729912217,6405.656297663261,8713.543635988486,6459.020412086364,3766.6857823704618,5212.104629348678,6092.266751713735,10319.629846148595,9528.239739184313,7915.155400290015,7500.707110735302,7334.7288640845345,4914.232738728014,8396.894281788282,8979.522722024783,9486.753755784806,5719.799339475357,3444.008968840028,12775.477714277944,5324.304235248018,3560.518863341616,11584.564319823043,7573.301871629994,8127.536759323019,1647.0020774100428,10868.628110466294,5635.42763284058,4899.441450129335,6439.438055792344,0.0,5866.732824689774,2909.7266968442086,2515.1144826296445,5715.468261386697,8516.322764828596,6137.6329427162245,5938.878822571812,8909.384155780253
stroma_ad_carcinoma_FA_HN14_4_mieloides_notumorales.csv,1164.5288216603353,7346.233255859988,6779.596762633507,3179.496671130081,3823.9548310971795,2007.7861879247828,2374.0771027153687,9315.348267594314,8469.174288028124,3885.0303954492197,6158.0915658462945,3261.340275708745,5404.962425919042,1710.4724883679432,3918.97747804261,9128.184711528307,4576.2551405703725,4920.51032955231,4698.618347039218,3707.5108736488855,2980.6050453296007,5724.577843731826,6213.17514381911,4895.695920344207,836.1053677782111,3133.1661966406514,10616.29068182702,800.9235471442975,2574.3258917677194,11027.788681393507,4935.737932159953,3412.501132574011,6845.250249880753,8466.266900525568,1231.243144093886,1922.6105801948756,4496.6666203200475,5866.732824689774,0.0,8444.454807466995,4309.412192107471,1666.3428488144568,3468.383409493106,2697.592241157533,2434.54812829868,6392.779828111633
stroma_ad_dysplasia_FA_HN14_3_mieloides_notumorales.csv,8389.62829134651,10087.137461073777,5720.725470532153,8374.762813672796,5611.386055522805,7363.409174753301,6806.092339030745,12009.095962668514,10938.690779169729,7480.909132301286,9339.061243254177,8033.083103319374,4522.146369284261,7401.199985125407,7312.8474632142625,10791.837159693627,11349.239866385853,9138.984178182995,8462.58583301936,9092.180104754812,6787.438318567377,9132.308657324102,9644.043984193142,11247.856990320395,8316.722678106215,5436.520235528,13206.418493212233,7956.1053396857,6278.944412967098,11565.016007664799,8407.711246154606,10011.618679399577,1955.8245707351625,11435.69175035346,7828.3858647572815,7391.706540687381,7198.238586663647,2909.7266968442086,8444.454807466995,0.0,4415.353234414155,7825.1240368984145,10527.866507513136,8366.891373671268,7848.686515545884,9768.745801554282
stroma_ad_carcinoma_FA_HN15_3_mieloides_notumorales.csv,4181.944205248905,7331.194567173514,3198.1538019628715,4319.633825093002,3076.0247055499767,3070.5450789700462,3499.677053435869,9494.083269580535,8232.94038902783,4361.503218446898,6620.885145511569,4157.885291297324,2142.669631405783,3279.8727043540393,3965.9778186825065,8269.618082292085,7369.148932640584,5905.239395697646,5343.980328053087,5065.5306251298625,3545.8595168631255,6252.088768554526,6885.004465491983,7272.124880095386,4329.576432379675,1992.9174070071047,10701.503539443913,3942.0376673424266,3109.6860386605294,9669.630774393116,5443.7182363311495,5844.343614151331,3322.8102961037125,8784.789424138595,3918.8608751788806,3989.2703753484684,4503.993534429287,2515.1144826296445,4309.412192107471,4415.353234414155,0.0,3541.178790712359,6610.053127091531,4545.49432647602,3637.2912960541044,6822.342002240349
stroma_ad_dysplasia_FA_HN14_2_mieloides_notumorales.csv,1425.0265552552876,6688.792402134413,5750.552916523458,1886.0207733960747,4424.507256375636,1396.1668566638064,3012.2467951570866,8767.666885432473,7805.361187225538,3298.5472507819054,5613.3375123521655,2534.971480334991,4573.238830586169,1665.1558440124797,3298.181231979042,8410.470633587083,4247.360039272024,4517.335113889751,4212.845903205126,3645.0899106091924,2816.1717126829367,5170.0518805305655,5663.061449297614,4471.050605914504,2048.202458757994,2722.82467033958,10073.968780271778,1692.3399728180925,3053.7936156452065,10347.626265552673,4386.409950204712,2648.4755596809837,6310.51448580971,7876.551291730348,1602.2095178191923,2544.2251063474514,3449.3216922307197,5715.468261386697,1666.3428488144568,7825.1240368984145,3541.178790712359,0.0,3814.8877101729345,2958.5310360429266,1850.7959730161565,5836.11298319722
