,stroma_ad_dysplasia_FA_HN15_1_mieloides_notumorales.csv,carcinoma_FA_HN14_1_mieloides_notumorales.csv,carcinoma_FA_HN15_2_mieloides_notumorales.csv,stroma_ad_dysplasia_FA_HN14_4_mieloides_notumorales.csv,stroma_ad_carcinoma_FA_HN15_1_mieloides_notumorales.csv,stroma_ad_carcinoma_FA_HN14_3_mieloides_notumorales.csv,stroma_ad_carcinoma_FA_HN15_4_mieloides_notumorales.csv,dysplasia_FA_HN14_1_mieloides_notumorales.csv,carcinoma_FA_HN14_4_mieloides_notumorales.csv,dysplasia_FA_HN11A_4_mieloides_notumorales.csv,carcinoma_FA_HN11A_5_mieloides_notumorales.csv,stroma_ad_dysplasia_FA_HN11A_2_mieloides_notumorales.csv,carcinoma_FA_HN15_1_mieloides_notumorales.csv,stroma_ad_dysplasia_FA_HN11A_1_mieloides_notumorales.csv,stroma_ad_carcinoma_FA_HN14_1_mieloides_notumorales.csv,carcinoma_FA_HN14_2_mieloides_notumorales.csv,stroma_ad_dysplasia_FA_HN15_4_mieloides_notumorales.csv,carcinoma_FA_HN11A_3_mieloides_notumorales.csv,carcinoma_FA_HN11A_1_mieloides_notumorales.csv,carcinoma_FA_HN11A_4_mieloides_notumorales.csv,dysplasia_FA_HN11A_3_mieloides_notumorales.csv,carcinoma_FA_HN11A_2_mieloides_notumorales.csv,stroma_ad_dysplasia_FA_HN11A_4_mieloides_notumorales.csv,stroma_ad_dysplasia_FA_HN15_5_mieloides_notumorales.csv,dysplasia_FA_HN11A_2_mieloides_notumorales.csv,stroma_ad_dysplasia_FA_HN14_1_mieloides_notumorales.csv,carcinoma_FA_HN14_3_mieloides_notumorales.csv,stroma_ad_carcinoma_FA_HN14_5_mieloides_notumorales.csv,stroma_ad_dysplasia_FA_HN15_2_mieloides_notumorales.csv,dysplasia_FA_HN15_3_mieloides_notumorales.csv,stroma_ad_dysplasia_FA_HN11A_3_mieloides_notumorales.csv,stroma_ad_dysplasia_FA_HN11A_5_mieloides_notumorales.csv,stroma_ad_dysplasia_FA_HN15_3_mieloides_notumorales.csv,dysplasia_FA_HN14_2_mieloides_notumorales.csv,stroma_ad_carcinoma_FA_HN11A_2_mieloides_notumorales.csv,dysplasia_FA_HN11A_5_mieloides_notumorales.csv,dysplasia_FA_HN15_2_mieloides_notumorales.csv,stroma_ad_carcinoma_FA_HN15_2_mieloides_notumorales.csv,stroma_ad_carcinoma_FA_HN14_4_mieloides_notumorales.csv,stroma_ad_dysplasia_FA_HN14_3_mieloides_notumorales.csv,stroma_ad_carcinoma_FA_HN15_3_mieloides_notumorales.csv,stroma_ad_dysplasia_FA_HN14_2_mieloides_notumorales.csv,stroma_ad_carcinoma_FA_HN11A_1_mieloides_notumorales.csv,dysplasia_FA_HN15_5_mieloides_notumorales.csv,stroma_ad_carcinoma_FA_HN14_2_mieloides_notumorales.csv,dysplasia_FA_HN11A_1_mieloides_notumorales.csv
stroma_ad_dysplasia_FA_HN15_1_mieloides_notumorales.csv,0.0,1282.1434272839538,1443.9561084543027,1022.5187361066662,1131.4125614320778,885.7079877391226,747.1945669122638,1303.9298311770294,1250.0861957713369,912.6163895605072,1121.8322658891173,743.7385667116087,1348.4779001370655,762.4027509147267,873.2025711934083,1296.1332629846625,743.6118352569403,824.4172182074067,907.8324149081355,780.0365571975719,743.7442513867245,1043.7881182117387,1104.1461488306186,1008.3867931830817,705.0151741670188,1183.9377026319376,1196.622917926908,794.9360103296684,1250.439138570283,1412.2108159095355,964.7660791146525,767.4156863033129,1929.8242206697544,1170.379273658317,817.2541526135659,727.3904211356908,1078.5996543950487,1625.070194975964,812.6323821258082,2141.610145663153,1269.4187342901214,1144.034630111643,890.4000027032536,518.7700271738873,835.698382930136,1087.4653507830044
carcinoma_FA_HN14_1_mieloides_notumorales.csv,1282.1434272839538,0.0,741.4663364032358,867.4284604275584,1282.0413200974604,798.4028279726292,1174.5585999758318,530.5220943597822,317.51236593697536,734.6072878284701,460.42219981993145,837.3566005747973,722.1922940470125,918.6329098409344,768.3586426641505,403.0575953896587,1408.339943245403,909.0461771037316,581.3023828815985,853.6894744126827,1054.7316062633367,641.7971170815385,434.4648676196023,1337.659315511759,1155.4069956493533,1014.4959451476471,422.4514933137173,999.7724555241124,1308.0267362738134,562.2564195866274,672.3144543805122,884.3213619116656,1257.78189690682,401.6030302639368,929.749054262316,1106.4355013678226,839.6731602049502,1115.126683302493,1102.381277384848,1338.2931802932999,886.1053355815055,985.5246870265061,1365.6325526073792,1291.875348390832,827.548685466254,386.90775686367806
carcinoma_FA_HN15_2_mieloides_notumorales.csv,1443.9561084543027,741.4663364032358,0.0,862.5334043251968,1241.76620912264,940.8562785052362,1292.3188806162202,957.8082280101331,795.6180950463647,924.6116538857707,681.8122398509712,972.9153034386252,725.5848168571222,1039.9383880791902,803.9793815475939,808.9864821064012,1611.092363222488,1103.2051348210246,834.7416735502471,1048.7658127215273,1079.916155255478,812.593944352686,647.6079216314643,1608.6382847766158,1284.9661681488296,1009.0582835675875,897.4876228311938,1109.4764604238626,1298.0459627538555,899.5566283372688,822.5751160216175,1092.5534568530381,1120.487904790356,824.1788000002805,1100.6571492696753,1256.0450553962792,895.3265422925672,909.2408875695504,1156.843523865363,1186.3694055012293,771.8253502559884,969.723943637387,1656.5381485303242,1473.0583913071137,970.5323299743634,667.4133685647088
stroma_ad_dysplasia_FA_HN14_4_mieloides_notumorales.csv,1022.5187361066662,867.4284604275584,862.5334043251968,0.0,1064.5053603006982,727.3089816854938,941.430716517445,1170.0780685665397,928.0513066310008,733.7520658442995,740.7563364718854,738.8645847228948,762.508482355405,732.7854366306879,665.8826110561026,987.4880161705495,1124.209068776588,847.3024358350405,678.1128281591771,684.7887058341465,832.8312354962841,730.9370503261025,748.6701639436378,1198.8797799295075,871.7602806664183,860.4292902387025,1015.798792892902,745.384119888941,1080.5337667159145,1130.9451032635388,740.304759536119,733.2791420869245,1312.735637354249,963.971421184656,751.8599357793547,867.1121911560067,813.3613462932009,1069.0880326207212,782.1417884531367,1530.6203549218603,862.0008569700101,744.020168816924,1249.454985456135,1065.6694292068646,784.5784030478787,781.1138760433615
stroma_ad_carcinoma_FA_HN15_1_mieloides_notumorales.csv,1131.4125614320778,1282.0413200974604,1241.76620912264,1064.5053603006982,0.0,807.5730980062232,893.7757585794486,1453.3865226234038,1271.2478161314102,1117.7389835360045,1204.9690218696485,904.4587662380645,1076.858284217923,951.4932561389508,954.4049231657857,1345.3296368409897,1352.0354377875876,1029.2714258190726,1169.4619643091646,1078.185672719736,882.1649379217005,1169.0263786493326,1106.857426679701,1700.9424981991003,1097.8347204404658,892.2984605924108,1365.5178103886667,834.926056160166,874.9264833466585,1515.8564025013216,966.286536063141,1150.1599816112864,1554.1140343611828,1255.0251689444178,909.7964636336536,869.1555195882105,795.4330146878567,1332.2451191100708,934.9409111308175,1782.4625725632968,1125.3470635361662,984.6902288683395,1593.6941543785745,1087.827538223026,873.4466033109815,1179.454114295223
stroma_ad_carcinoma_FA_HN14_3_mieloides_notumorales.csv,885.7079877391226,798.4028279726292,940.8562785052362,727.3089816854938,807.5730980062232,0.0,763.1849617763321,1061.8319512777498,907.9124438483358,729.9834029770293,768.2331412856518,488.3537326635931,719.1220876208617,592.280139445091,603.3790444980373,1013.2555803281916,1181.4455100379373,692.6880009892985,655.8363997444084,702.6900378955279,672.0778700285264,877.5597275173745,714.7535032916705,1334.2923599935787,884.993686940712,639.8454199373375,1003.8325128377011,551.9574646519842,789.6787408920407,1147.4332129275135,608.5975455950322,699.9263317528248,1343.3422468069584,893.2137681669069,592.8526038008292,652.7278057410166,585.6031539634013,1053.8458547497853,576.0549687205147,1565.730724048536,887.4255646752981,684.2667332362008,1300.939742812489,850.5170526924452,472.90762857545036,761.5171611007364
stroma_ad_carcinoma_FA_HN15_4_mieloides_notumorales.csv,747.1945669122638,1174.5585999758318,1292.3188806162202,941.430716517445,893.7757585794486,763.1849617763321,0.0,1422.118306630222,1245.9407847881594,911.0688436736846,1056.5293189726726,769.1688122618816,1104.3999434089524,703.3357171696459,887.7357797931631,1214.1334096180817,1056.6599257611217,896.152084608818,919.2425903960244,816.5065877248284,674.4112726777414,981.9326704146573,1061.3092348709008,1341.285314685291,798.9638393377983,967.0489366084366,1316.1886142057217,749.3590271913376,1129.6902378920108,1385.98369920334,956.0213834512617,831.0070933146408,1646.1065400556931,1251.3003149074502,690.3712961930227,656.7778870008241,971.6198745138638,1361.052310961884,783.1443949099768,1892.9735291085053,1063.958770687118,989.5558982324624,1242.503761403643,809.4042620832834,826.8701842238921,1051.6614004526025
dysplasia_FA_HN14_1_mieloides_notumorales.csv,1303.9298311770294,530.5220943597822,957.8082280101331,1170.0780685665397,1453.3865226234038,1061.8319512777498,1422.118306630222,0.0,419.46845314579264,840.7792505649195,710.4653624717071,954.1427121470601,1109.1389285428888,1091.0647147437494,909.2729170864429,572.1373258148858,1341.9854721318488,955.1268158808343,814.9168248129135,1096.5986530391444,1265.4882002304028,834.4620214080245,650.0527606293588,1250.9153165929827,1398.1482947843076,1370.7812622030735,277.9520533838072,1259.407041819911,1578.4368200240608,569.5074082790118,727.1252545304228,1055.463987612641,1664.1036611660286,321.06098487813756,1197.3524120704749,1286.1678538190129,1016.1739295750508,1501.966105812072,1358.822067924358,1661.4442702450783,1152.0995252789608,1293.143631867492,1298.4233657839366,1271.713109703944,955.5845770312185,571.441979224913
carcinoma_FA_HN14_4_mieloides_notumorales.csv,1250.0861957713369,317.51236593697536,795.6180950463647,928.0513066310008,1271.2478161314102,907.9124438483358,1245.9407847881594,419.46845314579264,0.0,690.5810647945448,528.4975871153026,890.1788559616407,866.2838726084885,920.2836113227199,698.2863797816682,361.46434065021094,1306.2000665245962,868.5770338868582,673.479781931937,928.760267385293,1113.2975181389672,584.3592972891499,496.4696321594356,1228.318603581887,1207.535963085322,1126.206470230219,226.48638224787922,1091.160148003258,1406.6129728024307,419.1961667867366,687.706182281979,953.3565231501443,1403.8141502949393,249.8521993383047,1047.8342819068255,1201.018830003938,872.6889279585665,1267.1301306900489,1227.398416310851,1460.214887162503,1008.0152226135531,1150.0593529788393,1278.4991767668052,1285.0769237645213,880.634281371731,423.7681260437009
dysplasia_FA_HN11A_4_mieloides_notumorales.csv,912.6163895605072,734.6072878284701,924.6116538857707,733.7520658442995,1117.7389835360045,729.9834029770293,911.0688436736846,840.7792505649195,690.5810647945448,0.0,569.7274225367349,676.4517769558605,898.8590809819113,622.1156760713077,619.7994338228702,774.9799429097752,1094.7463161863977,599.3891018593437,532.6405181584485,698.7828261245451,850.5006779053888,633.7615931908416,668.6222765176404,1098.1246821536126,976.3127971290313,1002.3834750313864,712.5589075301893,811.4821030282329,1208.930216476527,866.6194677003941,600.5711425685286,682.4163984100956,1452.8459859149302,700.5565427289617,802.695515426051,921.6856858335124,865.6906739857814,1249.1105433515802,872.9888175397409,1600.9133389698713,894.3337615300084,942.0531135623503,1100.731963123864,998.3940013110105,687.0844479717573,614.4637297978234
carcinoma_FA_HN11A_5_mieloides_notumorales.csv,1121.8322658891173,460.42219981993145,681.8122398509712,740.7563364718854,1204.9690218696485,768.2331412856518,1056.5293189726726,710.4653624717071,528.4975871153026,569.7274225367349,0.0,744.9304044807812,753.4963845387982,795.5862131185921,627.6382013328948,557.0017486514078,1252.972167189352,795.0869271361242,490.78034703010576,786.12209620018,900.4441710401616,556.2585468211432,468.49717954230726,1213.0041093571658,1042.8843297553613,966.8571459076911,600.8405524487079,913.1692161223957,1229.1706532729775,716.2212825837257,597.6152403858916,802.6701790221395,1275.41761192633,543.3266752115039,851.5526407137659,1026.4679877734447,808.5469774814917,1105.9555611897076,997.3914551701596,1394.374480385228,784.4681216398068,877.3129505853287,1281.128713346532,1170.512076286216,734.3998500449046,394.65526849232845
stroma_ad_dysplasia_FA_HN11A_2_mieloides_notumorales.csv,743.7385667116087,837.3566005747973,972.9153034386252,738.8645847228948,904.4587662380645,488.3537326635931,769.1688122618816,954.1427121470601,890.1788559616407,676.4517769558605,744.9304044807812,0.0,839.9207360872335,601.0213674173976,520.9559931258412,961.5271241314929,1015.2233691508692,616.854631503183,614.2426663605298,670.3742867926865,603.0401433806816,763.7212783181492,627.9516421305773,1155.1359205839342,805.9163150558355,733.2549797071422,893.4032898308054,609.4557046321045,920.946543747775,1123.7005458259869,557.2614186995055,630.3132208824763,1444.819528396196,817.715372564568,619.4222896433595,633.8172594223513,626.256235202985,1176.7862404577759,668.9273422499039,1680.3965467534013,921.9544418839089,713.333958552633,1181.7870614037256,760.0440340753389,439.7618287097989,712.8825265398231
carcinoma_FA_HN15_1_mieloides_notumorales.csv,1348.4779001370655,722.1922940470125,725.5848168571222,762.508482355405,1076.858284217923,719.1220876208617,1104.3999434089524,1109.1389285428888,866.2838726084885,898.8590809819113,753.4963845387982,839.9207360872335,0.0,899.191524151812,775.5465278917527,901.3415241071076,1553.6258845568686,934.0536145604539,808.6530168079444,938.1165957462323,982.1786606423155,923.6077747959444,675.3699613190948,1631.9833420421087,1143.4918132598214,707.7842154724335,1000.7967786270851,890.7949242700415,1013.9764226176245,1076.055246148892,767.3637024226765,1007.2769448648249,978.7902579452655,941.8132749519068,909.8225692659945,1024.7051238967554,760.0107384974413,864.4976204368648,934.0880722373604,1228.4229312528337,814.304518314855,694.4123877404437,1615.4215356081404,1348.5114024732288,770.7195798361599,740.3365510651045
stroma_ad_dysplasia_FA_HN11A_1_mieloides_notumorales.csv,762.4027509147267,918.6329098409344,1039.9383880791902,732.7854366306879,951.4932561389508,592.280139445091,703.3357171696459,1091.0647147437494,920.2836113227199,622.1156760713077,795.5862131185921,601.0213674173976,899.191524151812,0.0,641.9237683726092,977.917079775496,1000.9725231094856,654.1335589848441,652.2799587830748,610.4146383262073,693.4741287155798,829.020463987438,809.5898385081928,1145.5292662312868,817.1084757652911,888.8476338763961,955.3915949686473,633.2588100719883,1073.5225449218924,1107.337720863268,688.0400087668555,635.4546140319874,1447.000510155274,920.1413599027801,652.862953384305,664.6060639828102,820.0750768079167,1252.8124896853096,687.0402225855665,1678.2884420288378,942.8272361611678,842.9870859201362,1080.5772749794207,836.5463190219751,618.8947803669854,799.2005582505076
stroma_ad_carcinoma_FA_HN14_1_mieloides_notumorales.csv,873.2025711934083,768.3586426641505,803.9793815475939,665.8826110561026,954.4049231657857,603.3790444980373,887.7357797931631,909.2729170864429,698.2863797816682,619.7994338228702,627.6382013328948,520.9559931258412,775.5465278917527,641.9237683726092,0.0,794.9570553875772,1097.233177436817,675.5083821293239,638.2017226142725,683.9333847441968,726.5846369550914,631.0534577947133,569.2957532207033,1179.5902542465371,912.3208202240725,799.428882740041,751.5107450400876,754.0599401750277,1056.2379744501197,896.4563743906791,556.5254938183592,715.1727258253707,1359.436923856724,734.4881600578715,770.6980099305737,822.6064435436235,673.1434778175574,1106.668885872179,808.1660796523424,1514.1216806518023,840.9951955564607,804.2683089795067,1220.503069283775,944.6665803783216,562.2455584023943,585.1172186641525
carcinoma_FA_HN14_2_mieloides_notumorales.csv,1296.1332629846625,403.0575953896587,808.9864821064012,987.4880161705495,1345.3296368409897,1013.2555803281916,1214.1334096180817,572.1373258148858,361.46434065021094,774.9799429097752,557.0017486514078,961.5271241314929,901.3415241071076,977.917079775496,794.9570553875772,0.0,1421.2711342870518,984.3889185962438,765.867660527784,1011.01879089077,1168.4869576018082,610.7565933871009,538.0643602322823,1287.9482224274623,1293.3632531894423,1190.2048410808836,376.5703511901877,1175.5744630353688,1478.7376589114804,443.41851190064455,804.87742693538,1052.2699467743446,1296.7450683340826,412.61817971449454,1137.1204073975523,1306.5268506367702,946.9751868868572,1200.8608300303633,1292.137926102333,1365.303248126706,961.3389440118822,1170.549680933561,1412.7828221013554,1388.540401678155,970.5648343734239,446.8907334208138
stroma_ad_dysplasia_FA_HN15_4_mieloides_notumorales.csv,743.6118352569403,1408.339943245403,1611.092363222488,1124.209068776588,1352.0354377875876,1181.4455100379373,1056.6599257611217,1341.9854721318488,1306.2000665245962,1094.7463161863977,1252.972167189352,1015.2233691508692,1553.6258845568686,1000.9725231094856,1097.233177436817,1421.2711342870518,0.0,1042.8067699536655,1042.431181395547,849.9245914453662,1015.0526743189323,1134.316364439552,1257.725439913466,727.6536730602791,853.9244040697292,1503.6482023757212,1236.0250025217656,1076.6686722206455,1577.2778076963061,1519.3031089771157,1100.6683138667254,842.4414792551268,2167.5379481824916,1205.2223020163754,1038.5315749982187,1005.5223253944395,1381.4418793200125,1945.516939688317,1099.6635326205367,2372.745774587661,1487.7806481679017,1435.9891508028945,680.6764975424077,801.6869746001898,1137.4121397685592,1237.0387645113326
carcinoma_FA_HN11A_3_mieloides_notumorales.csv,824.4172182074067,909.0461771037316,1103.2051348210246,847.3024358350405,1029.2714258190726,692.6880009892985,896.152084608818,955.1268158808343,868.5770338868582,599.3891018593437,795.0869271361242,616.854631503183,934.0536145604539,654.1335589848441,675.5083821293239,984.3889185962438,1042.8067699536655,0.0,625.6947406908051,733.3533978091174,825.512271372831,789.1722786796715,777.7524625320272,1075.1445676458407,920.3443314949327,994.5742651590404,873.0952546869944,768.9301640201209,1176.5888978759358,1133.2291092934854,589.3685321437416,707.2541871566103,1613.8825988382064,830.5020788117589,735.4667880233388,810.1707868223832,832.286828144834,1394.5861004641877,860.0663050600037,1806.0609033496407,1037.945744049716,949.9497441254264,1123.4817482180342,866.9179465671843,666.9608399118528,793.4837605935609
carcinoma_FA_HN11A_1_mieloides_notumorales.csv,907.8324149081355,581.3023828815985,834.7416735502471,678.1128281591771,1169.4619643091646,655.8363997444084,919.2425903960244,814.9168248129135,673.479781931937,532.6405181584485,490.78034703010576,614.2426663605298,808.6530168079444,652.2799587830748,638.2017226142725,765.867660527784,1042.431181395547,625.6947406908051,0.0,598.0874988304594,798.539216077794,555.9955646685675,563.2852665570304,968.0525221997889,878.8744985173793,929.4419799588024,747.0069160578289,735.2466660745488,1140.1101821503553,881.4083993038757,540.893846343316,588.1621836792563,1402.4782639840578,687.6509939931434,697.0287265013942,850.0582847484109,819.8333567240679,1225.6801716494076,759.3320873388774,1602.5750941356546,817.6408482993927,847.9066846953108,1044.4436789835431,917.5201193334617,665.670534795563,570.8691618760997
carcinoma_FA_HN11A_4_mieloides_notumorales.csv,780.0365571975719,853.6894744126827,1048.7658127215273,684.7887058341465,1078.185672719736,702.6900378955279,816.5065877248284,1096.5986530391444,928.760267385293,698.7828261245451,786.12209620018,670.3742867926865,938.1165957462323,610.4146383262073,683.9333847441968,1011.01879089077,849.9245914453662,733.3533978091174,598.0874988304594,0.0,714.1759571680701,740.2289098626284,717.8908333305798,954.1932748982825,593.0098840906907,943.9236060661848,1001.2295653135714,649.4728010323653,1148.929810856508,1201.1796682094318,694.2656879901035,528.5133393595246,1563.3106457519066,945.0498198990257,634.5078953123502,719.7163613550084,921.9420818608799,1339.6239664105794,678.7120558386174,1790.1438713624332,963.6296051058287,890.8280934148731,917.8031489412995,797.2384495654105,707.1938633416217,788.9243461478707
dysplasia_FA_HN11A_3_mieloides_notumorales.csv,743.7442513867245,1054.7316062633367,1079.916155255478,832.8312354962841,882.1649379217005,672.0778700285264,674.4112726777414,1265.4882002304028,1113.2975181389672,850.5006779053888,900.4441710401616,603.0401433806816,982.1786606423155,693.4741287155798,726.5846369550914,1168.4869576018082,1015.0526743189323,825.512271372831,798.539216077794,714.1759571680701,0.0,946.7604462607344,890.2334655795269,1360.5786492608008,770.3272910059334,826.7226312963344,1193.6040892946733,626.8771783516172,987.3403209714024,1352.416097399238,835.1222011558195,767.2854394678302,1593.061153011725,1125.5070979122038,602.6394588482822,618.1265884890934,812.3382030722664,1287.6778201087327,725.8816039827498,1825.0249613486778,1016.2441609273146,878.9756259576527,1223.7925518441634,732.3524722706088,690.3172185732426,916.6645312853489
carcinoma_FA_HN11A_2_mieloides_notumorales.csv,1043.7881182117387,641.7971170815385,812.593944352686,730.9370503261025,1169.0263786493326,877.5597275173745,981.9326704146573,834.4620214080245,584.3592972891499,633.7615931908416,556.2585468211432,763.7212783181492,923.6077747959444,829.020463987438,631.0534577947133,610.7565933871009,1134.316364439552,789.1722786796715,555.9955646685675,740.2289098626284,946.7604462607344,0.0,551.8601139252283,1059.3537601826242,977.8737897280877,1037.0731162835905,665.5781331122587,926.8642266609992,1333.4906675124726,771.5721796614898,631.1269375252605,782.9565121931844,1445.4267033111773,633.0174794460924,863.041754723743,1038.293320756587,922.5674936824641,1279.9628860313958,1018.3884465627208,1547.21473858556,872.9868806132547,973.1552471803634,1155.5616704414635,1144.9912308414193,804.7483475931285,547.5360502443332
stroma_ad_dysplasia_FA_HN11A_4_mieloides_notumorales.csv,1104.1461488306186,434.4648676196023,647.6079216314643,748.6701639436378,1106.857426679701,714.7535032916705,1061.3092348709008,650.0527606293588,496.4696321594356,668.6222765176404,468.49717954230726,627.9516421305773,675.3699613190948,809.5898385081928,569.2957532207033,538.0643602322823,1257.725439913466,777.7524625320272,563.2852665570304,717.8908333305798,890.2334655795269,551.8601139252283,0.0,1235.9431456940326,989.3472826215367,887.1872964715479,544.1118758473676,881.9625796842049,1152.29116480671,751.0495770991176,551.6720440373149,799.1255624650826,1244.5531955739857,497.28476771159177,822.8758754064481,946.7201129475568,678.6975867731841,1054.2611842210538,974.2089603296606,1344.945517067953,855.4530303615563,831.0939338494356,1297.337345033412,1144.503672489646,622.1913513517214,367.3217030804061
stroma_ad_dysplasia_FA_HN15_5_mieloides_notumorales.csv,1008.3867931830817,1337.659315511759,1608.6382847766158,1198.8797799295075,1700.9424981991003,1334.2923599935787,1341.285314685291,1250.9153165929827,1228.318603581887,1098.1246821536126,1213.0041093571658,1155.1359205839342,1631.9833420421087,1145.5292662312868,1179.5902542465371,1287.9482224274623,727.6536730602791,1075.1445676458407,968.0525221997889,954.1932748982825,1360.5786492608008,1059.3537601826242,1235.9431456940326,0.0,1074.96894466743,1668.311766930591,1126.1548800699168,1297.3765046012686,1787.0613817251085,1374.5410036629942,1157.4556657212277,907.2753151519512,2149.7627620525514,1136.6560561854867,1309.8445865204114,1275.0149226302315,1495.2179007404964,2031.3618966209383,1252.618098104534,2358.0401879524643,1515.9081335007963,1533.7913736859562,794.4255267986232,1128.0520262588225,1250.4923379872414,1187.2096180196754
dysplasia_FA_HN11A_2_mieloides_notumorales.csv,705.0151741670188,1155.4069956493533,1284.9661681488296,871.7602806664183,1097.8347204404658,884.993686940712,798.9638393377983,1398.1482947843076,1207.535963085322,976.3127971290313,1042.8843297553613,805.9163150558355,1143.4918132598214,817.1084757652911,912.3208202240725,1293.3632531894423,853.9244040697292,920.3443314949327,878.8744985173793,593.0098840906907,770.3272910059334,977.8737897280877,989.3472826215367,1074.96894466743,0.0,1033.73161959989,1295.9444429918206,748.2785691546213,1225.7669222667919,1506.7183718233823,923.3639312924163,701.5084399517681,1786.3165240940764,1219.927437407607,689.2349967627974,694.8125766226808,1032.141531262829,1514.365723226474,780.1060371656473,2021.0150977040946,1157.221148652574,1044.886297441922,891.3201560386481,786.5998450549887,828.1237110571602,1074.4579968433986
stroma_ad_dysplasia_FA_HN14_1_mieloides_notumorales.csv,1183.9377026319376,1014.4959451476471,1009.0582835675875,860.4292902387025,892.2984605924108,639.8454199373375,967.0489366084366,1370.7812622030735,1126.206470230219,1002.3834750313864,966.8571459076911,733.2549797071422,707.7842154724335,888.8476338763961,799.428882740041,1190.2048410808836,1503.6482023757212,994.5742651590404,929.4419799588024,943.9236060661848,826.7226312963344,1037.0731162835905,887.1872964715479,1668.311766930591,1033.73161959989,0.0,1266.3475980762278,730.7575738659322,752.2311777053744,1395.0698825897393,887.9888096672528,1021.27677214898,1125.3791638894634,1198.8105150548708,790.9563004826459,881.4498350327725,686.7351307544529,987.1520536743635,840.9187642310037,1462.2003816461915,921.6959723476638,689.8681240546565,1664.048099803395,1170.741915917024,711.0564183457722,1006.6738110666975
carcinoma_FA_HN14_3_mieloides_notumorales.csv,1196.622917926908,422.4514933137173,897.4876228311938,1015.798792892902,1365.5178103886667,1003.8325128377011,1316.1886142057217,277.9520533838072,226.48638224787922,712.5589075301893,600.8405524487079,893.4032898308054,1000.7967786270851,955.3915949686473,751.5107450400876,376.5703511901877,1236.0250025217656,873.0952546869944,747.0069160578289,1001.2295653135714,1193.6040892946733,665.5781331122587,544.1118758473676,1126.1548800699168,1295.9444429918206,1266.3475980762278,0.0,1196.1539082562324,1514.3887678463145,375.6681608621634,739.2368287095495,1005.3910830933208,1531.202625775301,229.3985080581151,1160.9788788279354,1236.9561510405308,941.0050047482318,1370.8221850292707,1300.978679433631,1575.345826192117,1118.4578589797427,1221.8363720047387,1205.3582542313734,1203.8875985151437,904.8628975836893,447.7411202108035
stroma_ad_carcinoma_FA_HN14_5_mieloides_notumorales.csv,794.9360103296684,999.7724555241124,1109.4764604238626,745.384119888941,834.926056160166,551.9574646519842,749.3590271913376,1259.407041819911,1091.160148003258,811.4821030282329,913.1692161223957,609.4557046321045,890.7949242700415,633.2588100719883,754.0599401750277,1175.5744630353688,1076.6686722206455,768.9301640201209,735.2466660745488,649.4728010323653,626.8771783516172,926.8642266609992,881.9625796842049,1297.3765046012686,748.2785691546213,730.7575738659322,1196.1539082562324,0.0,783.2366225502698,1358.2737535051886,756.7273496202805,706.5700084535916,1458.374787092304,1101.7146920847756,562.9512857890365,601.994087316424,671.4843887770392,1165.606778138198,560.8114409917661,1717.5820190445218,968.7736968037699,770.2386480985158,1234.6048137826808,732.8462728961453,604.0730395108118,985.6221394964653
stroma_ad_dysplasia_FA_HN15_2_mieloides_notumorales.csv,1250.439138570283,1308.0267362738134,1298.0459627538555,1080.5337667159145,874.9264833466585,789.6787408920407,1129.6902378920108,1578.4368200240608,1406.6129728024307,1208.930216476527,1229.1706532729775,920.946543747775,1013.9764226176245,1073.5225449218924,1056.2379744501197,1478.7376589114804,1577.2778076963061,1176.5888978759358,1140.1101821503553,1148.929810856508,987.3403209714024,1333.4906675124726,1152.29116480671,1787.0613817251085,1225.7669222667919,752.2311777053744,1514.3887678463145,783.2366225502698,0.0,1643.3902187555475,1114.6507294236094,1183.7733458558841,1291.273814089255,1402.6363740211527,984.8313154287081,972.6975146045213,786.5155922745201,1158.8308946079328,881.1568544642024,1692.7991005280116,1217.6862457132113,906.8971920171576,1769.690662812531,1179.195675623325,893.7924934452952,1286.4880462975425
dysplasia_FA_HN15_3_mieloides_notumorales.csv,1412.2108159095355,562.2564195866274,899.5566283372688,1130.9451032635388,1515.8564025013216,1147.4332129275135,1385.98369920334,569.5074082790118,419.1961667867366,866.6194677003941,716.2212825837257,1123.7005458259869,1076.055246148892,1107.337720863268,896.4563743906791,443.41851190064455,1519.3031089771157,1133.2291092934854,881.4083993038757,1201.1796682094318,1352.416097399238,771.5721796614898,751.0495770991176,1374.5410036629942,1506.7183718233823,1395.0698825897393,375.6681608621634,1358.2737535051886,1643.3902187555475,0.0,935.9617069787728,1191.2369356962372,1500.4541150362475,505.7833074469879,1336.5626772392889,1492.0661201008147,1132.913938845256,1353.6157495805705,1412.9876615655019,1506.388758318774,1060.6538043580856,1320.8730145343916,1505.9402865485602,1483.5231335089338,1144.7928527401775,600.243423856725
stroma_ad_dysplasia_FA_HN11A_3_mieloides_notumorales.csv,964.7660791146525,672.3144543805122,822.5751160216175,740.304759536119,966.286536063141,608.5975455950322,956.0213834512617,727.1252545304228,687.706182281979,600.5711425685286,597.6152403858916,557.2614186995055,767.3637024226765,688.0400087668555,556.5254938183592,804.87742693538,1100.6683138667254,589.3685321437416,540.893846343316,694.2656879901035,835.1222011558195,631.1269375252605,551.6720440373149,1157.4556657212277,923.3639312924163,887.9888096672528,739.2368287095495,756.7273496202805,1114.6507294236094,935.9617069787728,0.0,674.9057157367718,1387.1097317995495,591.1193282203196,695.2773964191391,811.8380674192038,698.3059031758777,1196.290122134117,854.195828831819,1516.4505280102612,789.7941790944468,805.790936063954,1152.1929278743428,966.6433703179684,564.5470180118028,587.2608684240856
stroma_ad_dysplasia_FA_HN11A_5_mieloides_notumorales.csv,767.4156863033129,884.3213619116656,1092.5534568530381,733.2791420869245,1150.1599816112864,699.9263317528248,831.0070933146408,1055.463987612641,953.3565231501443,682.4163984100956,802.6701790221395,630.3132208824763,1007.2769448648249,635.4546140319874,715.1727258253707,1052.2699467743446,842.4414792551268,707.2541871566103,588.1621836792563,528.5133393595246,767.2854394678302,782.9565121931844,799.1255624650826,907.2753151519512,701.5084399517681,1021.27677214898,1005.3910830933208,706.5700084535916,1183.7733458558841,1191.2369356962372,674.9057157367718,0.0,1652.540966620888,914.3834093794453,679.2757780106875,717.2769241243291,950.4966576675266,1431.0581666994963,722.4674509721111,1843.669271345206,977.3575972710114,916.3851740684188,887.3400391528216,817.7506853796881,688.388851709966,795.7049571789795
stroma_ad_dysplasia_FA_HN15_3_mieloides_notumorales.csv,1929.8242206697544,1257.78189690682,1120.487904790356,1312.735637354249,1554.1140343611828,1343.3422468069584,1646.1065400556931,1664.1036611660286,1403.8141502949393,1452.8459859149302,1275.41761192633,1444.819528396196,978.7902579452655,1447.000510155274,1359.436923856724,1296.7450683340826,2167.5379481824916,1613.8825988382064,1402.4782639840578,1563.3106457519066,1593.061153011725,1445.4267033111773,1244.5531955739857,2149.7627620525514,1786.3165240940764,1125.3791638894634,1531.202625775301,1458.374787092304,1291.273814089255,1500.4541150362475,1387.1097317995495,1652.540966620888,0.0,1466.7102677709506,1506.8139245553728,1648.4195459300677,1228.3241715665877,857.9427029410355,1533.1135452636875,981.9046149265241,1140.653715178456,1162.110499940981,2253.2360576618403,1992.0671396442274,1387.8867055454175,1320.6341127486628
dysplasia_FA_HN14_2_mieloides_notumorales.csv,1170.379273658317,401.6030302639368,824.1788000002805,963.971421184656,1255.0251689444178,893.2137681669069,1251.3003149074502,321.06098487813756,249.8521993383047,700.5565427289617,543.3266752115039,817.715372564568,941.8132749519068,920.1413599027801,734.4881600578715,412.61817971449454,1205.2223020163754,830.5020788117589,687.6509939931434,945.0498198990257,1125.5070979122038,633.0174794460924,497.28476771159177,1136.6560561854867,1219.927437407607,1198.8105150548708,229.3985080581151,1101.7146920847756,1402.6363740211527,505.7833074469879,591.1193282203196,914.3834093794453,1466.7102677709506,0.0,1050.3732690657246,1138.7910340175697,841.1406576711944,1314.9699291337345,1204.6288867156331,1470.9367800457662,1037.9956158565856,1117.356150459532,1169.56638636319,1176.176533525194,820.5994557912113,417.528464445353
stroma_ad_carcinoma_FA_HN11A_2_mieloides_notumorales.csv,817.2541526135659,929.749054262316,1100.6571492696753,751.8599357793547,909.7964636336536,592.8526038008292,690.3712961930227,1197.3524120704749,1047.8342819068255,802.695515426051,851.5526407137659,619.4222896433595,909.8225692659945,652.862953384305,770.6980099305737,1137.1204073975523,1038.5315749982187,735.4667880233388,697.0287265013942,634.5078953123502,602.6394588482822,863.041754723743,822.8758754064481,1309.8445865204114,689.2349967627974,790.9563004826459,1160.9788788279354,562.9512857890365,984.8313154287081,1336.5626772392889,695.2773964191391,679.2757780106875,1506.8139245553728,1050.3732690657246,0.0,545.1938639585057,812.5019769724388,1250.0580834155803,664.9244516989216,1740.6092800151455,957.4878330825974,822.9884756577312,1166.017807112352,769.0103374498294,625.9777819043367,918.8250678416638
dysplasia_FA_HN11A_5_mieloides_notumorales.csv,727.3904211356908,1106.4355013678226,1256.0450553962792,867.1121911560067,869.1555195882105,652.7278057410166,656.7778870008241,1286.1678538190129,1201.018830003938,921.6856858335124,1026.4679877734447,633.8172594223513,1024.7051238967554,664.6060639828102,822.6064435436235,1306.5268506367702,1005.5223253944395,810.1707868223832,850.0582847484109,719.7163613550084,618.1265884890934,1038.293320756587,946.7201129475568,1275.0149226302315,694.8125766226808,881.4498350327725,1236.9561510405308,601.994087316424,972.6975146045213,1492.0661201008147,811.8380674192038,717.2769241243291,1648.4195459300677,1138.7910340175697,545.1938639585057,0.0,799.7118124773513,1366.3673032584636,640.6009147515725,1917.5387379751091,1107.3005731517485,837.3716714013015,1160.163573956143,672.8027640077632,645.1434155281619,1041.1642139206115
dysplasia_FA_HN15_2_mieloides_notumorales.csv,1078.5996543950487,839.6731602049502,895.3265422925672,813.3613462932009,795.4330146878567,585.6031539634013,971.6198745138638,1016.1739295750508,872.6889279585665,865.6906739857814,808.5469774814917,626.256235202985,760.0107384974413,820.0750768079167,673.1434778175574,946.9751868868572,1381.4418793200125,832.286828144834,819.8333567240679,921.9420818608799,812.3382030722664,922.5674936824641,678.6975867731841,1495.2179007404964,1032.141531262829,686.7351307544529,941.0050047482318,671.4843887770392,786.5155922745201,1132.913938845256,698.3059031758777,950.4966576675266,1228.3241715665877,841.1406576711944,812.5019769724388,799.7118124773513,0.0,969.0113613172656,796.6467858292672,1483.5055665728346,945.5201447327628,744.8440881244454,1529.496158644379,1068.1596620909509,599.1584791482325,776.030557937392
stroma_ad_carcinoma_FA_HN15_2_mieloides_notumorales.csv,1625.070194975964,1115.126683302493,909.2408875695504,1069.0880326207212,1332.2451191100708,1053.8458547497853,1361.052310961884,1501.966105812072,1267.1301306900489,1249.1105433515802,1105.9555611897076,1176.7862404577759,864.4976204368648,1252.8124896853096,1106.668885872179,1200.8608300303633,1945.516939688317,1394.5861004641877,1225.6801716494076,1339.6239664105794,1287.6778201087327,1279.9628860313958,1054.2611842210538,2031.3618966209383,1514.365723226474,987.1520536743635,1370.8221850292707,1165.606778138198,1158.8308946079328,1353.6157495805705,1196.290122134117,1431.0581666994963,857.9427029410355,1314.9699291337345,1250.0580834155803,1366.3673032584636,969.0113613172656,0.0,1228.7241395294739,1027.31034025793,971.3968492412968,1004.0247981487893,2054.6915049173963,1651.1174001298305,1136.28339877413,1086.9154455796938
stroma_ad_carcinoma_FA_HN14_4_mieloides_notumorales.csv,812.6323821258082,1102.381277384848,1156.843523865363,782.1417884531367,934.9409111308175,576.0549687205147,783.1443949099768,1358.822067924358,1227.398416310851,872.9888175397409,997.3914551701596,668.9273422499039,934.0880722373604,687.0402225855665,808.1660796523424,1292.137926102333,1099.6635326205367,860.0663050600037,759.3320873388774,678.7120558386174,725.8816039827498,1018.3884465627208,974.2089603296606,1252.618098104534,780.1060371656473,840.9187642310037,1300.978679433631,560.8114409917661,881.1568544642024,1412.9876615655019,854.195828831819,722.4674509721111,1533.1135452636875,1204.6288867156331,664.9244516989216,640.6009147515725,796.6467858292672,1228.7241395294739,0.0,1785.6736773976775,1056.9786823871325,771.9349507604193,1223.5939375695045,789.6189213336761,677.948607136416,1034.1359280052388
stroma_ad_dysplasia_FA_HN14_3_mieloides_notumorales.csv,2141.610145663153,1338.2931802932999,1186.3694055012293,1530.6203549218603,1782.4625725632968,1565.730724048536,1892.9735291085053,1661.4442702450783,1460.214887162503,1600.9133389698713,1394.374480385228,1680.3965467534013,1228.4229312528337,1678.2884420288378,1514.1216806518023,1365.303248126706,2372.745774587661,1806.0609033496407,1602.5750941356546,1790.1438713624332,1825.0249613486778,1547.21473858556,1344.945517067953,2358.0401879524643,2021.0150977040946,1462.2003816461915,1575.345826192117,1717.5820190445218,1692.7991005280116,1506.388758318774,1516.4505280102612,1843.669271345206,981.9046149265241,1470.9367800457662,1740.6092800151455,1917.5387379751091,1483.5055665728346,1027.31034025793,1785.6736773976775,0.0,1206.0507958357211,1452.4351968238225,2412.0638647899,2244.229328486908,1624.756480799055,1388.578615299858
stroma_ad_carcinoma_FA_HN15_3_mieloides_notumorales.csv,1269.4187342901214,886.1053355815055,771.8253502559884,862.0008569700101,1125.3470635361662,887.4255646752981,1063.958770687118,1152.0995252789608,1008.0152226135531,894.3337615300084,784.4681216398068,921.9544418839089,814.304518314855,942.8272361611678,840.9951955564607,961.3389440118822,1487.7806481679017,1037.945744049716,817.6408482993927,963.6296051058287,1016.2441609273146,872.9868806132547,855.4530303615563,1515.9081335007963,1157.221148652574,921.6959723476638,1118.4578589797427,968.7736968037699,1217.6862457132113,1060.6538043580856,789.7941790944468,977.3575972710114,1140.653715178456,1037.9956158565856,957.4878330825974,1107.3005731517485,945.5201447327628,971.3968492412968,1056.9786823871325,1206.0507958357211,0.0,948.5157940866234,1564.4403500860387,1349.979367795012,912.867716980832,828.9814368276699
stroma_ad_dysplasia_FA_HN14_2_mieloides_notumorales.csv,1144.034630111643,985.5246870265061,969.723943637387,744.020168816924,984.6902288683395,684.2667332362008,989.5558982324624,1293.143631867492,1150.0593529788393,942.0531135623503,877.3129505853287,713.333958552633,694.4123877404437,842.9870859201362,804.2683089795067,1170.549680933561,1435.9891508028945,949.9497441254264,847.9066846953108,890.8280934148731,878.9756259576527,973.1552471803634,831.0939338494356,1533.7913736859562,1044.886297441922,689.8681240546565,1221.8363720047387,770.2386480985158,906.8971920171576,1320.8730145343916,805.790936063954,916.3851740684188,1162.110499940981,1117.356150459532,822.9884756577312,837.3716714013015,744.8440881244454,1004.0247981487893,771.9349507604193,1452.4351968238225,948.5157940866234,0.0,1537.258839446801,1169.4379240199617,692.8107132261932,898.8818376664935
