,stroma_ad_dysplasia_FA_HN15_3_linfoides.csv,dysplasia_FA_HN15_5_linfoides.csv,carcinoma_FA_HN15_2_linfoides.csv,stroma_ad_carcinoma_FA_HN15_2_linfoides.csv,carcinoma_FA_HN15_1_linfoides.csv,dysplasia_FA_HN14_1_linfoides.csv,stroma_ad_dysplasia_FA_HN15_1_linfoides.csv,stroma_ad_dysplasia_FA_HN14_2_linfoides.csv,stroma_ad_carcinoma_FA_HN14_2_linfoides.csv,stroma_ad_carcinoma_FA_HN11A_1_linfoides.csv,stroma_ad_dysplasia_FA_HN11A_4_linfoides.csv,dysplasia_FA_HN11A_5_linfoides.csv,carcinoma_FA_HN14_4_linfoides.csv,stroma_ad_carcinoma_FA_HN14_4_linfoides.csv,stroma_ad_dysplasia_FA_HN11A_1_linfoides.csv,stroma_ad_carcinoma_FA_HN14_5_linfoides.csv,carcinoma_FA_HN14_1_linfoides.csv,dysplasia_FA_HN11A_4_linfoides.csv,carcinoma_FA_HN11A_2_linfoides.csv,stroma_ad_carcinoma_FA_HN15_1_linfoides.csv,carcinoma_FA_HN11A_5_linfoides.csv,stroma_ad_dysplasia_FA_HN15_2_linfoides.csv,stroma_ad_dysplasia_FA_HN15_5_linfoides.csv,carcinoma_FA_HN11A_4_linfoides.csv,stroma_ad_carcinoma_FA_HN14_3_linfoides.csv,dysplasia_FA_HN11A_2_linfoides.csv,dysplasia_FA_HN15_1_linfoides.csv,dysplasia_FA_HN11A_3_linfoides.csv,stroma_ad_dysplasia_FA_HN11A_5_linfoides.csv,dysplasia_FA_HN14_2_linfoides.csv,stroma_ad_dysplasia_FA_HN15_4_linfoides.csv,stroma_ad_dysplasia_FA_HN14_4_linfoides.csv,carcinoma_FA_HN11A_1_linfoides.csv,dysplasia_FA_HN15_3_linfoides.csv,stroma_ad_carcinoma_FA_HN15_4_linfoides.csv,stroma_ad_dysplasia_FA_HN11A_3_linfoides.csv,stroma_ad_dysplasia_FA_HN14_3_linfoides.csv,stroma_ad_dysplasia_FA_HN14_1_linfoides.csv,carcinoma_FA_HN14_2_linfoides.csv,carcinoma_FA_HN14_3_linfoides.csv,dysplasia_FA_HN15_2_linfoides.csv,stroma_ad_carcinoma_FA_HN15_3_linfoides.csv,stroma_ad_dysplasia_FA_HN11A_2_linfoides.csv,dysplasia_FA_HN11A_1_linfoides.csv,carcinoma_FA_HN11A_3_linfoides.csv,stroma_ad_carcinoma_FA_HN14_1_linfoides.csv,stroma_ad_carcinoma_FA_HN11A_2_linfoides.csv
stroma_ad_dysplasia_FA_HN15_3_linfoides.csv,1.597253315885098e-308,172.810365374983,217.61124727025037,54.68544380241886,201.8121579754647,72.0121711774949,131.84097505195308,67.13581185266762,131.84097505195308,54.19908451563418,131.84097505195308,60.403451526425386,193.0212267994974,131.84097505195308,131.84097505195308,131.84097505195308,129.55451580983066,125.5873316999132,45.81249523462279,70.40185754986126,69.9868421301245,93.93509440389579,130.5008997912512,360.23321884117456,131.84097505195308,84.28959915338763,266.89969561156863,42.355481083215324,94.3881677642172,54.574294776914456,52.021286512743956,45.02937883484486,212.07581212650507,331.69712030045105,91.01927582913675,131.84097505195308,86.32857415144233,131.84097505195308,190.7828580098559,134.06600168915537,247.63030355768205,83.81647519092596,131.84097505195308,111.45724229733656,189.04921341470276,131.84097505195308,94.61210544475088
dysplasia_FA_HN15_5_linfoides.csv,172.810365374983,1.298529270996771e-308,115.60558328685721,203.62415931387983,130.37784101298126,156.49428476920542,206.3103328076836,206.3103328076836,206.3103328076836,203.13780002709518,206.3103328076836,149.4037457704364,122.97319541272941,206.3103328076836,206.3103328076836,206.3103328076836,103.44816845506983,93.77599345455027,157.63873718438379,133.05006481307873,206.3103328076836,206.3103328076836,206.3103328076836,307.845772066982,206.3103328076836,206.3103328076836,121.17872560777016,191.2941965946763,206.3103328076836,173.0939505327496,150.06294713797928,184.50891992438272,122.97319541272941,250.773574985535,206.3103328076836,206.3103328076836,123.8508751763913,206.3103328076836,70.52869336963047,122.97319541272941,127.86294821632657,131.33988982480093,206.3103328076836,206.3103328076836,174.69536588872114,206.3103328076836,206.3103328076836
carcinoma_FA_HN15_2_linfoides.csv,217.61124727025037,115.60558328685721,1.514643731646125e-308,240.64659868707827,155.910699329412,225.1668165279948,240.64659868707827,240.64659868707827,240.64659868707827,240.64659868707827,240.64659868707827,208.10223867366756,104.32307097508047,240.64659868707827,240.64659868707827,240.64659868707827,160.89785109348713,160.58973902444302,226.31126894317316,201.7225965718681,240.64659868707827,240.64659868707827,240.64659868707827,239.17324030819265,240.64659868707827,240.64659868707827,63.33013906111874,240.64659868707827,240.64659868707827,240.64659868707827,218.73547889676865,240.64659868707827,190.58085014509675,182.10104322674562,240.64659868707827,240.64659868707827,192.52340693518067,240.64659868707827,148.9208137297714,128.31867439377635,104.32307097508047,200.0124215835903,240.64659868707827,240.64659868707827,208.10223867366756,240.64659868707827,240.64659868707827
stroma_ad_carcinoma_FA_HN15_2_linfoides.csv,54.68544380241886,203.62415931387983,240.64659868707827,1.465769024729097e-308,232.74705403968545,77.59251429126053,87.21958611548396,87.29256624473717,104.49825315074366,67.06208274470964,104.49825315074366,115.08889532884425,227.690901233521,87.11903016309145,99.5046280639857,97.48320219961343,146.40544197797823,180.27277550233202,63.400322320158224,70.57409450080112,74.50530422515564,50.198723190468286,90.90590371991695,360.23321884117456,95.54295148703235,57.92151854993165,266.89969561156863,36.767369614287134,91.03033633238636,71.70138203380199,67.4487115104825,63.86890891835269,237.87888111520562,331.69712030045105,52.15138778524209,104.49825315074366,79.77328413748856,104.49825315074366,227.23240405688102,143.97801667889286,255.6561268307941,72.28426948907892,99.97328294561743,99.5046280639857,226.36558175930446,104.49825315074366,53.09955034808999
carcinoma_FA_HN15_1_linfoides.csv,201.8121579754647,130.37784101298126,155.910699329412,232.74705403968545,1.8443961075641865e-308,209.3677272332091,232.74705403968545,232.74705403968545,232.74705403968545,232.74705403968545,232.74705403968545,141.4087064490393,146.4148061257631,232.74705403968545,232.74705403968545,232.74705403968545,110.09215979990529,118.99530830774563,210.51217964838747,185.92350727708242,232.74705403968545,232.74705403968545,232.74705403968545,254.97232960297833,232.74705403968545,232.74705403968545,140.75979220116022,232.74705403968545,232.74705403968545,225.9673929967533,202.93638960198297,232.74705403968545,56.2683845330743,230.744182416022,232.74705403968545,232.74705403968545,176.724317640395,232.74705403968545,97.91150531780002,112.51958509899066,167.48710914441978,184.21333228880462,232.74705403968545,232.74705403968545,154.88328542467457,232.74705403968545,232.74705403968545
dysplasia_FA_HN14_1_linfoides.csv,72.0121711774949,156.49428476920542,225.1668165279948,77.59251429126053,209.3677272332091,1.133417894762497e-308,128.06319042308087,123.4109105923261,128.06319042308087,89.99389256176187,128.06319042308087,81.65735202306072,199.25542162088027,127.97557126502019,128.06319042308087,128.06319042308087,99.27556743330382,133.14290095765762,93.33994974903942,56.8827408133116,85.36557674031857,92.70738765823631,123.67953526921698,360.23321884117456,128.06319042308087,76.7340298956432,266.89969561156863,79.2739490429725,123.4109105923261,101.71935472143667,61.51072158752126,44.203479576114944,219.6313813842495,331.69712030045105,94.50866797807058,128.06319042308087,93.74518440227891,128.06319042308087,198.3384272676003,96.84814213421845,255.18587281542648,80.79788971701544,128.06319042308087,123.67953526921698,196.6047826724472,128.06319042308087,99.9296157590652
stroma_ad_dysplasia_FA_HN15_1_linfoides.csv,131.84097505195308,206.3103328076836,240.64659868707827,87.21958611548396,232.74705403968545,128.06319042308087,8.08715677523247e-309,79.666628260507,51.178411795594585,87.70594540226864,60.8884600930017,162.0427008151658,227.690901233521,19.155037939301167,19.26858498201082,19.1342920781469,177.7009741397328,194.63464090190968,127.49096421549169,139.78530040114424,71.91818778777832,48.08385987145408,11.404130126651637,360.23321884117456,13.085037559079026,64.41436473859935,266.89969561156863,99.5495488346875,47.51686215368562,117.74979489661422,131.27885923869394,109.580745913664,237.87888111520562,331.69712030045105,55.99417790089484,50.10062077218534,144.38489521948793,17.61812061635264,227.23240405688102,176.48726149019012,255.6561268307941,140.64038789528314,31.95552320137928,45.43804798933459,226.36558175930446,50.02404183712133,49.014291829433745
stroma_ad_dysplasia_FA_HN14_2_linfoides.csv,67.13581185266762,206.3103328076836,240.64659868707827,87.29256624473717,232.74705403968545,123.4109105923261,79.666628260507,8.584977061413854e-309,100.72177422325518,49.15409046840065,100.72177422325518,122.64185318382121,227.690901233521,73.29273886536879,87.52145213932101,87.07014429329547,153.9583998329552,187.825733357309,108.58048400616912,108.77886670609843,53.78240628984395,46.44059537192621,68.26249813385536,360.23321884117456,86.08135386391766,63.27889051622097,266.89969561156863,86.00532636477317,32.149766106821374,86.31536723385915,97.51428410618888,94.94450345404758,237.87888111520562,331.69712030045105,58.656958495273116,99.37886205696398,124.70558330767949,97.28474887685962,227.23240405688102,155.32318404580735,255.6561268307941,122.19348434716312,92.42032509064046,49.21884063994074,226.36558175930446,100.72177422325518,39.84107908577565
stroma_ad_carcinoma_FA_HN14_2_linfoides.csv,131.84097505195308,206.3103328076836,240.64659868707827,104.49825315074366,232.74705403968545,128.06319042308087,51.178411795594585,100.72177422325518,6.489102641285193e-309,104.74143279413602,24.326082117522468,162.0427008151658,227.690901233521,57.55230119073279,43.32358791678055,43.92717427826747,177.7009741397328,194.63464090190968,127.49096421549169,139.78530040114424,96.84755398689086,84.87342785000521,62.58254192224622,360.23321884117456,44.763686192183926,89.69617547525928,266.89969561156863,110.66323451034543,84.64689116984451,119.7633575413088,131.27885923869394,114.05587284549225,237.87888111520562,331.69712030045105,86.33133713738474,31.466177999137585,144.38489521948793,35.40999713334614,227.23240405688102,176.48726149019012,255.6561268307941,140.64038789528314,38.424714965461106,76.11235390328483,226.36558175930446,8.497571207005858,84.53492232957765
stroma_ad_carcinoma_FA_HN11A_1_linfoides.csv,54.19908451563418,203.13780002709518,240.64659868707827,67.06208274470964,232.74705403968545,89.99389256176187,87.70594540226864,49.15409046840065,104.74143279413602,1.1515855244198647e-308,104.74143279413602,114.60253604205957,227.690901233521,81.33205600713043,95.56076928108266,95.10946143505711,145.91908269119358,179.78641621554738,78.41938381295722,73.52634170806508,22.726213828824115,39.736009888261606,76.301815275617,360.23321884117456,94.1206710056793,30.090514637753444,266.89969561156863,66.79701577262139,52.89186055604985,51.0628422358258,60.82102510391138,48.153862993048676,237.87888111520562,331.69712030045105,36.82019131350256,104.74143279413602,98.07563440376916,104.74143279413602,227.23240405688102,143.4916573921082,255.6561268307941,86.94095934912977,100.4596422324021,83.72869781886101,226.36558175930446,104.74143279413602,40.4130209291167
stroma_ad_dysplasia_FA_HN11A_4_linfoides.csv,131.84097505195308,206.3103328076836,240.64659868707827,104.49825315074366,232.74705403968545,128.06319042308087,60.8884600930017,100.72177422325518,24.326082117522468,104.74143279413602,5.810665092491386e-309,162.0427008151658,227.690901233521,64.07540479057079,56.961048153594675,57.186702076607446,177.7009741397328,194.63464090190968,127.49096421549169,139.78530040114424,96.84755398689086,84.87342785000521,66.59052515632752,360.23321884117456,57.68109729129637,89.69617547525928,266.89969561156863,110.66323451034543,84.64689116984451,119.7633575413088,131.27885923869394,114.05587284549225,237.87888111520562,331.69712030045105,86.33133713738474,51.03234319477319,144.38489521948793,52.07939978482537,227.23240405688102,176.48726149019012,255.6561268307941,140.64038789528314,54.51161167793495,76.11235390328481,226.36558175930446,25.48045207599572,84.53492232957765
dysplasia_FA_HN11A_5_linfoides.csv,60.403451526425386,149.4037457704364,208.10223867366756,115.08889532884425,141.4087064490393,81.65735202306072,162.0427008151658,122.64185318382121,162.0427008151658,114.60253604205957,162.0427008151658,1.376349933304302e-308,191.5620650585961,162.0427008151658,162.0427008151658,162.0427008151658,106.14789620528404,65.18388017348781,69.1034731993482,46.995237945314614,130.3902936565499,154.33854593032117,162.0427008151658,360.23321884117456,162.0427008151658,144.69305067981298,218.2928581633832,102.75893260964071,154.7916192906426,84.55868654771399,61.527683152943666,95.97365593934711,151.67236060007968,331.69712030045105,151.42272735556213,162.0427008151658,62.92195454689568,162.0427008151658,160.4885454600111,110.65938208460875,238.62683999688443,60.40985558637931,162.0427008151658,162.0427008151658,128.64576188827738,162.0427008151658,155.01555697117624
carcinoma_FA_HN14_4_linfoides.csv,193.0212267994974,122.97319541272941,104.32307097508047,227.690901233521,146.4148061257631,199.25542162088027,227.690901233521,227.690901233521,227.690901233521,227.690901233521,227.690901233521,191.5620650585961,1.3908965600746644e-308,227.690901233521,227.690901233521,227.690901233521,151.40195788983823,138.35768756407316,200.39987403605863,175.81120166475358,227.690901233521,227.690901233521,227.690901233521,265.0846352153071,227.690901233521,227.690901233521,121.72423122196739,227.690901233521,227.690901233521,215.85508738442445,192.82408398965413,227.27005677605757,181.08495694144784,208.01243813386014,227.690901233521,227.690901233521,166.61201202806615,227.690901233521,139.4249205261225,114.58819938586993,94.63412655316358,174.10102667647578,227.690901233521,227.690901233521,193.0212267994974,227.690901233521,227.690901233521
stroma_ad_carcinoma_FA_HN14_4_linfoides.csv,131.84097505195308,206.3103328076836,240.64659868707827,87.11903016309145,232.74705403968545,127.97557126502019,19.155037939301167,73.29273886536879,57.55230119073279,81.33205600713043,64.07540479057079,162.0427008151658,227.690901233521,7.886546147123375e-309,26.95840623609476,27.636218255898626,177.7009741397328,194.63464090190968,126.8311188498418,139.78530040114424,65.54429839264012,47.34196943023214,18.040115571801437,360.23321884117456,23.788318190892568,63.672474297377406,266.89969561156863,93.17565943954929,41.142972758547415,111.74783471521917,131.27885923869394,108.83885547244205,237.87888111520562,331.69712030045105,52.36967471539971,52.19073660686135,144.38489521948793,25.237902601296355,227.23240405688102,176.48726149019012,255.6561268307941,140.64038789528314,39.204512454164046,52.50561942713526,226.36558175930446,56.39793123225954,48.272401388211804
stroma_ad_dysplasia_FA_HN11A_1_linfoides.csv,131.84097505195308,206.3103328076836,240.64659868707827,99.5046280639857,232.74705403968545,128.06319042308087,19.26858498201082,87.52145213932101,43.32358791678055,95.56076928108266,56.961048153594675,162.0427008151658,227.690901233521,26.95840623609476,1.0199435495702694e-308,16.851885007033076,177.7009741397328,194.63464090190968,127.49096421549169,139.78530040114424,82.33570009679164,66.11152369890544,21.648973925553165,360.23321884117456,16.47343562641487,82.44202856605071,266.89969561156863,107.40437271350152,55.37168603249965,119.7633575413088,131.27885923869394,114.05587284549225,237.87888111520562,331.69712030045105,71.13922898407301,30.832035790174515,144.38489521948793,9.76329673753861,227.23240405688102,176.48726149019012,255.6561268307941,140.64038789528314,15.877188526314953,38.30261149938029,226.36558175930446,42.1692179583073,67.04195565688511
stroma_ad_carcinoma_FA_HN14_5_linfoides.csv,131.84097505195308,206.3103328076836,240.64659868707827,97.48320219961343,232.74705403968545,128.06319042308087,19.1342920781469,87.07014429329547,43.92717427826747,95.10946143505711,57.186702076607446,162.0427008151658,227.690901233521,27.636218255898626,16.851885007033076,7.13484227430115e-309,177.7009741397328,194.63464090190968,127.49096421549169,139.78530040114424,79.3217038205668,63.140679523700925,21.371736003060747,360.23321884117456,11.822877597883789,79.97897466799569,266.89969561156863,106.95306486747597,54.92037818647411,119.7633575413088,131.27885923869394,113.73834153776957,237.87888111520562,331.69712030045105,72.70524986610201,30.966328694038438,144.38489521948793,10.214604583564153,227.23240405688102,176.48726149019012,255.6561268307941,140.64038789528314,28.917502516180065,37.85130365335475,226.36558175930446,42.98446030864572,55.91845142287204
carcinoma_FA_HN14_1_linfoides.csv,129.55451580983066,103.44816845506983,160.89785109348713,146.40544197797823,110.09215979990529,99.27556743330382,177.7009741397328,153.9583998329552,177.7009741397328,145.91908269119358,177.7009741397328,106.14789620528404,151.40195788983823,177.7009741397328,177.7009741397328,177.7009741397328,1.0716196819860656e-308,98.2882954791531,100.42001984848221,75.83134747717713,161.7068403056839,177.7009741397328,177.7009741397328,360.23321884117456,177.7009741397328,176.009597328947,178.39744294367176,134.0754792587747,177.7009741397328,115.875233196848,105.7714198203935,127.29020258848112,120.35581395094567,307.9922923214366,177.7009741397328,177.7009741397328,77.94743113121618,177.7009741397328,99.06285983429649,66.37682536288258,171.11879778147892,75.54193218323365,177.7009741397328,177.7009741397328,153.067441106145,177.7009741397328,177.7009741397328
dysplasia_FA_HN11A_4_linfoides.csv,125.5873316999132,93.77599345455027,160.58973902444302,180.27277550233202,118.99530830774563,133.14290095765762,194.63464090190968,187.825733357309,194.63464090190968,179.78641621554738,194.63464090190968,65.18388017348781,138.35768756407316,194.63464090190968,194.63464090190968,194.63464090190968,98.2882954791531,2.1391166733662146e-308,134.28735337283598,109.69868100153093,194.63464090190968,194.63464090190968,194.63464090190968,331.19715587852977,194.63464090190968,194.63464090190968,180.97097800387428,167.9428127831285,194.63464090190968,149.7425667212018,126.71156332643147,161.15753611283492,118.99530830774563,274.12495879708274,194.63464090190968,194.63464090190968,100.4994913648435,194.63464090190968,104.86079314412498,118.99530830774563,221.63894167087682,107.98850601325313,194.63464090190968,194.63464090190968,127.80736916144602,194.63464090190968,194.63464090190968
carcinoma_FA_HN11A_2_linfoides.csv,45.81249523462279,157.63873718438379,226.31126894317316,63.400322320158224,210.51217964838747,93.33994974903942,127.49096421549169,108.58048400616912,127.49096421549169,78.41938381295722,127.49096421549169,69.1034731993482,200.39987403605863,126.8311188498418,127.49096421549169,127.49096421549169,100.42001984848221,134.28735337283598,2.0487445929266253e-308,49.65678074932052,93.33994974903942,85.23507273097297,121.80087811832837,360.23321884117456,127.49096421549169,77.91018938914388,266.89969561156863,48.64999733673888,108.58048400616912,72.05850154912267,66.91497773428779,63.187625791539716,220.77583379942786,331.69712030045105,82.31925415621393,127.49096421549169,58.50482807864482,127.49096421549169,199.48287968277867,97.99259454939684,255.6561268307941,43.20308287667636,127.49096421549169,111.19643081854105,197.74923508762555,127.49096421549169,85.91208377182807
stroma_ad_carcinoma_FA_HN15_1_linfoides.csv,70.40185754986126,133.05006481307873,201.7225965718681,70.57409450080112,185.92350727708242,56.8827408133116,139.78530040114424,108.77886670609843,139.78530040114424,73.52634170806508,139.78530040114424,46.995237945314614,175.81120166475358,139.78530040114424,139.78530040114424,139.78530040114424,75.83134747717713,109.69868100153093,49.65678074932052,1.2709616276731623e-308,85.87549282850676,109.82374510227805,139.78530040114424,360.23321884117456,139.78530040114424,100.17824985176989,254.2287904208489,58.24413178159759,118.16427827784486,67.1677997805854,46.618761560424076,51.45885511130399,196.1871614281228,331.69712030045105,106.90792652751901,139.78530040114424,50.467250055799525,139.78530040114424,174.89420731147362,79.55585485611178,231.7416528592998,36.321538650484044,139.78530040114424,127.34589299571883,173.1605627163205,139.78530040114424,110.50075614313315
carcinoma_FA_HN11A_5_linfoides.csv,69.9868421301245,206.3103328076836,240.64659868707827,74.50530422515564,232.74705403968545,85.36557674031857,71.91818778777832,53.78240628984395,96.84755398689086,22.726213828824115,96.84755398689086,130.3902936565499,227.690901233521,65.54429839264012,82.33570009679164,79.3217038205668,161.7068403056839,194.63464090190968,93.33994974903942,85.87549282850676,6.67763291399655e-309,43.742584498023675,60.686726171238476,360.23321884117456,78.33291339118898,34.98497041498629,266.89969561156863,84.2011122195508,57.520176377493144,48.18168888710085,68.86261050360622,45.272709644323726,237.87888111520562,331.69712030045105,48.30453775317535,91.63042158423531,108.01561696514113,89.53630840413095,227.23240405688102,159.27941500659853,255.6561268307941,97.6686207458217,88.16851779649022,86.60985116758596,226.36558175930446,96.84755398689086,38.8405111384446
stroma_ad_dysplasia_FA_HN15_2_linfoides.csv,93.93509440389579,206.3103328076836,240.64659868707827,50.198723190468286,232.74705403968545,92.70738765823631,48.08385987145408,46.44059537192621,84.87342785000521,39.736009888261606,84.87342785000521,154.33854593032117,227.690901233521,47.34196943023214,66.11152369890544,63.140679523700925,177.7009741397328,194.63464090190968,85.23507273097297,109.82374510227805,43.742584498023675,2.040570421470702e-308,44.46254977335228,360.23321884117456,56.337813333767386,19.18290872268338,266.89969561156863,52.673118335775996,50.1783654595754,69.77985938260719,92.81086277737751,61.49688604220992,237.87888111520562,331.69712030045105,21.59819031203466,77.05721676320795,119.02293473896549,65.58805613035966,227.23240405688102,176.48726149019012,255.6561268307941,111.53392009055585,78.17714120805243,77.05721676320795,226.36558175930446,84.87342785000521,13.844330079761775
stroma_ad_dysplasia_FA_HN15_5_linfoides.csv,130.5008997912512,206.3103328076836,240.64659868707827,90.90590371991695,232.74705403968545,123.67953526921698,11.404130126651637,68.26249813385536,62.58254192224622,76.301815275617,66.59052515632752,162.0427008151658,227.690901233521,18.040115571801437,21.648973925553165,21.371736003060747,177.7009741397328,194.63464090190968,121.80087811832837,139.78530040114424,60.686726171238476,44.46254977335228,1.3078382066448896e-308,360.23321884117456,17.818855730062296,60.793054640497544,266.89969561156863,88.59904691636808,36.112732027033985,108.86841505833931,129.3766681647329,105.95943581556219,237.87888111520562,331.69712030045105,63.10914718200482,52.338064697099185,144.38489521948793,29.022250743004278,227.23240405688102,176.48726149019012,255.6561268307941,140.64038789528314,34.19296712629313,43.73287173981532,226.36558175930446,61.42817196377297,49.4818875329745
carcinoma_FA_HN11A_4_linfoides.csv,360.23321884117456,307.845772066982,239.17324030819265,360.23321884117456,254.97232960297833,360.23321884117456,360.23321884117456,360.23321884117456,360.23321884117456,360.23321884117456,360.23321884117456,360.23321884117456,265.0846352153071,360.23321884117456,360.23321884117456,360.23321884117456,360.23321884117456,331.19715587852977,360.23321884117456,360.23321884117456,360.23321884117456,360.23321884117456,360.23321884117456,2.0639534504854666e-308,360.23321884117456,360.23321884117456,186.66704645921186,360.23321884117456,360.23321884117456,360.23321884117456,360.23321884117456,360.23321884117456,244.70867545193795,193.74283150259896,360.23321884117456,360.23321884117456,360.23321884117456,360.23321884117456,266.0016295685871,360.23321884117456,209.15418402076097,360.23321884117456,360.23321884117456,360.23321884117456,267.7352741637402,360.23321884117456,360.23321884117456
stroma_ad_carcinoma_FA_HN14_3_linfoides.csv,131.84097505195308,206.3103328076836,240.64659868707827,95.54295148703235,232.74705403968545,128.06319042308087,13.085037559079026,86.08135386391766,44.763686192183926,94.1206710056793,57.68109729129637,162.0427008151658,227.690901233521,23.788318190892568,16.47343562641487,11.822877597883789,177.7009741397328,194.63464090190968,127.49096421549169,139.78530040114424,78.33291339118898,56.337813333767386,17.818855730062296,360.23321884117456,1.3928930567153147e-308,72.66831820091264,266.89969561156863,105.96427443809816,53.93158775709628,119.7633575413088,131.27885923869394,112.74955110839176,237.87888111520562,331.69712030045105,61.365518618934956,39.41602760351796,144.38489521948793,11.203395012941982,227.23240405688102,176.48726149019012,255.6561268307941,140.64038789528314,23.78406098199531,41.693221421000175,226.36558175930446,43.60931623371067,57.26824529174705
dysplasia_FA_HN11A_2_linfoides.csv,84.28959915338763,206.3103328076836,240.64659868707827,57.92151854993165,232.74705403968545,76.7340298956432,64.41436473859935,63.27889051622097,89.69617547525928,30.090514637753444,89.69617547525928,144.69305067981298,227.690901233521,63.672474297377406,82.44202856605071,79.97897466799569,176.009597328947,194.63464090190968,77.91018938914388,100.17824985176989,34.98497041498629,19.18290872268338,60.793054640497544,360.23321884117456,72.66831820091264,1.086669099979075e-308,266.89969561156863,63.24094262061138,67.01666060387015,60.13436413209902,83.16536752686935,48.7193947404659,237.87888111520562,331.69712030045105,25.475870387354973,88.22168203111974,109.37743948845733,75.23355138086782,227.23240405688102,173.58217202986162,255.6561268307941,101.88842484004769,88.22168203111974,86.71617963684503,226.36558175930446,89.69617547525928,24.060523245123647
dysplasia_FA_HN15_1_linfoides.csv,266.89969561156863,121.17872560777016,63.33013906111874,266.89969561156863,140.75979220116022,266.89969561156863,266.89969561156863,266.89969561156863,266.89969561156863,266.89969561156863,266.89969561156863,218.2928581633832,121.72423122196739,266.89969561156863,266.89969561156863,266.89969561156863,178.39744294367176,180.97097800387428,266.89969561156863,254.2287904208489,266.89969561156863,266.89969561156863,266.89969561156863,186.66704645921186,266.89969561156863,266.89969561156863,2.1089380538583676e-308,266.89969561156863,266.89969561156863,266.89969561156863,266.89969561156863,266.89969561156863,141.32581218732724,129.59484937776483,266.89969561156863,266.89969561156863,245.02960078416146,266.89969561156863,99.6657757720019,180.82486824275713,121.72423122196739,252.5186154325711,266.89969561156863,266.89969561156863,218.2928581633832,266.89969561156863,266.89969561156863
dysplasia_FA_HN11A_3_linfoides.csv,42.355481083215324,191.2941965946763,240.64659868707827,36.767369614287134,232.74705403968545,79.2739490429725,99.5495488346875,86.00532636477317,110.66323451034543,66.79701577262139,110.66323451034543,102.75893260964071,227.690901233521,93.17565943954929,107.40437271350152,106.95306486747597,134.0754792587747,167.9428127831285,48.64999733673888,58.24413178159759,84.2011122195508,52.673118335775996,88.59904691636808,360.23321884117456,105.96427443809816,63.24094262061138,266.89969561156863,1.2562244778315026e-308,86.49585235081511,72.77765638208447,54.34250146908134,48.51837902300721,237.87888111520562,331.69712030045105,54.30393648180706,110.66323451034543,67.44332141828502,110.66323451034543,227.23240405688102,131.64805395968932,255.6561268307941,59.95430676987539,110.66323451034543,101.28780415691176,226.36558175930446,110.66323451034543,61.17501497544846
stroma_ad_dysplasia_FA_HN11A_5_linfoides.csv,94.3881677642172,206.3103328076836,240.64659868707827,91.03033633238636,232.74705403968545,123.4109105923261,47.51686215368562,32.149766106821374,84.64689116984451,52.89186055604985,84.64689116984451,154.7916192906426,227.690901233521,41.142972758547415,55.37168603249965,54.92037818647411,177.7009741397328,194.63464090190968,108.58048400616912,118.16427827784486,57.520176377493144,50.1783654595754,36.112732027033985,360.23321884117456,53.93158775709628,67.01666060387015,266.89969561156863,86.49585235081511,1.211057461507816e-308,95.70077880560558,98.97577291240171,98.68227354169676,237.87888111520562,331.69712030045105,62.51245756920372,67.22909595014261,131.45447027695081,65.13498277003825,227.23240405688102,176.48726149019012,255.6561268307941,130.19842079669263,60.2705589838191,41.090242764842515,226.36558175930446,84.64689116984451,42.95613735874652
dysplasia_FA_HN14_2_linfoides.csv,54.574294776914456,173.0939505327496,240.64659868707827,71.70138203380199,225.9673929967533,101.71935472143667,117.74979489661422,86.31536723385915,119.7633575413088,51.0628422358258,119.7633575413088,84.55868654771399,215.85508738442445,111.74783471521917,119.7633575413088,119.7633575413088,115.875233196848,149.7425667212018,72.05850154912267,67.1677997805854,48.18168888710085,69.77985938260719,108.86841505833931,360.23321884117456,119.7633575413088,60.13436413209902,266.89969561156863,72.77765638208447,95.70077880560558,1.415173596637191e-308,60.88421363555784,57.51587514532173,236.23104714779367,331.69712030045105,66.86404080784814,119.7633575413088,94.42424861940205,119.7633575413088,214.9380930311445,123.43346426810669,255.6561268307941,78.01606756120708,119.7633575413088,112.25936224004064,213.20444843599137,119.7633575413088,70.45687042346228
stroma_ad_dysplasia_FA_HN15_4_linfoides.csv,52.021286512743956,150.06294713797928,218.73547889676865,67.4487115104825,202.93638960198297,61.51072158752126,131.27885923869394,97.51428410618888,131.27885923869394,60.82102510391138,131.27885923869394,61.527683152943666,192.82408398965413,131.27885923869394,131.27885923869394,131.27885923869394,105.7714198203935,126.71156332643147,66.91497773428779,46.618761560424076,68.86261050360622,92.81086277737751,129.3766681647329,360.23321884117456,131.27885923869394,83.16536752686935,266.89969561156863,54.34250146908134,98.97577291240171,60.88421363555784,1.840051627798526e-308,40.18633345554497,213.20004375302335,331.69712030045105,89.89504420261846,131.27885923869394,76.03900999298125,131.27885923869394,191.90708963637417,110.28290569971821,248.75453518420034,74.13602865223078,131.27885923869394,110.33301067081828,190.17344504122104,131.27885923869394,93.4878738182326
stroma_ad_dysplasia_FA_HN14_4_linfoides.csv,45.02937883484486,184.50891992438272,240.64659868707827,63.86890891835269,232.74705403968545,44.203479576114944,109.580745913664,94.94450345404758,114.05587284549225,48.153862993048676,114.05587284549225,95.97365593934711,227.27005677605757,108.83885547244205,114.05587284549225,113.73834153776957,127.29020258848112,161.15753611283492,63.187625791539716,51.45885511130399,45.272709644323726,61.49688604220992,105.95943581556219,360.23321884117456,112.74955110839176,48.7193947404659,266.89969561156863,48.51837902300721,98.68227354169676,57.51587514532173,40.18633345554497,1.007287828744658e-308,237.87888111520562,331.69712030045105,56.46918075704235,114.05587284549225,72.02317058449285,114.05587284549225,226.3530624227776,124.86277728939575,255.6561268307941,70.18222703756342,114.05587284549225,110.80487261865207,224.6194178276245,114.05587284549225,60.56645408423026
carcinoma_FA_HN11A_1_linfoides.csv,212.07581212650507,122.97319541272941,190.58085014509675,237.87888111520562,56.2683845330743,219.6313813842495,237.87888111520562,237.87888111520562,237.87888111520562,237.87888111520562,237.87888111520562,151.67236060007968,181.08495694144784,237.87888111520562,237.87888111520562,237.87888111520562,120.35581395094567,118.99530830774563,220.77583379942786,196.1871614281228,237.87888111520562,237.87888111520562,237.87888111520562,244.70867545193795,237.87888111520562,237.87888111520562,141.32581218732724,237.87888111520562,237.87888111520562,236.23104714779367,213.20004375302335,237.87888111520562,1.3236837434897863e-308,245.20740316260702,237.87888111520562,237.87888111520562,186.98797179143537,237.87888111520562,83.28624156945145,122.78323925003104,181.9503298910048,194.476986439845,237.87888111520562,237.87888111520562,147.65167505138203,237.87888111520562,237.87888111520562
dysplasia_FA_HN15_3_linfoides.csv,331.69712030045105,250.773574985535,182.10104322674562,331.69712030045105,230.744182416022,331.69712030045105,331.69712030045105,331.69712030045105,331.69712030045105,331.69712030045105,331.69712030045105,331.69712030045105,208.01243813386014,331.69712030045105,331.69712030045105,331.69712030045105,307.9922923214366,274.12495879708274,331.69712030045105,331.69712030045105,331.69712030045105,331.69712030045105,331.69712030045105,193.74283150259896,331.69712030045105,331.69712030045105,129.59484937776483,331.69712030045105,331.69712030045105,331.69712030045105,331.69712030045105,331.69712030045105,245.20740316260702,1.510418302156632e-308,331.69712030045105,331.69712030045105,331.69712030045105,331.69712030045105,208.9294324871401,310.41971762052196,152.08198693931394,331.69712030045105,331.69712030045105,331.69712030045105,270.2553766326855,331.69712030045105,331.69712030045105
stroma_ad_carcinoma_FA_HN15_4_linfoides.csv,91.01927582913675,206.3103328076836,240.64659868707827,52.15138778524209,232.74705403968545,94.50866797807058,55.99417790089484,58.656958495273116,86.33133713738474,36.82019131350256,86.33133713738474,151.42272735556213,227.690901233521,52.36967471539971,71.13922898407301,72.70524986610201,177.7009741397328,194.63464090190968,82.31925415621393,106.90792652751901,48.30453775317535,21.59819031203466,63.10914718200482,360.23321884117456,61.365518618934956,25.475870387354973,266.89969561156863,54.30393648180706,62.51245756920372,66.86404080784814,89.89504420261846,56.46918075704235,237.87888111520562,331.69712030045105,1.0853136420342534e-308,81.93687457883038,116.10711616420645,68.5038747051187,227.23240405688102,176.48726149019012,255.6561268307941,108.61810151579681,82.5702822401309,76.15657660329083,226.36558175930446,86.33133713738474,31.283879452865833
stroma_ad_dysplasia_FA_HN11A_3_linfoides.csv,131.84097505195308,206.3103328076836,240.64659868707827,104.49825315074366,232.74705403968545,128.06319042308087,50.10062077218534,99.37886205696398,31.466177999137585,104.74143279413602,51.03234319477319,162.0427008151658,227.690901233521,52.19073660686135,30.832035790174515,30.966328694038438,177.7009741397328,194.63464090190968,127.49096421549169,139.78530040114424,91.63042158423531,77.05721676320795,52.338064697099185,360.23321884117456,39.41602760351796,88.22168203111974,266.89969561156863,110.66323451034543,67.22909595014261,119.7633575413088,131.27885923869394,114.05587284549225,237.87888111520562,331.69712030045105,81.93687457883038,1.073753541258137e-308,144.38489521948793,37.95010472222886,227.23240405688102,176.48726149019012,255.6561268307941,140.64038789528314,19.341560167405078,50.16002141702326,226.36558175930446,30.31180804066433,77.83960125164248
stroma_ad_dysplasia_FA_HN14_3_linfoides.csv,86.32857415144233,123.8508751763913,192.52340693518067,79.77328413748856,176.724317640395,93.74518440227891,144.38489521948793,124.70558330767949,144.38489521948793,98.07563440376916,144.38489521948793,62.92195454689568,166.61201202806615,144.38489521948793,144.38489521948793,144.38489521948793,77.94743113121618,100.4994913648435,58.50482807864482,50.467250055799525,108.01561696514113,119.02293473896549,144.38489521948793,360.23321884117456,144.38489521948793,109.37743948845733,245.02960078416146,67.44332141828502,131.45447027695081,94.42424861940205,76.03900999298125,72.02317058449285,186.98797179143537,331.69712030045105,116.10711616420645,144.38489521948793,1.1019727368625085e-308,144.38489521948793,165.6950176747862,105.94946186246972,222.54246322261235,43.53006096382542,144.38489521948793,136.54508263240626,163.96137307963306,144.38489521948793,119.69994577982058
stroma_ad_dysplasia_FA_HN14_1_linfoides.csv,131.84097505195308,206.3103328076836,240.64659868707827,104.49825315074366,232.74705403968545,128.06319042308087,17.61812061635264,97.28474887685962,35.40999713334614,104.74143279413602,52.07939978482537,162.0427008151658,227.690901233521,25.237902601296355,9.76329673753861,10.214604583564153,177.7009741397328,194.63464090190968,127.49096421549169,139.78530040114424,89.53630840413095,65.58805613035966,29.022250743004278,360.23321884117456,11.203395012941982,75.23355138086782,266.89969561156863,110.66323451034543,65.13498277003825,119.7633575413088,131.27885923869394,114.05587284549225,237.87888111520562,331.69712030045105,68.5038747051187,37.95010472222886,144.38489521948793,1.3951637200576704e-308,227.23240405688102,176.48726149019012,255.6561268307941,140.64038789528314,20.40032537125873,48.0659082369189,226.36558175930446,34.46728316372439,64.91104508950457
carcinoma_FA_HN14_2_linfoides.csv,190.7828580098559,70.52869336963047,148.9208137297714,227.23240405688102,97.91150531780002,198.3384272676003,227.23240405688102,227.23240405688102,227.23240405688102,227.23240405688102,227.23240405688102,160.4885454600111,139.4249205261225,227.23240405688102,227.23240405688102,227.23240405688102,99.06285983429649,104.86079314412498,199.48287968277867,174.89420731147362,227.23240405688102,227.23240405688102,227.23240405688102,266.0016295685871,227.23240405688102,227.23240405688102,99.6657757720019,227.23240405688102,227.23240405688102,214.9380930311445,191.90708963637417,226.3530624227776,83.28624156945145,208.9294324871401,227.23240405688102,227.23240405688102,165.6950176747862,227.23240405688102,1.412847542007249e-308,101.49028513338186,116.77814852675186,173.18403232319582,227.23240405688102,227.23240405688102,180.23776573350852,227.23240405688102,227.23240405688102
carcinoma_FA_HN14_3_linfoides.csv,134.06600168915537,122.97319541272941,128.31867439377635,143.97801667889286,112.51958509899066,96.84814213421845,176.48726149019012,155.32318404580735,176.48726149019012,143.4916573921082,176.48726149019012,110.65938208460875,114.58819938586993,176.48726149019012,176.48726149019012,176.48726149019012,66.37682536288258,118.99530830774563,97.99259454939684,79.55585485611178,159.27941500659853,176.48726149019012,176.48726149019012,360.23321884117456,176.48726149019012,173.58217202986162,180.82486824275713,131.64805395968932,176.48726149019012,123.43346426810669,110.28290569971821,124.86277728939575,122.78323925003104,310.41971762052196,176.48726149019012,176.48726149019012,105.94946186246972,176.48726149019012,101.49028513338186,1.9977650019451997e-308,166.6073119021542,97.6686207458217,176.48726149019012,176.48726149019012,155.32318404580735,176.48726149019012,176.48726149019012
dysplasia_FA_HN15_2_linfoides.csv,247.63030355768205,127.86294821632657,104.32307097508047,255.6561268307941,167.48710914441978,255.18587281542648,255.6561268307941,255.6561268307941,255.6561268307941,255.6561268307941,255.6561268307941,238.62683999688443,94.63412655316358,255.6561268307941,255.6561268307941,255.6561268307941,171.11879778147892,221.63894167087682,255.6561268307941,231.7416528592998,255.6561268307941,255.6561268307941,255.6561268307941,209.15418402076097,255.6561268307941,255.6561268307941,121.72423122196739,255.6561268307941,255.6561268307941,255.6561268307941,248.75453518420034,255.6561268307941,181.9503298910048,152.08198693931394,255.6561268307941,255.6561268307941,222.54246322261235,255.6561268307941,116.77814852675186,166.6073119021542,1.8856951135792153e-308,230.031477871022,255.6561268307941,255.6561268307941,238.62683999688443,255.6561268307941,255.6561268307941
