,stroma_ad_dysplasia_FA_HN15_3_linfoides.csv,dysplasia_FA_HN15_5_linfoides.csv,carcinoma_FA_HN15_2_linfoides.csv,stroma_ad_carcinoma_FA_HN15_2_linfoides.csv,carcinoma_FA_HN15_1_linfoides.csv,dysplasia_FA_HN14_1_linfoides.csv,stroma_ad_dysplasia_FA_HN15_1_linfoides.csv,stroma_ad_dysplasia_FA_HN14_2_linfoides.csv,stroma_ad_carcinoma_FA_HN14_2_linfoides.csv,stroma_ad_carcinoma_FA_HN11A_1_linfoides.csv,stroma_ad_dysplasia_FA_HN11A_4_linfoides.csv,dysplasia_FA_HN11A_5_linfoides.csv,carcinoma_FA_HN14_4_linfoides.csv,stroma_ad_carcinoma_FA_HN14_4_linfoides.csv,stroma_ad_dysplasia_FA_HN11A_1_linfoides.csv,stroma_ad_carcinoma_FA_HN14_5_linfoides.csv,carcinoma_FA_HN14_1_linfoides.csv,dysplasia_FA_HN11A_4_linfoides.csv,carcinoma_FA_HN11A_2_linfoides.csv,stroma_ad_carcinoma_FA_HN15_1_linfoides.csv,carcinoma_FA_HN11A_5_linfoides.csv,stroma_ad_dysplasia_FA_HN15_2_linfoides.csv,stroma_ad_dysplasia_FA_HN15_5_linfoides.csv,carcinoma_FA_HN11A_4_linfoides.csv,stroma_ad_carcinoma_FA_HN14_3_linfoides.csv,dysplasia_FA_HN11A_2_linfoides.csv,dysplasia_FA_HN15_1_linfoides.csv,dysplasia_FA_HN11A_3_linfoides.csv,stroma_ad_dysplasia_FA_HN11A_5_linfoides.csv,dysplasia_FA_HN14_2_linfoides.csv,stroma_ad_dysplasia_FA_HN15_4_linfoides.csv,stroma_ad_dysplasia_FA_HN14_4_linfoides.csv,carcinoma_FA_HN11A_1_linfoides.csv,dysplasia_FA_HN15_3_linfoides.csv,stroma_ad_carcinoma_FA_HN15_4_linfoides.csv,stroma_ad_dysplasia_FA_HN11A_3_linfoides.csv,stroma_ad_dysplasia_FA_HN14_3_linfoides.csv,stroma_ad_dysplasia_FA_HN14_1_linfoides.csv,carcinoma_FA_HN14_2_linfoides.csv,carcinoma_FA_HN14_3_linfoides.csv,dysplasia_FA_HN15_2_linfoides.csv,stroma_ad_carcinoma_FA_HN15_3_linfoides.csv,stroma_ad_dysplasia_FA_HN11A_2_linfoides.csv,dysplasia_FA_HN11A_1_linfoides.csv,carcinoma_FA_HN11A_3_linfoides.csv,stroma_ad_carcinoma_FA_HN14_1_linfoides.csv,stroma_ad_carcinoma_FA_HN11A_2_linfoides.csv
stroma_ad_dysplasia_FA_HN15_3_linfoides.csv,0.0,2718.2884661361422,2939.4005952626558,1459.4371392860253,2878.8166933665407,2069.3502611396457,1905.9934230378055,1443.5013114096269,4613.997086757809,1161.4385810172612,7922.064725183927,1148.4969748173216,3076.7178273937384,1489.3078658040674,3504.1117049692916,2604.686080154049,2166.8235495660074,2218.0360679346254,1501.0648245427967,563.9160282320026,4212.452534678962,703.9078388747166,1545.4591144644967,3086.335337727008,3155.253357575101,908.2976085503939,3195.1949405477026,798.1362333091362,2562.0718084393907,2039.5462184894245,1849.5253271311608,1060.9671470501835,2558.76588845281,3237.831145246013,1086.421528134622,6302.45170463356,1477.5912707842167,3692.300721185379,2702.160381471661,2735.274132252644,3072.4802693789366,1804.1780638698044,4675.617654158009,8164.301356883062,2810.6245344707468,5780.296665781316,816.7903355024982
dysplasia_FA_HN15_5_linfoides.csv,2718.2884661361422,0.0,512.9654115543985,1950.3789280253363,710.035210892756,905.3617684335622,3352.258809727278,2357.1987732578878,5189.479004294561,2189.9296473833133,7641.35731348935,1683.6714961450116,737.1025680941118,3207.153873337023,4900.408073928091,3876.699162404161,757.0200677576595,726.8827817951219,1356.176283276995,2421.133578968896,4733.541525495051,2791.5173209222708,2869.004483049103,1013.4485184810396,4176.297143525521,2623.11378230946,593.1232422172795,2328.7979273296633,3495.4616632586913,980.5068943448846,1024.1964990532676,1927.6477397344613,737.3748789942304,1167.1967435661745,2890.311509713261,6449.928432047365,1743.2268257630876,4941.795713206944,402.72133329938026,592.7696566420641,736.8280452127649,1117.607847777991,5487.649402424093,7972.759061580162,972.8452177580753,6095.549860415636,2792.393113528936
carcinoma_FA_HN15_2_linfoides.csv,2939.4005952626558,512.9654115543985,0.0,2223.719049759061,631.0924869767032,1068.0410830588728,3349.982255961792,2354.930701552304,5149.951370407957,2267.317374151206,7576.889006401719,1968.3456977352143,455.09035235067074,3241.5980882280965,4888.849442824509,3865.6337543837512,814.9267273147714,1103.6249495559782,1652.563846125272,2645.8259487011305,4781.171485849697,2915.583750121474,2864.0666205627012,792.7208776590669,4167.518211500153,2747.9724846682143,390.8513460400533,2608.627278095286,3484.7274081686437,1105.448613973954,1153.2549582101776,2063.527615882084,611.0272853984098,1181.2212053293588,3075.642587168768,6405.276450999981,2066.72524537322,4930.232972807027,451.4963953642954,630.8648048118636,513.1976000618437,1440.6213070275571,5463.580904346983,7927.504581905502,878.2778899740542,6052.299277735615,2876.376021468243
stroma_ad_carcinoma_FA_HN15_2_linfoides.csv,1459.4371392860253,1950.3789280253363,2223.719049759061,0.0,2213.3074812061686,1456.54952646067,3006.4809177032284,2221.6240181956973,5476.503987133319,1848.773466401055,8299.453123115221,899.4035973185883,2388.852168184402,2568.7998631486107,4617.504868101557,3691.8372225268154,1823.654897842398,1397.222659210544,1177.7464509610757,1608.6454359095833,4846.120230809213,1738.876935559499,2589.0430695027467,2460.412427169093,4108.32579258352,2006.2555411471835,2483.665280701277,946.9138048190867,3418.8047845956507,1358.469946484385,1200.7907969036144,1497.393263625859,1993.4055925484593,2376.6817933522107,2100.951470726048,6894.983902020386,649.2187469838842,4744.105508796633,1966.5620511308323,2045.1741331233754,2397.550270884321,906.568031348142,5567.836431169639,8575.880304309127,2234.690812096667,6502.511348537193,1995.0422454445802
carcinoma_FA_HN15_1_linfoides.csv,2878.8166933665407,710.035210892756,631.0924869767032,2213.3074812061686,0.0,863.8676345382378,3101.2152880184544,2103.1902105330914,4751.924186078238,2137.4350541938593,7140.733790173027,1989.21318648691,344.3183656476343,3022.46207570892,4582.121552726822,3555.1668482271607,759.4431102202822,1233.253042046625,1727.3618685491733,2654.6901790212414,4628.640617674945,2782.305208820201,2591.463699830942,421.52171805302544,3903.2608847523625,2621.321710742289,570.0566218428247,2624.030105766697,3228.4911864805126,951.1844484571143,1110.388289604628,1980.409842282623,359.5797831725332,1642.349201209612,2990.7157968262436,6017.945196688551,2194.971854612666,4639.604311056678,523.5615250339863,308.78457602105595,394.20801388756166,1525.7993363346918,5109.281005262844,7552.984430284563,394.55014271401507,5653.686044675012,2739.7440174016815
dysplasia_FA_HN14_1_linfoides.csv,2069.3502611396457,905.3617684335622,1068.0410830588728,1456.54952646067,863.8676345382378,0.0,2466.3632601267677,1485.7758589822213,4401.71847892591,1331.0176868096166,7118.992720206314,1308.4705268483342,1084.2531720074746,2334.8380866257658,4033.1706690584188,3009.2723784370028,631.4786027674568,899.6217317612893,935.7343431977056,1865.9070294023788,3899.7130287119317,1958.8761021944727,1995.7120657254552,1229.2593201782452,3311.8273760061297,1798.4577900450752,1226.8378104000026,1797.500306328604,2628.8694619186185,361.6005469920915,448.73831465283104,1159.8620933419081,694.2683193011327,1833.346569255814,2174.359604048747,5742.533033009588,1483.8361735262129,4074.2794363587986,829.227095833563,753.7520447924405,1079.1529679470013,863.5244356592189,4635.082136356512,7417.767291318255,1008.1084426136645,5375.693572791093,1936.865087142854
stroma_ad_dysplasia_FA_HN15_1_linfoides.csv,1905.9934230378055,3352.258809727278,3349.982255961792,3006.4809177032284,3101.2152880184544,2466.3632601267677,0.0,1046.4358560146948,2875.7763898267335,1280.3736947575744,6522.767563384668,2416.7927921714804,3311.2343486841633,679.8076542912122,1689.6186082804563,779.797273387421,2652.5619660344023,3178.824051250695,2475.791468304721,1748.975976756712,2999.584987379788,1597.186864058475,585.25053301365,3231.3778610127256,1363.0767279827976,1083.3392819342146,3551.7290778035845,2191.2659885661856,1044.2566654801599,2488.2112679110687,2529.621248119954,1702.1117129880686,2832.843509150359,4186.19504905339,992.6037574476061,4788.625512099929,2944.6515150984033,1825.3717857674092,3134.6923210388886,3081.648852589684,3267.992650936158,2955.630460573002,2972.7640703637826,6760.692539941169,2841.5926618333365,4188.081479213406,1156.0086799862113
stroma_ad_dysplasia_FA_HN14_2_linfoides.csv,1443.5013114096269,2357.1987732578878,2354.930701552304,2221.6240181956973,2103.1902105330914,1485.7758589822213,1046.4358560146948,0.0,3282.401525615129,414.16109419141026,6625.1338799416,1576.5119071835463,2334.235829690935,1045.6306619549018,2635.8103387150245,1633.451128908892,1669.7961181244145,2200.785369790349,1520.9821694398333,1312.1933471518234,3106.025366714339,1278.5591959214212,582.8264148857593,2257.141158734601,1944.772610785862,851.5729417685588,2553.5243362498422,1426.7687740344406,1236.8731663185551,1510.866846309973,1568.1713700200717,816.7331888905717,1832.964630911556,3202.72022289945,1041.4983504347708,4958.65709187464,2191.0901241428496,2683.374431027872,2147.0154524974682,2083.850384298772,2266.038138283396,2027.8502959700502,3361.4292013678923,6874.175096374652,1923.9218938435238,4431.283073411262,861.7638486343455
stroma_ad_carcinoma_FA_HN14_2_linfoides.csv,4613.997086757809,5189.479004294561,5149.951370407957,5476.503987133319,4751.924186078238,4401.71847892591,2875.7763898267335,3282.401525615129,0.0,3642.8139339014792,3861.856222338045,4819.171701642181,4902.169351438432,3153.1778704756202,1545.8466798770628,2225.083121082075,4544.651808911199,5243.871306949917,4648.458381162946,4495.699675747532,1381.5247802961044,4384.915605975516,3107.9435987572147,4849.5263942170295,1625.185435750556,3840.923840386565,5212.69858718731,4651.297640333171,2132.917696306244,4539.917573730638,4651.144442894763,4073.109480057283,4604.993603604028,6093.899349689063,3580.549046979816,2163.4089110718946,5446.054045953651,1523.5641988834172,5033.840003266625,4763.681564623352,4903.004902540881,5181.2340887137,592.7279254652103,4122.839755914278,4364.951467177824,1462.0976581125592,3857.6722551946405
stroma_ad_carcinoma_FA_HN11A_1_linfoides.csv,1161.4385810172612,2189.9296473833133,2267.317374151206,1848.773466401055,2137.4350541938593,1331.0176868096166,1280.3736947575744,414.16109419141026,3642.8139339014792,0.0,6886.364472623323,1222.0070463380016,2351.153967751964,1074.9274918353947,2910.001621802999,1922.874936980435,1538.024583575048,1939.9642657038783,1224.4740664610613,1064.054793286513,3178.9477655902165,1067.9200606443528,808.3641337677118,2316.066443030399,2280.638305203389,680.6314986765486,2504.107726029272,1072.131845686748,1587.47763356719,1303.29161688159,1293.6036596409579,482.93692908747346,1814.5988561641882,2961.4506306826115,938.0738057233076,5248.5284469347,1817.7566035629936,2961.468849877385,2053.797943927493,2032.0468292897226,2325.741550024978,1700.5597206956847,3733.0302625950817,7123.028134001335,2034.1497667864435,4747.971316981619,722.4784423277237
stroma_ad_dysplasia_FA_HN11A_4_linfoides.csv,7922.064725183927,7641.35731348935,7576.889006401719,8299.453123115221,7140.733790173027,7118.992720206314,6522.767563384668,6625.1338799416,3861.856222338045,6886.364472623323,0.0,7773.234525425111,7263.717614883265,6546.486472798736,5392.50528771858,5959.063782534336,7047.319478352442,7852.736880366444,7541.628012148153,7903.299256981769,4335.420208187345,7831.386305987925,6623.270444513999,7238.36687953263,5407.416088793838,7330.042236319726,7570.658848177557,7742.532035877659,5626.635350535483,7199.231425354104,7371.875907506644,7219.519920075643,7059.3348206663,8522.013431593972,7034.1577539885275,1792.6029369232492,8403.550697666202,5374.990841031028,7515.212214028727,7152.411972264958,7291.790530191304,7892.205342259446,3817.1369289765853,1051.2961125072927,6754.11904839979,2444.549363924775,7227.518678944298
dysplasia_FA_HN11A_5_linfoides.csv,1148.4969748173216,1683.6714961450116,1968.3456977352143,899.4035973185883,1989.21318648691,1308.4705268483342,2416.7927921714804,1576.5119071835463,4819.171701642181,1222.0070463380016,7773.234525425111,0.0,2168.5367008909634,2010.4492898682936,4023.2555693884974,3087.101858941768,1335.088099571136,1161.5778495445027,640.2308620673194,1057.7283752981975,4216.839922576508,1345.1041728830205,1974.8708176039002,2217.3626430110717,3458.3350972436847,1437.6677979564126,2248.5055663383505,733.5153211549947,2769.6266901557906,1301.9975930205337,1091.6023354819542,913.0897583325366,1685.6902820385742,2174.851701810299,1569.9130176878791,6275.309696356732,842.2337641744668,4133.628504563769,1717.4707866261688,1830.849991969732,2172.868382971468,813.2169167346523,4919.066596445299,8030.560416142676,1978.7130707672995,5852.956374427497,1461.6794600312198
carcinoma_FA_HN14_4_linfoides.csv,3076.7178273937384,737.1025680941118,455.09035235067074,2388.852168184402,344.3183656476343,1084.2531720074746,3311.2343486841633,2334.235829690935,4902.169351438432,2351.153967751964,7263.717614883265,2168.5367008909634,0.0,3231.1240383637105,4755.094322733479,3753.2401650385423,926.9001874402559,1378.6267381264647,1871.2691436420453,2821.5707744602223,4836.278632988333,3001.1990774508604,2810.6633586193957,527.8371527354559,4090.652179656628,2837.70939145787,465.43050971484024,2795.2108400536713,3453.0365321691593,1187.7308659727996,1252.1527261146543,2188.9116233503582,602.5737286660161,1568.2804682857686,3208.34066898062,6174.521727556423,2335.6301126589256,4825.146969595336,562.5278067295641,398.61884959887,349.3765553771432,1667.0649471984639,5264.013564997488,7722.119100216642,565.7091931635724,5804.0661060416915,2964.6456949528524
stroma_ad_carcinoma_FA_HN14_4_linfoides.csv,1489.3078658040674,3207.153873337023,3241.5980882280965,2568.7998631486107,3022.46207570892,2334.8380866257658,679.8076542912122,1045.6306619549018,3153.1778704756202,1074.9274918353947,6546.486472798736,2010.4492898682936,3231.1240383637105,0.0,2071.6841620618366,1173.3555625390266,2538.6043546223136,2902.0473433921698,2193.21542979518,1453.7454689291812,3076.729779612194,1318.7736286883187,716.1417400453072,3150.427858623917,1695.8694507640344,989.3219889773175,3472.5256775403254,1741.8162746998826,1210.5347930293317,2292.7239834784814,2253.3915369762917,1411.0573410113013,2727.6230165979523,3944.2539382891123,661.5484515148892,4874.1080635363605,2517.5317818342696,2250.2185686109847,3031.4286704598435,2996.298431546892,3185.526834403168,2606.951809062606,3216.908835759152,6807.146040989803,2770.067641410072,4340.726579324903,777.5634202536892
stroma_ad_dysplasia_FA_HN11A_1_linfoides.csv,3504.1117049692916,4900.408073928091,4888.849442824509,4617.504868101557,4582.121552726822,4033.1706690584188,1689.6186082804563,2635.8103387150245,1545.8466798770628,2910.001621802999,5392.50528771858,4023.2555693884974,4755.094322733479,2071.6841620618366,0.0,1099.0820223887245,4224.187572184449,4801.633395718341,4104.773857730131,3363.6099788778456,1927.8674287164267,3221.1023008563106,2157.687618979591,4675.204065663198,844.4596788791653,2693.580720763061,5046.384339294995,3783.7638002089925,1548.8197869350302,4093.4625875454412,4166.690558007619,3332.517449807352,4351.897561292197,5794.642358322141,2554.680231940209,3618.1216300169326,4553.829575653122,377.7050631578599,4711.290731543163,4580.960001308762,4734.314527171443,4588.899328272261,1614.229381611358,5526.607942649955,4273.36968486191,2960.9431160543418,2743.006604337216
stroma_ad_carcinoma_FA_HN14_5_linfoides.csv,2604.686080154049,3876.699162404161,3865.6337543837512,3691.8372225268154,3555.1668482271607,3009.2723784370028,779.797273387421,1633.451128908892,2225.083121082075,1922.874936980435,5959.063782534336,3087.101858941768,3753.2401650385423,1173.3555625390266,1099.0820223887245,0.0,3197.643448932767,3780.1470202717605,3097.5212037291544,2462.756438464628,2498.094194867224,2319.457081179435,1153.0577583037193,3673.6368911159348,792.6181441727881,1774.1050210391584,4019.402238743493,2856.7307902677653,833.2005777640363,3067.0760937454875,3158.780481996582,2342.826883191641,3322.0008938914593,4767.474131621426,1656.528602970478,4200.162175404528,3626.7780649640645,1169.761552623902,3684.491266864246,3553.925372705287,3711.140591292217,3598.926460370746,2320.0810153262046,6178.855709207694,3272.4342968834426,3563.1902367395787,1851.8105891325122
carcinoma_FA_HN14_1_linfoides.csv,2166.8235495660074,757.0200677576595,814.9267273147714,1823.654897842398,759.4431102202822,631.4786027674568,2652.5619660344023,1669.7961181244145,4544.651808911199,1538.024583575048,7047.319478352442,1335.088099571136,926.9001874402559,2538.6043546223136,4224.187572184449,3197.643448932767,0.0,967.7535232823773,1152.7805567448993,1933.3342670529735,4067.8446617811755,2182.4716924652466,2177.9971138580204,1110.9458660153855,3483.6919650801,1986.0555697543527,1061.3836905421272,1897.1103212989917,2806.874306260835,761.2333168121866,789.7666328087371,1294.097043204422,538.5174502443,1681.4458306377364,2308.732324934222,5812.921514222984,1735.4231097108543,4260.962699159445,656.9447282502811,595.5182406288664,933.7331111162478,1150.612253174187,4827.1547529788,7356.35352988364,978.9771551631129,5456.297381912091,2136.03014630709
dysplasia_FA_HN11A_4_linfoides.csv,2218.0360679346254,726.8827817951219,1103.6249495559782,1397.222659210544,1233.253042046625,899.6217317612893,3178.824051250695,2200.785369790349,5243.871306949917,1939.9642657038783,7852.736880366444,1161.5778495445027,1378.6267381264647,2902.0473433921698,4801.633395718341,3780.1470202717605,967.7535232823773,0.0,888.4314145951355,1938.6375406117709,4624.837570217785,2371.907168726751,2694.860245833739,1595.8118713176857,4035.370569480793,2320.417795871401,1278.5250738274397,1744.1310282128488,3382.3699070383354,832.9688887374458,757.7277931673783,1543.9006984300604,1082.7619964666987,1192.1117161727761,2548.151591548802,6541.20278398632,1148.4049112696757,4833.731235084028,906.8847086843876,1083.8022347287954,1339.0735247193484,599.5998502299349,5468.370286098635,8136.610064946628,1386.8573685095073,6188.8766738656905,2428.095323259685
carcinoma_FA_HN11A_2_linfoides.csv,1501.0648245427967,1356.176283276995,1652.563846125272,1177.7464509610757,1727.3618685491733,935.7343431977056,2475.791468304721,1520.9821694398333,4648.458381162946,1224.4740664610613,7541.628012148153,640.2308620673194,1871.2691436420453,2193.21542979518,4104.773857730131,3097.5212037291544,1152.7805567448993,888.4314145951355,0.0,1323.82732565446,4009.8075318492533,1677.7535209337561,1997.1492935533583,2022.1102820783492,3375.055225495462,1600.6079203326256,1911.9460929809761,1042.0410497075238,2711.9515508368772,1016.71428058743,858.595525110959,831.1504178438894,1441.997751472375,1774.450045684586,1841.6745662559429,6059.370241660876,1004.0745985320858,4151.091072393638,1412.558365882112,1525.7063205686143,1874.3164036748724,619.6411155432055,4812.234527116554,7804.474187758152,1797.467028714665,5650.387637259133,1735.9252320340408
stroma_ad_carcinoma_FA_HN15_1_linfoides.csv,563.9160282320026,2421.133578968896,2645.8259487011305,1608.6454359095833,2654.6901790212414,1865.9070294023788,1748.975976756712,1312.1933471518234,4495.699675747532,1064.054793286513,7903.299256981769,1057.7283752981975,2821.5707744602223,1453.7454689291812,3363.6099788778456,2462.756438464628,1933.3342670529735,1938.6375406117709,1323.82732565446,0.0,4118.756479500345,726.1537058535646,1406.1232493209593,2965.264755599427,3028.122729226953,759.737041963271,2902.8603227783206,878.7654029799297,2450.548308524061,1917.8097862081902,1752.217323010054,938.7958413177341,2355.7812257279816,3011.1997217407893,1033.4354536738124,6221.835573654167,1382.162577136024,3552.05027549812,2399.2779003261444,2481.666509227821,2830.428627039717,1558.3564698109803,4559.855212233735,8133.092257549267,2748.7244134753682,5684.434196958749,773.799680078961
carcinoma_FA_HN11A_5_linfoides.csv,4212.452534678962,4733.541525495051,4781.171485849697,4846.120230809213,4628.640617674945,3899.7130287119317,2999.584987379788,3106.025366714339,1381.5247802961044,3178.9477655902165,4335.420208187345,4216.839922576508,4836.278632988333,3076.729779612194,1927.8674287164267,2498.094194867224,4067.8446617811755,4624.837570217785,4009.8075318492533,4118.756479500345,0.0,4089.2718664510567,3145.7183850725596,4809.610897173361,1840.9956374335964,3514.3625927268395,4976.052353542444,4092.2646636331892,2207.379510366037,3972.01723308444,4032.2974310317572,3591.5253565009784,4325.799325717196,5579.476275737413,3257.8803875085637,2598.082020105215,4871.7066076906885,1827.5191265999497,4525.396674090178,4510.520261758589,4817.152994901544,4513.309635554423,1493.0530567931419,4264.203486156528,4533.359165176048,2181.373949218662,3545.650673284738
stroma_ad_dysplasia_FA_HN15_2_linfoides.csv,703.9078388747166,2791.5173209222708,2915.583750121474,1738.876935559499,2782.305208820201,1958.8761021944727,1597.186864058475,1278.5591959214212,4384.915605975516,1067.9200606443528,7831.386305987925,1345.1041728830205,3001.1990774508604,1318.7736286883187,3221.1023008563106,2319.457081179435,2182.4716924652466,2371.907168726751,1677.7535209337561,726.1537058535646,4089.2718664510567,0.0,1294.7558342204698,2962.007236043763,2907.9914561201285,672.5333101294889,3164.3435308172034,1239.842119473041,2348.8444428987386,1860.5262220681736,1805.8353826752789,1067.1486772920696,2456.5576141972456,3434.156487046996,954.8184083315575,6140.4156967639565,1793.5543134948782,3390.7168107023267,2694.0852985857805,2692.9077957191735,2972.7009575204315,2034.6364510371702,4458.131619397831,8052.615469455891,2661.491055757199,5595.468166325756,640.9111431457137
stroma_ad_dysplasia_FA_HN15_5_linfoides.csv,1545.4591144644967,2869.004483049103,2864.0666205627012,2589.0430695027467,2591.463699830942,1995.7120657254552,585.25053301365,582.8264148857593,3107.9435987572147,808.3641337677118,6623.270444513999,1974.8708176039002,2810.6633586193957,716.1417400453072,2157.687618979591,1153.0577583037193,2177.9971138580204,2694.860245833739,1997.1492935533583,1406.1232493209593,3145.7183850725596,1294.7558342204698,0.0,2730.107839575594,1660.4684282300545,772.3417932205201,3041.8080117616028,1769.5582730786396,1184.150031854128,2016.6456673441717,2046.2678847512316,1229.9711126027696,2336.8496593467016,3707.694392792495,797.0972195639552,4921.922737186894,2528.1514887182916,2202.631495003438,2656.6738210969907,2576.6412990738836,2761.3009652074797,2477.218759926207,3185.1030274540785,6867.214115490522,2359.105513084288,4353.92824719745,810.1942694893775
carcinoma_FA_HN11A_4_linfoides.csv,3086.335337727008,1013.4485184810396,792.7208776590669,2460.412427169093,421.52171805302544,1229.2593201782452,3231.3778610127256,2257.141158734601,4849.5263942170295,2316.066443030399,7238.36687953263,2217.3626430110717,527.8371527354559,3150.427858623917,4675.204065663198,3673.6368911159348,1110.9458660153855,1595.8118713176857,2022.1102820783492,2965.264755599427,4809.610897173361,2962.007236043763,2730.107839575594,0.0,4011.4761049085732,2826.97325707628,706.7607084639972,2850.728861457751,3375.2278266949315,1183.684650499213,1348.951599395649,2254.5655473156125,649.1353673293961,1506.4044615611147,3167.821559436811,6102.390490946337,2549.631112727975,4745.123887883574,776.3155242326268,646.4934423381108,512.8562044517448,1856.8849699670927,5193.656361673801,7638.998983278027,582.3646022405494,5751.438196796671,2914.96028619036
stroma_ad_carcinoma_FA_HN14_3_linfoides.csv,3155.253357575101,4176.297143525521,4167.518211500153,4108.32579258352,3903.2608847523625,3311.8273760061297,1363.0767279827976,1944.772610785862,1625.185435750556,2280.638305203389,5407.416088793838,3458.3350972436847,4090.652179656628,1695.8694507640344,844.4596788791653,792.6181441727881,3483.6919650801,4035.370569480793,3375.055225495462,3028.122729226953,1840.9956374335964,2907.9914561201285,1660.4684282300545,4011.4761049085732,0.0,2360.665000128505,4359.285652536956,3268.608070528259,942.6928858835591,3344.172582654427,3409.6439469822562,2700.1687613285812,3641.913411516802,5038.865797924693,2136.364277906676,3630.301449725843,4064.4137086776987,875.2975127195183,3970.5020143587753,3889.1726160791145,4059.323333823859,3874.479071675026,1769.5219944121086,5599.729413849554,3610.782098125458,2989.0569198338026,2397.3921332731657
dysplasia_FA_HN11A_2_linfoides.csv,908.2976085503939,2623.11378230946,2747.9724846682143,2006.2555411471835,2621.321710742289,1798.4577900450752,1083.3392819342146,851.5729417685588,3840.923840386565,680.6314986765486,7330.042236319726,1437.6677979564126,2837.70939145787,989.3219889773175,2693.580720763061,1774.1050210391584,1986.0555697543527,2320.417795871401,1600.6079203326256,759.737041963271,3514.3625927268395,672.5333101294889,772.3417932205201,2826.97325707628,2360.665000128505,0.0,2988.3546042365706,1230.1816937293,1820.4736595820495,1761.6725175268025,1688.2455508158696,864.8218916503079,2308.5352009744715,3353.853984256412,671.5805465626628,5621.3018468011605,1944.3539209635837,2863.3225442250477,2520.9285411619053,2516.031168783466,2819.692137204928,2025.489520891803,3921.2141228916676,7555.824514449395,2547.464795734018,5071.963838696184,452.0996376596693
dysplasia_FA_HN15_1_linfoides.csv,3195.1949405477026,593.1232422172795,390.8513460400533,2483.665280701277,570.0566218428247,1226.8378104000026,3551.7290778035845,2553.5243362498422,5212.69858718731,2504.107726029272,7570.658848177557,2248.5055663383505,465.43050971484024,3472.5256775403254,5046.384339294995,4019.402238743493,1061.3836905421272,1278.5250738274397,1911.9460929809761,2902.8603227783206,4976.052353542444,3164.3435308172034,3041.8080117616028,706.7607084639972,4359.285652536956,2988.3546042365706,0.0,2883.5275418782485,3678.5282181199827,1350.7078956806333,1387.5484990325226,2321.226119382972,792.180807700157,1258.5211636473548,3331.4632053357445,6482.224070978702,2311.463866445511,5097.58079272924,606.1187842388777,544.0353657441444,412.5846733259522,1680.9224749913828,5573.508555601521,8017.138663842023,873.866257443693,6114.495725087547,3114.3706261560114
dysplasia_FA_HN11A_3_linfoides.csv,798.1362333091362,2328.7979273296633,2608.627278095286,946.9138048190867,2624.030105766697,1797.500306328604,2191.2659885661856,1426.7687740344406,4651.297640333171,1072.131845686748,7742.532035877659,733.5153211549947,2795.2108400536713,1741.8162746998826,3783.7638002089925,2856.7307902677653,1897.1103212989917,1744.1310282128488,1042.0410497075238,878.7654029799297,4092.2646636331892,1239.842119473041,1769.5582730786396,2850.728861457751,3268.608070528259,1230.1816937293,2883.5275418782485,0.0,2585.137523033726,1748.8558698605336,1583.662022544672,798.8505305705326,2299.893262551257,2707.925165044831,1275.9679281003928,6184.782166668286,941.9652635947373,3905.4019368257113,2359.6645948798114,2455.053079946985,2803.0948850540826,1237.8673305529423,4733.873068699337,7995.981675514717,2613.451787846545,5722.839444316817,1199.2258490987163
stroma_ad_dysplasia_FA_HN11A_5_linfoides.csv,2562.0718084393907,3495.4616632586913,3484.7274081686437,3418.8047845956507,3228.4911864805126,2628.8694619186185,1044.2566654801599,1236.8731663185551,2132.917696306244,1587.47763356719,5626.635350535483,2769.6266901557906,3453.0365321691593,1210.5347930293317,1548.8197869350302,833.2005777640363,2806.874306260835,3382.3699070383354,2711.9515508368772,2450.548308524061,2207.379510366037,2348.8444428987386,1184.150031854128,3375.2278266949315,942.6928858835591,1820.4736595820495,3678.5282181199827,2585.137523033726,0.0,2666.726127790131,2768.489472667015,2029.7419541144084,2960.3042795327124,4365.092932662263,1539.6278282656294,3894.9744462120952,3380.7242552593966,1613.6605327632403,3294.99063194119,3208.7101343954537,3385.4762309888224,3215.503584622843,2204.5208878931385,5835.573333610145,3028.0041926967,3334.9056355938296,1809.7412101304699
dysplasia_FA_HN14_2_linfoides.csv,2039.5462184894245,980.5068943448846,1105.448613973954,1358.469946484385,951.1844484571143,361.6005469920915,2488.2112679110687,1510.866846309973,4539.917573730638,1303.29161688159,7199.231425354104,1301.9975930205337,1187.7308659727996,2292.7239834784814,4093.4625875454412,3067.0760937454875,761.2333168121866,832.9688887374458,1016.71428058743,1917.8097862081902,3972.01723308444,1860.5262220681736,2016.6456673441717,1183.684650499213,3344.172582654427,1761.6725175268025,1350.7078956806333,1748.8558698605336,2666.726127790131,0.0,404.4679839357548,1152.0747006902227,787.0106245040121,1746.2355115233806,2094.901231456094,5867.840213128287,1511.9377650762913,4126.321812513917,896.9994836985898,881.2546363550623,1166.0416083365988,885.7798837648497,4736.001714486977,7489.154926396227,958.4125393205109,5506.08614990223,1866.8860037912048
stroma_ad_dysplasia_FA_HN15_4_linfoides.csv,1849.5253271311608,1024.1964990532676,1153.2549582101776,1200.7907969036144,1110.388289604628,448.73831465283104,2529.621248119954,1568.1713700200717,4651.144442894763,1293.6036596409579,7371.875907506644,1091.6023354819542,1252.1527261146543,2253.3915369762917,4166.690558007619,3158.780481996582,789.7666328087371,757.7277931673783,858.595525110959,1752.217323010054,4032.2974310317572,1805.8353826752789,2046.2678847512316,1348.951599395649,3409.6439469822562,1688.2455508158696,1387.5484990325226,1583.662022544672,2768.489472667015,404.4679839357548,0.0,1018.3020010240434,891.9373865267952,1718.8132794221267,2014.2370453282401,5991.363601247703,1364.4048215357923,4212.600276612627,907.5452153237563,925.635245394644,1271.094709413617,678.0462594995467,4856.836107940741,7664.762578430178,1124.619770146841,5617.533572302738,1804.4310626295055
stroma_ad_dysplasia_FA_HN14_4_linfoides.csv,1060.9671470501835,1927.6477397344613,2063.527615882084,1497.393263625859,1980.409842282623,1159.8620933419081,1702.1117129880686,816.7331888905717,4073.109480057283,482.93692908747346,7219.519920075643,913.0897583325366,2188.9116233503582,1411.0573410113013,3332.517449807352,2342.826883191641,1294.097043204422,1543.9006984300604,831.1504178438894,938.7958413177341,3591.5253565009784,1067.1486772920696,1229.9711126027696,2254.5655473156125,2700.1687613285812,864.8218916503079,2321.226119382972,798.8505305705326,2029.7419541144084,1152.0747006902227,1018.3020010240434,0.0,1661.156285838133,2581.960717170188,1126.6572482129268,5650.979189693729,1404.2454368525712,3385.6591747388156,1833.713595030385,1848.1263610894473,2176.4639507354104,1302.896459754972,4155.513439946797,7470.305661915893,2023.9328696386006,5174.533162948013,948.6180036370754
carcinoma_FA_HN11A_1_linfoides.csv,2558.76588845281,737.3748789942304,611.0272853984098,1993.4055925484593,359.5797831725332,694.2683193011327,2832.843509150359,1832.964630911556,4604.993603604028,1814.5988561641882,7059.3348206663,1685.6902820385742,602.5737286660161,2727.6230165979523,4351.897561292197,3322.0008938914593,538.5174502443,1082.7619964666987,1441.997751472375,2355.7812257279816,4325.799325717196,2456.5576141972456,2336.8496593467016,649.1353673293961,3641.913411516802,2308.5352009744715,792.180807700157,2299.893262551257,2960.3042795327124,787.0106245040121,891.9373865267952,1661.156285838133,0.0,1580.6498702012518,2664.6613637391697,5861.779044264036,2006.8683444373019,4394.281916335882,604.0065729164463,469.6437948378582,555.9005100663027,1325.4634345315899,4914.959066443043,7398.330547514658,547.0196172908604,5506.727882789599,2403.104041311614
dysplasia_FA_HN15_3_linfoides.csv,3237.831145246013,1167.1967435661745,1181.2212053293588,2376.6817933522107,1642.349201209612,1833.346569255814,4186.19504905339,3202.72022289945,6093.899349689063,2961.4506306826115,8522.013431593972,2174.851701810299,1568.2804682857686,3944.2539382891123,5794.642358322141,4767.474131621426,1681.4458306377364,1192.1117161727761,1774.450045684586,3011.1997217407893,5579.476275737413,3434.156487046996,3707.694392792495,1506.4044615611147,5038.865797924693,3353.853984256412,1258.5211636473548,2707.925165044831,4365.092932662263,1746.2355115233806,1718.8132794221267,2581.960717170188,1580.6498702012518,0.0,3600.6726791262986,7348.275891704953,2112.9711434075025,5826.0337984970965,1326.4380206070439,1591.4338217791571,1446.2624989897322,1521.221324531103,6401.45719237225,8873.201814418419,1868.9900174330612,6995.938341899974,3486.487121448875
stroma_ad_carcinoma_FA_HN15_4_linfoides.csv,1086.421528134622,2890.311509713261,3075.642587168768,2100.951470726048,2990.7157968262436,2174.359604048747,992.6037574476061,1041.4983504347708,3580.549046979816,938.0738057233076,7034.1577539885275,1569.9130176878791,3208.34066898062,661.5484515148892,2554.680231940209,1656.528602970478,2308.732324934222,2548.151591548802,1841.6745662559429,1033.4354536738124,3257.8803875085637,954.8184083315575,797.0972195639552,3167.821559436811,2136.364277906676,671.5805465626628,3331.4632053357445,1275.9679281003928,1539.6278282656294,2094.901231456094,2014.2370453282401,1126.6572482129268,2664.6613637391697,3600.6726791262986,0.0,5339.662050755033,2077.2854050135516,2710.7023300200185,2839.0285061989503,2869.5521115731244,3177.162840810438,2230.0637900035613,3641.870756582695,7253.487696985111,2874.49692081859,4786.165696174176,536.2127847500076
stroma_ad_dysplasia_FA_HN11A_3_linfoides.csv,6302.45170463356,6449.928432047365,6405.276450999981,6894.983902020386,6017.945196688551,5742.533033009588,4788.625512099929,4958.65709187464,2163.4089110718946,5248.5284469347,1792.6029369232492,6275.309696356732,6174.521727556423,4874.1080635363605,3618.1216300169326,4200.162175404528,5812.921514222984,6541.20278398632,6059.370241660876,6221.835573654167,2598.082020105215,6140.4156967639565,4921.922737186894,6102.390490946337,3630.301449725843,5621.3018468011605,6482.224070978702,6184.782166668286,3894.9744462120952,5867.840213128287,5991.363601247703,5650.979189693729,5861.779044264036,7348.275891704953,5339.662050755033,0.0,6925.246128125072,3599.8079548414375,6294.356801388893,6018.637955058928,6163.76304594642,6529.292490351539,2054.2486258726226,2104.055229859684,5677.315366632709,761.4678168763279,5562.6346750756775
stroma_ad_dysplasia_FA_HN14_3_linfoides.csv,1477.5912707842167,1743.2268257630876,2066.72524537322,649.2187469838842,2194.971854612666,1483.8361735262129,2944.6515150984033,2191.0901241428496,5446.054045953651,1817.7566035629936,8403.550697666202,842.2337641744668,2335.6301126589256,2517.5317818342696,4553.829575653122,3626.7780649640645,1735.4231097108543,1148.4049112696757,1004.0745985320858,1382.162577136024,4871.7066076906885,1793.5543134948782,2528.1514887182916,2549.631112727975,4064.4137086776987,1944.3539209635837,2311.463866445511,941.9652635947373,3380.7242552593966,1511.9377650762913,1364.4048215357923,1404.2454368525712,2006.8683444373019,2112.9711434075025,2077.2854050135516,6925.246128125072,0.0,4680.035450619046,1850.820263809672,1975.8316251585763,2309.2258043726683,797.9168869583991,5528.958602397773,8671.293865106194,2365.396154137796,6496.817313349048,1963.885481138168
stroma_ad_dysplasia_FA_HN14_1_linfoides.csv,3692.300721185379,4941.795713206944,4930.232972807027,4744.105508796633,4639.604311056678,4074.2794363587986,1825.3717857674092,2683.374431027872,1523.5641988834172,2961.468849877385,5374.990841031028,4133.628504563769,4825.146969595336,2250.2185686109847,377.7050631578599,1169.761552623902,4260.962699159445,4833.731235084028,4151.091072393638,3552.05027549812,1827.5191265999497,3390.7168107023267,2202.631495003438,4745.123887883574,875.2975127195183,2863.3225442250477,5097.58079272924,3905.4019368257113,1613.6605327632403,4126.321812513917,4212.600276612627,3385.6591747388156,4394.281916335882,5826.0337984970965,2710.7023300200185,3599.8079548414375,4680.035450619046,0.0,4747.2271103895855,4627.680121530059,4797.429387516132,4648.175122672009,1596.2021575061362,5521.318732049841,4328.394233363997,2944.614236917169,2935.3991447925355
carcinoma_FA_HN14_2_linfoides.csv,2702.160381471661,402.72133329938026,451.4963953642954,1966.5620511308323,523.5615250339863,829.227095833563,3134.6923210388886,2147.0154524974682,5033.840003266625,2053.797943927493,7515.212214028727,1717.4707866261688,562.5278067295641,3031.4286704598435,4711.290731543163,3684.491266864246,656.9447282502811,906.8847086843876,1412.558365882112,2399.2779003261444,4525.396674090178,2694.0852985857805,2656.6738210969907,776.3155242326268,3970.5020143587753,2520.9285411619053,606.1187842388777,2359.6645948798114,3294.99063194119,896.9994836985898,907.5452153237563,1833.713595030385,604.0065729164463,1326.4380206070439,2839.0285061989503,6294.356801388893,1850.820263809672,4747.2271103895855,0.0,555.0213508494294,600.7683786737218,1194.1827841772933,5320.390062596011,7824.092505701884,809.1283818210037,5939.990879431222,2658.7704631799684
carcinoma_FA_HN14_3_linfoides.csv,2735.274132252644,592.7696566420641,630.8648048118636,2045.1741331233754,308.78457602105595,753.7520447924405,3081.648852589684,2083.850384298772,4763.681564623352,2032.0468292897226,7152.411972264958,1830.849991969732,398.61884959887,2996.298431546892,4580.960001308762,3553.925372705287,595.5182406288664,1083.8022347287954,1525.7063205686143,2481.666509227821,4510.520261758589,2692.9077957191735,2576.6412990738836,646.4934423381108,3889.1726160791145,2516.031168783466,544.0353657441444,2455.053079946985,3208.7101343954537,881.2546363550623,925.635245394644,1848.1263610894473,469.6437948378582,1591.4338217791571,2869.5521115731244,6018.637955058928,1975.8316251585763,4627.680121530059,555.0213508494294,0.0,409.8376005083824,1318.8982850591422,5109.97017816404,7553.669877041055,567.3001911150952,5665.365803447474,2640.459343714281
dysplasia_FA_HN15_2_linfoides.csv,3072.4802693789366,736.8280452127649,513.1976000618437,2397.550270884321,394.20801388756166,1079.1529679470013,3267.992650936158,2266.038138283396,4903.004902540881,2325.741550024978,7291.790530191304,2172.868382971468,349.3765553771432,3185.526834403168,4734.314527171443,3711.140591292217,933.7331111162478,1339.0735247193484,1874.3164036748724,2830.428627039717,4817.152994901544,2972.7009575204315,2761.3009652074797,512.8562044517448,4059.323333823859,2819.692137204928,412.5846733259522,2803.0948850540826,3385.4762309888224,1166.0416083365988,1271.094709413617,2176.4639507354104,555.9005100663027,1446.2624989897322,3177.162840810438,6163.76304594642,2309.2258043726683,4797.429387516132,600.7683786737218,409.8376005083824,0.0,1670.6418930068132,5255.097895815935,7699.9654586868,584.965925636886,5803.969453955313,2925.4139412952627
stroma_ad_carcinoma_FA_HN15_3_linfoides.csv,1804.1780638698044,1117.607847777991,1440.6213070275571,906.568031348142,1525.7993363346918,863.5244356592189,2955.630460573002,2027.8502959700502,5181.2340887137,1700.5597206956847,7892.205342259446,813.2169167346523,1667.0649471984639,2606.951809062606,4588.899328272261,3598.926460370746,1150.612253174187,599.5998502299349,619.6411155432055,1558.3564698109803,4513.309635554423,2034.6364510371702,2477.218759926207,1856.8849699670927,3874.479071675026,2025.489520891803,1680.9224749913828,1237.8673305529423,3215.503584622843,885.7798837648497,678.0462594995467,1302.896459754972,1325.4634345315899,1521.221324531103,2230.0637900035613,6529.292490351539,797.9168869583991,4648.175122672009,1194.1827841772933,1318.8982850591422,1670.6418930068132,0.0,5350.096572295813,8167.708584831886,1663.9402841612214,6163.120752200771,2111.4025336223713
