,carcinoma_FA_HN11A_3_total.csv,stroma_ad_dysplasia_FA_HN11A_2_total.csv,stroma_ad_dysplasia_FA_HN15_5_total.csv,stroma_ad_carcinoma_FA_HN11A_1_total.csv,stroma_ad_dysplasia_FA_HN15_2_total.csv,stroma_ad_carcinoma_FA_HN11A_2_total.csv,dysplasia_FA_HN15_2_total.csv,stroma_ad_dysplasia_FA_HN15_4_total.csv,carcinoma_FA_HN14_4_total.csv,stroma_ad_carcinoma_FA_HN14_5_total.csv,carcinoma_FA_HN11A_1_total.csv,dysplasia_FA_HN15_3_total.csv,stroma_ad_dysplasia_FA_HN14_2_total.csv,carcinoma_FA_HN11A_4_total.csv,carcinoma_FA_HN15_1_total.csv,carcinoma_FA_HN14_2_total.csv,dysplasia_FA_HN11A_3_total.csv,carcinoma_FA_HN11A_5_total.csv,stroma_ad_carcinoma_FA_HN15_4_total.csv,stroma_ad_dysplasia_FA_HN14_4_total.csv,dysplasia_FA_HN11A_2_total.csv,stroma_ad_dysplasia_FA_HN15_1_total.csv,dysplasia_FA_HN11A_5_total.csv,dysplasia_FA_HN14_2_total.csv,dysplasia_FA_HN15_5_total.csv,stroma_ad_dysplasia_FA_HN11A_3_total.csv,carcinoma_FA_HN11A_2_total.csv,carcinoma_FA_HN14_3_total.csv,stroma_ad_dysplasia_FA_HN11A_5_total.csv,stroma_ad_carcinoma_FA_HN14_3_total.csv,stroma_ad_carcinoma_FA_HN15_3_total.csv,stroma_ad_dysplasia_FA_HN11A_4_total.csv,stroma_ad_dysplasia_FA_HN14_1_total.csv,stroma_ad_carcinoma_FA_HN14_2_total.csv,dysplasia_FA_HN11A_4_total.csv,stroma_ad_dysplasia_FA_HN15_3_total.csv,dysplasia_FA_HN11A_1_total.csv,stroma_ad_dysplasia_FA_HN11A_1_total.csv,carcinoma_FA_HN14_1_total.csv,stroma_ad_carcinoma_FA_HN14_1_total.csv,dysplasia_FA_HN14_1_total.csv,dysplasia_FA_HN15_1_total.csv,stroma_ad_carcinoma_FA_HN14_4_total.csv,stroma_ad_carcinoma_FA_HN15_1_total.csv,stroma_ad_carcinoma_FA_HN15_2_total.csv,stroma_ad_dysplasia_FA_HN14_3_total.csv,carcinoma_FA_HN15_2_total.csv
carcinoma_FA_HN11A_3_total.csv,9.869913535274767e-309,249.46318709870198,249.46318709870198,240.92040090793756,226.36558175930446,241.68669499539658,158.0741007115918,226.36558175930446,182.63902807158257,240.92040090793756,209.70345862703476,288.46786059195983,249.46318709870198,221.5400634849452,178.95680241142435,106.4014018101721,164.5465533473178,212.05394329467356,249.46318709870198,249.46318709870198,229.09530740377554,249.46318709870198,216.89143369316594,240.92040090793756,129.92185113544005,249.46318709870198,164.42498882308615,172.9401273481371,249.46318709870198,249.46318709870198,226.36558175930446,240.92040090793756,189.67470337945704,240.92040090793756,163.7921789311775,187.52423812507226,249.46318709870198,249.46318709870198,175.70591960358513,240.92040090793753,242.7999933512422,142.4245599240739,230.82693583015788,189.8423833771871,249.46318709870198,193.0710113768992,140.07791002447988
stroma_ad_dysplasia_FA_HN11A_2_total.csv,249.46318709870198,7.328919085643337e-309,33.878661762837,162.78764519445005,153.14682107023253,107.62904457821494,255.6561268307941,131.16214877083985,227.690901233521,160.5227841157637,237.87888111520562,393.69711739468187,80.8534444623819,360.23321884117456,232.74705403968542,244.46297519676966,181.61602247053992,229.77891032936853,72.3121558320178,90.21417553075608,175.7291636143359,19.343926543936075,162.1538987696555,136.02865026865777,283.8290672218435,90.5522273020884,212.29736825593451,176.4872614901901,24.121279072076216,17.118637078999114,131.67014116677376,165.520849625316,178.67839804217962,149.5535207540737,239.59217144021568,168.8253084085506,54.693834495964495,24.04352233120505,177.70097413973278,205.18438463144554,115.9635008318859,266.89969561156863,130.6301214712342,224.32840438504994,73.24931059547924,156.07233059992308,240.64659868707827
stroma_ad_dysplasia_FA_HN15_5_total.csv,249.46318709870198,33.878661762837,5.619087231358254e-309,144.09007507295806,124.80842682452302,75.75446388606534,255.6561268307941,97.28348700800284,227.690901233521,139.56035291558533,237.87888111520562,393.69711739468187,47.84559666460819,360.23321884117456,232.74705403968542,244.46297519676966,181.61602247053992,229.77891032936853,47.96962447021559,56.33551376791908,169.97311191272973,35.44734125794426,158.81117016094652,104.15406957650818,283.8290672218435,58.67764660993879,212.29736825593451,171.48930766443812,46.85006791131465,45.473677808282744,99.79556047462418,149.55648393468996,175.8715807684172,117.67894006192412,239.59217144021568,156.16540150115912,22.819253803814885,25.2655477437296,173.91673296352351,205.18438463144554,95.89281637061714,266.89969561156863,96.75145970839719,224.32840438504994,50.50435521180128,130.6594458839041,240.64659868707827
stroma_ad_carcinoma_FA_HN11A_1_total.csv,240.92040090793756,162.78764519445005,144.09007507295806,8.51981276126322e-309,49.400062975503545,68.33561118689272,238.62683999688443,53.0748528891159,191.5620650585961,42.454524469675455,150.1824718415111,393.69711739468187,110.90421778355847,360.23321884117456,139.91881769047072,227.23240405688102,146.733360338585,133.98253026983696,106.54323580110412,97.46354469791567,51.62073080341861,156.6207292211716,114.60253604205957,57.27031601975272,242.08284405478696,85.41242846301925,210.17726604955362,105.31179250708422,156.28150804921114,162.78764519445005,50.91397600511323,67.69254665820759,88.57655642826765,60.52876040491779,218.08882839732996,109.47557893863437,121.27082126914317,162.78764519445005,98.74201100264969,84.79347887399096,69.44890954273835,218.2928581633832,57.47585202165402,123.08151838119976,116.5787840874128,90.30137051851952,206.72161175906308
stroma_ad_dysplasia_FA_HN15_2_total.csv,226.36558175930446,153.14682107023253,124.80842682452302,49.400062975503545,6.678468407669295e-309,89.81308390462023,218.37075142999333,35.26029131426301,178.31487867826354,57.54230361605241,169.46412008994616,393.69711739468187,91.62256953512343,360.23321884117456,159.20046593890578,195.58187954998652,123.71195047816775,153.264178518272,87.26158755266908,78.18189644948063,45.16468508820674,137.33908097273653,65.20247306655602,54.319301516985654,261.36449230322194,69.5321325782649,161.47160353533172,109.1411383408306,136.9998598007761,153.14682107023253,39.31817602281682,79.71568537434298,92.40590226201402,76.18459494731147,177.2947282308844,93.17975976637177,106.65822075720592,150.07397456825262,93.41664796548713,104.075127122426,58.723181606791,227.50574908267222,42.644250701683404,142.3631666296348,97.29713583897775,84.7372864784794,174.99955523369147
stroma_ad_carcinoma_FA_HN11A_2_total.csv,241.68669499539658,107.62904457821494,75.75446388606534,68.33561118689272,89.81308390462023,2.223178856714128e-308,254.07257445958084,93.48787381823259,198.14212326503463,63.80588902952002,218.51808302840385,393.69711739468187,43.17916950977465,360.23321884117456,208.25442887736344,231.68627119153192,178.10811296342848,202.31814145672968,38.2076246142114,52.539900578148824,94.21864802666443,88.28511803427887,155.01555697117627,77.17395179140905,283.8290672218435,52.339534439726776,210.17726604955365,141.57652343245934,87.94589686231842,105.27342362509631,91.32699693422992,73.80202004862463,128.29537631997346,52.07187435074899,221.94466367842398,125.24671903164752,52.93521008225045,101.02001162979492,137.06503755313463,153.1290900608837,78.95345449951343,266.89969561156863,92.95584651862694,191.4171295680925,48.24317290052008,119.69994577982058,224.05351817214915
dysplasia_FA_HN15_2_total.csv,158.0741007115918,255.6561268307941,255.6561268307941,238.62683999688443,218.37075142999333,254.07257445958084,7.076181256494296e-309,238.68748895655696,91.21122639477403,238.62683999688443,181.9503298910048,311.6924583616146,255.6561268307941,209.15418402076097,167.48710914441978,99.3604756587412,148.08020872050838,146.95063983550168,255.6561268307941,255.6561268307941,224.5081855816693,255.6561268307941,187.0044561222772,236.60135536980283,130.37784101298124,255.6561268307941,102.96689625285575,166.60731190215418,255.6561268307941,255.6561268307941,230.031477871022,238.62683999688443,179.88845901464006,238.62683999688446,118.39270309237423,182.93711630296605,255.6561268307941,255.6561268307941,171.1187977814789,238.62683999688443,255.18587281542645,40.66796366700253,243.21281529434214,185.2552615550809,255.6561268307941,199.16759246174206,89.04822842704391
stroma_ad_dysplasia_FA_HN15_4_total.csv,226.36558175930446,131.16214877083985,97.28348700800284,53.0748528891159,35.26029131426301,93.48787381823259,238.68748895655696,1.5861114032992806e-308,182.75703776201075,83.57814167158853,203.13299752538,393.69711739468187,76.10337531400995,360.23321884117456,192.86934337433962,216.30118568850807,110.02567548150503,186.93305595370583,67.9921544173475,44.51301901404679,78.83356252364057,131.27885923869394,61.527683152943666,42.44358801330602,283.8290672218435,64.26796199150068,157.79681362171937,80.34975827534896,131.27885923869397,131.27885923869394,42.72037192290101,98.97577291240171,84.732031379328,98.97577291240171,206.5595781754001,84.36835327290126,110.33301067081827,116.40509713281878,82.77718357443432,137.74400455785982,46.91287794211685,261.17462651810604,69.80073624366185,176.03204406506865,63.628258403543924,89.71564911976587,208.66843266912528
carcinoma_FA_HN14_4_total.csv,182.63902807158257,227.690901233521,227.690901233521,191.5620650585961,178.31487867826354,198.14212326503463,91.21122639477403,182.75703776201075,1.5424885310376327e-308,191.5620650585961,154.59058418078283,332.01243232232173,227.690901233521,265.0846352153071,109.34976901000755,87.46748166292127,92.14975752596217,142.44690989325676,227.690901233521,227.27005677605757,163.84728624563908,227.690901233521,156.64277134952118,169.74251757459177,142.34339886462848,215.21894054116115,101.64782892554372,103.33309394672033,227.690901233521,227.690901233521,174.10102667647578,181.44923202551337,120.06766997804027,191.56206505859606,108.45033051722484,117.73118564994081,227.690901233521,227.690901233521,102.1257200516776,191.56206505859606,199.25542162088027,78.41758875609531,187.2823640997959,109.64753340420657,227.690901233521,143.23714126719585,72.17081082539667
stroma_ad_carcinoma_FA_HN14_5_total.csv,240.92040090793756,160.5227841157637,139.56035291558533,42.454524469675455,57.54230361605241,63.80588902952002,238.62683999688443,83.57814167158853,191.5620650585961,1.559108797837495e-308,154.71219399888383,393.69711739468187,106.37449562618575,360.23321884117456,144.44853984784345,227.23240405688102,130.11160298359772,138.51225242720966,102.01351364373141,92.93382254054295,62.069959909024604,152.09100706379886,97.98077868707233,66.53062944330964,246.61256621215966,80.88270630564656,194.24990915584803,111.23211220388109,151.75178589183844,160.5227841157637,83.15336986067297,53.70415550839627,120.70838513101978,43.14410362874684,210.0730338514007,102.98470517812922,116.74109911177045,160.5227841157637,95.50762182853762,89.32320103136367,80.56963029685932,212.75382299160992,52.94612986428132,127.61124053857247,112.04906193004008,123.39235827931265,196.31001166042054
carcinoma_FA_HN11A_1_total.csv,209.70345862703476,237.87888111520562,237.87888111520562,150.1824718415111,169.46412008994616,218.51808302840385,181.9503298910048,203.13299752538,154.59058418078283,154.71219399888383,6.0135122920979e-309,345.61185081348174,237.87888111520562,244.70867545193795,52.909681155501204,159.16145801099796,112.5257172893314,37.293663248509404,237.87888111520562,237.87888111520562,124.29943500173943,237.87888111520562,151.4499646911002,190.118477337961,161.77775032512676,235.59490030453037,125.05118199634319,122.78323925003104,237.87888111520562,237.87888111520562,194.476986439845,144.71606297977922,118.40096614605199,176.59360685254507,140.87430669189587,138.10714541331004,237.87888111520562,237.87888111520562,120.35581395094566,85.06706756377584,219.63138138424947,141.28236622400226,207.65832386316515,68.72118948981745,237.87888111520562,163.61310103056508,120.901127244571
dysplasia_FA_HN15_3_total.csv,288.46786059195983,393.69711739468187,393.69711739468187,393.69711739468187,393.69711739468187,393.69711739468187,311.6924583616146,393.69711739468187,332.01243232232173,393.69711739468187,345.61185081348174,5.663728925488645e-309,393.69711739468187,273.79316436009674,345.6118508134817,298.4682843958244,393.69711739468187,345.61185081348174,393.69711739468187,393.69711739468187,393.69711739468187,393.69711739468187,393.69711739468187,393.69711739468187,269.0587428272727,393.69711739468187,362.79949827749476,393.69711739468187,393.69711739468187,393.69711739468187,393.69711739468187,393.69711739468187,393.69711739468187,393.69711739468187,308.2098919089324,393.69711739468187,393.69711739468187,393.69711739468187,393.69711739468187,377.02546552647266,393.69711739468187,320.02925523783057,393.69711739468187,345.61185081348174,393.69711739468187,393.69711739468187,306.1010374152072
stroma_ad_dysplasia_FA_HN14_2_total.csv,249.46318709870198,80.8534444623819,47.84559666460819,110.90421778355847,91.62256953512343,43.17916950977465,255.6561268307941,76.10337531400995,227.690901233521,106.37449562618575,237.87888111520562,393.69711739468187,2.151951642746951e-308,360.23321884117456,232.74705403968542,244.46297519676966,148.5609723357382,229.77891032936853,55.31222009984115,43.453223948375665,136.78725462333017,82.42212395748915,111.8363874614016,85.86279997077395,283.8290672218435,25.491789320539198,209.9236639065274,138.30345037503852,94.69566457592285,92.44846050782763,84.17824598347417,116.37062664529037,142.6857234790176,84.49308277252452,239.59217144021568,122.97954421175956,60.024306362360335,69.27496735622779,140.7308756741239,195.69769665754944,81.59450641966052,266.89969561156863,53.428365761904445,224.32840438504994,55.24574064260149,123.39235827931263,240.64659868707827
carcinoma_FA_HN11A_4_total.csv,221.5400634849452,360.23321884117456,360.23321884117456,360.23321884117456,360.23321884117456,360.23321884117456,209.15418402076097,360.23321884117456,265.0846352153071,360.23321884117456,244.70867545193795,273.79316436009674,360.23321884117456,1.195589071123184e-308,254.97232960297833,231.54048728880986,357.2343927412693,260.90861702361207,360.23321884117456,360.23321884117456,360.23321884117456,360.23321884117456,360.23321884117456,360.23321884117456,152.8083032386621,360.23321884117456,295.87170117048015,360.23321884117456,360.23321884117456,360.23321884117456,360.23321884117456,360.23321884117456,360.23321884117456,360.23321884117456,241.28209480191782,360.23321884117456,360.23321884117456,360.23321884117456,360.23321884117456,310.09766841945805,360.23321884117456,186.66704645921186,360.23321884117456,271.8096289122493,360.23321884117456,360.23321884117456,239.17324030819265
carcinoma_FA_HN15_1_total.csv,178.95680241142435,232.74705403968542,232.74705403968542,139.91881769047072,159.20046593890578,208.25442887736344,167.48710914441978,192.86934337433962,109.34976901000755,144.44853984784345,52.909681155501204,345.6118508134817,232.74705403968542,254.97232960297833,2.110294076315857e-308,144.69823726441294,102.262063138291,33.09714088324923,232.74705403968542,232.74705403968542,114.03578085069903,232.74705403968542,141.18631054005982,179.8548231869206,138.84630450818256,225.33124615348999,110.58796124975817,112.51958509899065,232.74705403968542,232.74705403968542,184.21333228880462,134.45240882873884,108.13731199501159,166.32995270150468,126.41108594531084,127.84349126226965,232.74705403968542,232.74705403968542,110.09215979990529,112.27732850259548,209.36772723320908,126.81914547741724,197.39466971212477,57.99967598299011,232.74705403968542,153.3494468795247,118.84566221365645
carcinoma_FA_HN14_2_total.csv,106.4014018101721,244.46297519676966,244.46297519676966,227.23240405688102,195.58187954998652,231.68627119153192,99.3604756587412,216.30118568850807,87.46748166292127,227.23240405688102,159.16145801099796,298.4682843958244,244.46297519676966,231.54048728880986,144.69823726441294,5.805827389489116e-309,125.69390545245949,136.69395192625274,244.46297519676966,244.46297519676966,201.7193137016625,244.46297519676966,164.6181528542283,213.81248348979602,78.73218405014774,244.46297519676966,105.49360303603363,143.81844002214737,244.46297519676966,244.46297519676966,207.6451746029731,223.69648216942517,157.09958713463325,227.23240405688102,104.86079314412498,160.14824442295924,244.46297519676966,244.46297519676966,148.3299259014721,221.7993109003964,232.7995695473776,109.47919459092913,220.82651202629324,162.46638967507408,244.46297519676966,176.78128919369314,59.64288794648518
dysplasia_FA_HN11A_3_total.csv,164.5465533473178,181.61602247053992,181.61602247053992,146.733360338585,123.71195047816775,178.10811296342848,148.08020872050838,110.02567548150503,92.14975752596217,130.11160298359772,112.5257172893314,393.69711739468187,148.5609723357382,357.2343927412693,102.262063138291,125.69390545245949,1.502244052681169e-308,96.32577571765722,161.65066186681656,135.1202992500954,103.47073151475742,181.61602247053992,94.22715480869624,115.56390130289094,204.42608950260723,134.8068468279749,64.13830617225028,47.20946171063136,181.61602247053992,181.61602247053992,95.81938433347176,147.10707040785107,68.80220018685519,147.1070704078511,115.95229793935152,61.899662236054155,178.10811296342848,181.61602247053992,71.80425191208619,128.53893649505437,108.85715538842301,170.56734628205749,145.41001394258387,85.42476382902004,157.20696979888555,67.4464354878811,118.0611524330767
carcinoma_FA_HN11A_5_total.csv,212.05394329467356,229.77891032936853,229.77891032936853,133.98253026983696,153.264178518272,202.31814145672968,146.95063983550168,186.93305595370583,142.44690989325676,138.51225242720966,37.293663248509404,345.61185081348174,229.77891032936853,260.90861702361207,33.09714088324923,136.69395192625274,96.32577571765722,1.202593286581957e-308,229.77891032936853,229.77891032936853,108.09949343006525,229.77891032936853,135.25002311942603,173.9185357662868,171.9434453914318,219.3949587328562,90.0514919408401,106.58329767835687,229.77891032936853,229.77891032936853,178.27704486817083,128.51612140810502,102.2010245743778,160.3936652808709,148.592061579884,121.90720384163586,229.77891032936853,229.77891032936853,104.1558723792715,97.6375429449015,203.4314398125753,106.28267616849917,191.45838229149098,40.30073535316051,229.77891032936853,147.4131594588909,151.94280309690566
stroma_ad_carcinoma_FA_HN15_4_total.csv,249.46318709870198,72.3121558320178,47.96962447021559,106.54323580110412,87.26158755266908,38.2076246142114,255.6561268307941,67.9921544173475,227.690901233521,102.01351364373141,237.87888111520562,393.69711739468187,55.31222009984115,360.23321884117456,232.74705403968542,244.46297519676966,161.65066186681656,229.77891032936853,1.274312844783767e-308,27.044181177263734,132.42627264087582,65.55059260758378,129.51983757029114,66.60723030465424,283.8290672218435,68.93796459228415,210.17726604955365,133.9424683925842,79.161753876113,74.76501039893809,65.83127753334483,112.00964466283602,138.32474149656326,80.13210079007018,239.59217144021568,118.6185622293052,53.872996744012504,62.81238701558354,136.36989369166957,191.33671467509507,65.65831210412534,266.89969561156863,67.46012711774185,224.32840438504994,22.11324836157258,94.20422637893549,240.64659868707827
stroma_ad_dysplasia_FA_HN14_4_total.csv,249.46318709870198,90.21417553075608,56.33551376791908,97.46354469791567,78.18189644948063,52.539900578148824,255.6561268307941,44.51301901404679,227.27005677605757,92.93382254054295,237.87888111520562,393.69711739468187,43.453223948375665,360.23321884117456,232.74705403968542,244.46297519676966,135.1202992500954,229.77891032936853,27.044181177263734,1.327137838920981e-308,123.34658153768737,91.78285502586334,102.47565639302744,66.30094484773761,283.8290672218435,48.717816248659055,198.7447868618031,124.86277728939574,95.87045773794975,101.80919157620181,53.16903009958178,102.92995355964757,129.2450503933748,71.05240968688173,239.59217144021568,109.53887112611675,69.3850374307345,71.89207811877199,127.29020258848111,182.25702357190661,61.932175193461035,266.89969561156863,40.41594594047811,220.54506307911544,28.370383480120093,94.20540281675162,240.64659868707827
dysplasia_FA_HN11A_2_total.csv,229.09530740377554,175.7291636143359,169.97311191272973,51.62073080341861,45.16468508820674,94.21864802666443,224.5081855816693,78.83356252364057,163.84728624563908,62.069959909024604,124.29943500173943,393.69711739468187,136.78725462333017,360.23321884117456,114.03578085069903,201.7193137016625,103.47073151475742,108.09949343006525,132.42627264087582,123.34658153768737,1.1904745335693014e-308,175.7291636143359,71.33990721823201,65.81904233622157,216.19980721501523,111.29546530279097,167.6090376870077,89.14357978080365,175.7291636143359,175.7291636143359,70.17755143810557,85.47636433535533,70.12562148866041,80.38002459360665,183.43216238256036,70.89947899301816,147.15385810891487,175.7291636143359,71.13636719213352,58.910442034219265,95.33194638251007,183.84022191466678,83.35888886142573,97.19848154142807,142.46182092718448,82.0131714293332,163.4589829352355
stroma_ad_dysplasia_FA_HN15_1_total.csv,249.46318709870198,19.343926543936075,35.44734125794426,156.6207292211716,137.33908097273653,88.28511803427887,255.6561268307941,131.27885923869394,227.690901233521,152.09100706379886,237.87888111520562,393.69711739468187,82.42212395748915,360.23321884117456,232.74705403968542,244.46297519676966,181.61602247053992,229.77891032936853,65.55059260758378,91.78285502586334,175.7291636143359,2.031885853777566e-308,162.0427008151658,116.68472372472172,283.8290672218435,91.58248888744127,212.29736825593451,176.4872614901901,19.56153494639619,16.988305590817447,130.1984207966926,162.08713808290346,178.67839804217962,130.20959421013762,239.59217144021568,168.69605564937268,35.34990795202841,25.61220182631231,177.70097413973278,205.18438463144554,120.5124023676685,266.89969561156863,131.01284558889114,224.32840438504994,69.18236591653061,144.38489521948793,240.64659868707827
dysplasia_FA_HN11A_5_total.csv,216.89143369316594,162.1538987696555,158.81117016094652,114.60253604205957,65.20247306655602,155.01555697117627,187.0044561222772,61.527683152943666,156.64277134952118,97.98077868707233,151.4499646911002,393.69711739468187,111.8363874614016,360.23321884117456,141.18631054005982,164.6181528542283,94.22715480869624,135.25002311942603,129.51983757029114,102.47565639302744,71.33990721823201,162.0427008151658,1.223715175997457e-308,83.43307700636551,243.35033690437604,102.67602253144948,100.286938972558,81.45742841015883,162.0427008151658,162.1538987696555,63.68856003694634,93.3170756859947,62.921106592542515,111.3309288024368,154.8765453411203,63.69496409690026,162.0427008151658,162.1538987696555,63.93185229601562,91.41990441696589,76.7263310918976,209.4915936838263,62.059710452549325,124.34901123078885,125.07614550236016,67.4027493590392,156.9853998348455
dysplasia_FA_HN14_2_total.csv,240.92040090793756,136.02865026865777,104.15406957650818,57.27031601975272,54.319301516985654,77.17395179140905,236.60135536980283,42.44358801330602,169.74251757459177,66.53062944330964,190.118477337961,393.69711739468187,85.86279997077395,360.23321884117456,179.8548231869206,213.81248348979602,115.56390130289094,173.9185357662868,66.60723030465424,66.30094484773761,65.81904233622157,116.68472372472172,83.43307700636551,8.569984068872276e-309,282.0188495512368,85.88511533479783,179.70220747514122,69.99404346764862,119.7633575413088,133.67302931553917,39.82928368014598,110.00987821755899,85.90881245054216,109.67473307205648,195.5253321706939,53.664239066836785,103.5377574597265,129.41961732023776,69.76266338701531,124.72948437044084,40.959129929339746,248.16010633068709,80.63086835247228,163.01752387764964,76.64277859096292,91.27675874712787,195.6539124817063
dysplasia_FA_HN15_5_total.csv,129.92185113544005,283.8290672218435,283.8290672218435,242.08284405478696,261.36449230322194,283.8290672218435,130.37784101298124,283.8290672218435,142.34339886462848,246.61256621215966,161.77775032512676,269.0587428272727,283.8290672218435,152.8083032386621,138.84630450818256,78.73218405014774,204.42608950260723,171.9434453914318,283.8290672218435,283.8290672218435,216.19980721501523,283.8290672218435,243.35033690437604,282.0188495512368,1.355895787626458e-308,283.8290672218435,143.063397931818,214.68361146330687,283.8290672218435,283.8290672218435,283.8290672218435,236.61643519305505,210.30133835932781,268.4939790658209,100.8109506079356,230.00751762658584,283.8290672218435,283.8290672218435,212.2561861642215,206.31033280768358,283.8290672218435,130.37784101298124,283.8290672218435,133.05006481307873,283.8290672218435,255.5134732438409,99.78228081752576
stroma_ad_dysplasia_FA_HN11A_3_total.csv,249.46318709870198,90.5522273020884,58.67764660993879,85.41242846301925,69.5321325782649,52.339534439726776,255.6561268307941,64.26796199150068,215.21894054116115,80.88270630564656,235.59490030453037,393.69711739468187,25.491789320539198,360.23321884117456,225.33124615348999,244.46297519676966,134.8068468279749,219.3949587328562,68.93796459228415,48.717816248659055,111.29546530279097,91.58248888744127,102.67602253144948,85.88511533479783,283.8290672218435,1.065719981773152e-308,198.94515300022516,130.35488884912397,104.82043673765313,101.60882543777977,85.43547767288638,90.87883732475117,117.19393415847841,59.00129345198533,239.0214809545505,97.48775489122035,70.00973449215056,83.94319435366839,115.23908635358472,170.20590733701022,87.69758775668745,266.89969561156863,40.616312078900165,208.49394684421904,71.09579139878825,119.76335754130879,240.64659868707827
carcinoma_FA_HN11A_2_total.csv,164.42498882308615,212.29736825593451,212.29736825593451,210.17726604955362,161.47160353533172,210.17726604955365,102.96689625285575,157.79681362171937,101.64782892554372,194.24990915584803,125.05118199634319,362.79949827749476,209.9236639065274,295.87170117048015,110.58796124975817,105.49360303603363,64.13830617225028,90.0514919408401,210.17726604955365,198.7447868618031,167.6090376870077,212.29736825593451,100.286938972558,179.70220747514122,143.063397931818,198.94515300022516,1.721778074247509e-308,109.7081640074926,212.29736825593451,212.29736825593451,159.95769050572204,189.58620615477037,122.98931111997848,207.60005927121247,65.5344485609056,126.03796840830442,212.29736825593451,212.29736825593451,114.21964988681731,187.6890348857416,172.99546156067328,111.19643081854105,158.32884092132502,128.35611366041928,212.29736825593451,131.58474166013139,68.88519007792728
carcinoma_FA_HN14_3_total.csv,172.9401273481371,176.4872614901901,171.48930766443812,105.31179250708422,109.1411383408306,141.57652343245934,166.60731190215418,80.34975827534896,103.33309394672033,111.23211220388109,122.78323925003104,393.69711739468187,138.30345037503852,360.23321884117456,112.51958509899065,143.81844002214737,47.20946171063136,106.58329767835687,133.9424683925842,124.86277728939574,89.14357978080365,176.4872614901901,81.45742841015883,69.99404346764862,214.68361146330687,130.35488884912397,109.7081640074926,8.350786233559533e-309,176.4872614901901,176.4872614901901,71.69374718981396,139.8216643391825,72.78266598174721,139.8216643391825,126.20981990005116,54.26381564342901,155.32318404580735,176.4872614901901,36.81375850396833,134.2679653656611,96.84814213421845,180.82486824275713,130.83920180524672,95.68228578971969,143.97801667889289,81.82994557425567,128.31867439377632
stroma_ad_dysplasia_FA_HN11A_5_total.csv,249.46318709870198,24.121279072076216,46.85006791131465,156.28150804921114,136.9998598007761,87.94589686231842,255.6561268307941,131.27885923869397,227.690901233521,151.75178589183844,237.87888111520562,393.69711739468187,94.69566457592285,360.23321884117456,232.74705403968542,244.46297519676966,181.61602247053992,229.77891032936853,79.161753876113,95.87045773794975,175.7291636143359,19.56153494639619,162.0427008151658,119.7633575413088,283.8290672218435,104.82043673765313,212.29736825593451,176.4872614901901,1.41329369838974e-308,17.32752676277789,130.1984207966926,161.74791691094305,178.67839804217962,129.8703730381772,239.59217144021568,168.35683447741224,35.010686780067964,26.621146363277433,177.70097413973278,205.18438463144554,123.4109105923261,266.89969561156863,131.01284558889114,224.32840438504994,88.21852052863933,144.38489521948793,240.64659868707827
stroma_ad_carcinoma_FA_HN14_3_total.csv,249.46318709870198,17.118637078999114,45.473677808282744,162.78764519445005,153.14682107023253,105.27342362509631,255.6561268307941,131.27885923869394,227.690901233521,160.5227841157637,237.87888111520562,393.69711739468187,92.44846050782763,360.23321884117456,232.74705403968542,244.46297519676966,181.61602247053992,229.77891032936853,74.76501039893809,101.80919157620181,175.7291636143359,16.988305590817447,162.1538987696555,133.67302931553917,283.8290672218435,101.60882543777977,212.29736825593451,176.4872614901901,17.32752676277789,1.059561669201289e-308,130.19842079669263,165.520849625316,178.67839804217962,147.1978998009551,239.59217144021568,168.8253084085506,52.338213542845864,35.63853837665079,177.70097413973278,205.18438463144554,123.67953526921698,266.89969561156863,131.01284558889114,224.32840438504994,79.20870246686908,156.07233059992308,240.64659868707827
stroma_ad_carcinoma_FA_HN15_3_total.csv,226.36558175930446,131.67014116677376,99.79556047462418,50.91397600511323,39.31817602281682,91.32699693422992,230.031477871022,42.72037192290101,174.10102667647578,83.15336986067297,194.476986439845,393.69711739468187,84.17824598347417,360.23321884117456,184.21333228880462,207.6451746029731,95.81938433347176,178.27704486817083,65.83127753334483,53.16903009958178,70.17755143810557,130.1984207966926,63.68856003694634,39.82928368014598,283.8290672218435,85.43547767288638,159.95769050572204,71.69374718981396,130.1984207966926,130.19842079669263,1.6804337749185567e-308,97.00329518194741,76.07602029379302,97.6686207458217,197.90356708986513,68.61344397707661,108.1721337868156,125.06110821835377,74.12117248889932,129.08799347232483,27.406712706420087,252.51861543257107,69.95434848832369,167.37603297953365,72.28426948907892,53.45660417389529,200.0124215835903
stroma_ad_dysplasia_FA_HN11A_4_total.csv,240.92040090793756,165.520849625316,149.55648393468996,67.69254665820759,79.71568537434298,73.80202004862463,238.62683999688443,98.97577291240171,181.44923202551337,53.70415550839627,144.71606297977922,393.69711739468187,116.37062664529037,360.23321884117456,134.45240882873884,223.69648216942517,147.10707040785107,128.51612140810502,112.00964466283602,102.92995355964757,85.47636433535533,162.08713808290346,93.3170756859947,110.00987821755899,236.61643519305505,90.87883732475117,189.58620615477037,139.8216643391825,161.74791691094305,165.520849625316,97.00329518194741,1.607653482325967e-308,131.4540462997742,31.87754387276584,205.40933085032307,131.84097505195308,126.73723013087508,165.520849625316,131.9594191515108,79.32707001225907,114.51831097823775,205.81739038242944,62.94226088338593,123.49111197616028,122.0451929491447,127.61973840800692,190.94512522916224
stroma_ad_dysplasia_FA_HN14_1_total.csv,189.67470337945704,178.67839804217962,175.8715807684172,88.57655642826765,92.40590226201402,128.29537631997346,179.88845901464006,84.732031379328,120.06766997804027,120.70838513101978,118.40096614605199,393.69711739468187,142.6857234790176,360.23321884117456,108.13731199501159,157.09958713463325,68.80220018685519,102.2010245743778,138.32474149656326,129.2450503933748,70.12562148866041,178.67839804217962,62.921106592542515,85.90881245054216,210.30133835932781,117.19393415847841,122.98931111997848,72.78266598174721,178.67839804217962,178.67839804217962,76.07602029379302,131.4540462997742,1.348419427261074e-308,131.4540462997742,138.81243581553116,62.27864683665458,153.0523269646023,178.67839804217962,77.91734498019986,120.87702536633662,101.23041523819751,176.44259513877807,114.10396572643015,91.30001268574063,148.36028978287192,110.21262815980532,129.56356318168915
stroma_ad_carcinoma_FA_HN14_2_total.csv,240.92040090793756,149.5535207540737,117.67894006192412,60.52876040491779,76.18459494731147,52.07187435074899,238.62683999688446,98.97577291240171,191.56206505859606,43.14410362874684,176.59360685254507,393.69711739468187,84.49308277252452,360.23321884117456,166.32995270150468,227.23240405688102,147.1070704078511,160.3936652808709,80.13210079007018,71.05240968688173,80.38002459360665,130.20959421013762,111.3309288024368,109.67473307205648,268.4939790658209,59.00129345198533,207.60005927121247,139.8216643391825,129.8703730381772,147.1978998009551,97.6686207458217,31.87754387276584,131.4540462997742,9.262624961693915e-309,218.08882839732996,131.8409750519531,94.85968625810922,142.9444878056537,131.9594191515108,111.20461388502491,101.55630442268162,234.63523584527115,56.576853425963066,149.49265339223368,90.16764907637886,126.37684284328799,203.4500045194403
dysplasia_FA_HN11A_4_total.csv,163.7921789311775,239.59217144021568,239.59217144021568,218.08882839732996,177.2947282308844,221.94466367842398,118.39270309237423,206.5595781754001,108.45033051722484,210.0730338514007,140.87430669189587,308.2098919089324,239.59217144021568,241.28209480191782,126.41108594531084,104.86079314412498,115.95229793935152,148.592061579884,239.59217144021568,239.59217144021568,183.43216238256036,239.59217144021568,154.8765453411203,195.5253321706939,100.8109506079356,239.0214809545505,65.5344485609056,126.20981990005116,239.59217144021568,239.59217144021568,197.90356708986513,205.40933085032307,138.81243581553116,218.08882839732996,8.70875265627919e-309,141.8610931038571,239.59217144021568,239.59217144021568,130.04277458237,203.51215958129427,223.05796203426962,118.99530830774565,211.08490451318528,144.17923835597193,239.59217144021568,167.0396816805852,46.818186776504774
stroma_ad_dysplasia_FA_HN15_3_total.csv,187.52423812507226,168.8253084085506,156.16540150115912,109.47557893863437,93.17975976637177,125.24671903164752,182.93711630296605,84.36835327290126,117.73118564994081,102.98470517812922,138.10714541331004,393.69711739468187,122.97954421175956,360.23321884117456,127.84349126226965,160.14824442295924,61.899662236054155,121.90720384163586,118.6185622293052,109.53887112611675,70.89947899301816,168.69605564937268,63.69496409690026,53.664239066836785,230.00751762658584,97.48775489122035,126.03796840830442,54.26381564342901,168.35683447741224,168.8253084085506,68.61344397707661,131.84097505195308,62.27864683665458,131.8409750519531,141.8610931038571,5.80267153974185e-309,145.86598900074964,168.8253084085506,58.710476621891054,102.88161428645063,81.52423597093946,196.14877440603613,114.8778232307879,111.00619195299868,128.65411051561387,61.0582365530596,143.6425805570553
dysplasia_FA_HN11A_1_total.csv,249.46318709870198,54.693834495964495,22.819253803814885,121.27082126914317,106.65822075720592,52.93521008225045,255.6561268307941,110.33301067081827,227.690901233521,116.74109911177045,237.87888111520562,393.69711739468187,60.024306362360335,360.23321884117456,232.74705403968542,244.46297519676966,178.10811296342848,229.77891032936853,53.872996744012504,69.3850374307345,147.15385810891487,35.34990795202841,162.0427008151658,103.5377574597265,283.8290672218435,70.00973449215056,212.29736825593451,155.32318404580735,35.010686780067964,52.338213542845864,108.1721337868156,126.73723013087508,153.0523269646023,94.85968625810922,239.59217144021568,145.86598900074964,1.5596225039328527e-308,48.08480154754449,153.067441106145,205.18438463144554,105.26323506856211,266.89969561156863,109.80098337121262,224.32840438504994,60.06819113282396,136.54508263240623,240.64659868707827
stroma_ad_dysplasia_FA_HN11A_1_total.csv,249.46318709870198,24.04352233120505,25.2655477437296,162.78764519445005,150.07397456825262,101.02001162979492,255.6561268307941,116.40509713281878,227.690901233521,160.5227841157637,237.87888111520562,393.69711739468187,69.27496735622779,360.23321884117456,232.74705403968542,244.46297519676966,181.61602247053992,229.77891032936853,62.81238701558354,71.89207811877199,175.7291636143359,25.61220182631231,162.1538987696555,129.41961732023776,283.8290672218435,83.94319435366839,212.29736825593451,176.4872614901901,26.621146363277433,35.63853837665079,125.06110821835377,165.520849625316,178.67839804217962,142.9444878056537,239.59217144021568,168.8253084085506,48.08480154754449,5.789503287925743e-309,177.70097413973278,205.18438463144554,114.65324009436964,266.89969561156863,111.87977079503364,224.32840438504994,66.67449458290419,155.92499362763368,240.64659868707827
carcinoma_FA_HN14_1_total.csv,175.70591960358513,177.70097413973278,173.91673296352351,98.74201100264969,93.41664796548713,137.06503755313463,171.1187977814789,82.77718357443432,102.1257200516776,95.50762182853762,120.35581395094566,393.69711739468187,140.7308756741239,360.23321884117456,110.09215979990529,148.3299259014721,71.80425191208619,104.1558723792715,136.36989369166957,127.29020258848111,71.13636719213352,177.70097413973278,63.93185229601562,69.76266338701531,212.2561861642215,115.23908635358472,114.21964988681731,36.81375850396833,177.70097413973278,177.70097413973278,74.12117248889932,131.9594191515108,77.91734498019986,131.9594191515108,130.04277458237,58.710476621891054,153.067441106145,177.70097413973278,1.100384153111543e-308,107.29017673852036,99.27556743330382,178.39744294367176,115.11471142990325,93.25486049063431,146.40544197797823,93.47198865003963,125.89124909469098
stroma_ad_carcinoma_FA_HN14_1_total.csv,240.92040090793753,205.18438463144554,205.18438463144554,84.79347887399096,104.075127122426,153.1290900608837,238.62683999688443,137.74400455785982,191.56206505859606,89.32320103136367,85.06706756377584,377.02546552647266,195.69769665754944,310.09766841945805,112.27732850259548,221.7993109003964,128.53893649505437,97.6375429449015,191.33671467509507,182.25702357190661,58.910442034219265,205.18438463144554,91.41990441696589,124.72948437044084,206.31033280768358,170.20590733701022,187.6890348857416,134.2679653656611,205.18438463144554,205.18438463144554,129.08799347232483,79.32707001225907,120.87702536633662,111.20461388502491,203.51215958129427,102.88161428645063,205.18438463144554,205.18438463144554,107.29017673852036,1.8210067692901283e-308,154.24238841672934,203.92021911340063,142.26933089564497,110.45845756521385,201.37226296140378,125.98530759300505,196.31001166042054
dysplasia_FA_HN14_1_total.csv,242.7999933512422,115.9635008318859,95.89281637061714,69.44890954273835,58.723181606791,78.95345449951343,255.18587281542645,46.91287794211685,199.25542162088027,80.56963029685932,219.63138138424947,393.69711739468187,81.59450641966052,360.23321884117456,209.36772723320908,232.7995695473776,108.85715538842301,203.4314398125753,65.65831210412534,61.932175193461035,95.33194638251007,120.5124023676685,76.7263310918976,40.959129929339746,283.8290672218435,87.69758775668745,172.99546156067328,96.84814213421845,123.4109105923261,123.67953526921698,27.406712706420087,114.51831097823775,101.23041523819751,101.55630442268162,223.05796203426962,81.52423597093946,105.26323506856211,114.65324009436964,99.27556743330382,154.24238841672934,5.813475779158106e-309,266.89969561156863,80.42124507120712,192.5304279239381,51.85541678542535,56.01828035368442,225.1668165279948
dysplasia_FA_HN15_1_total.csv,142.4245599240739,266.89969561156863,266.89969561156863,218.2928581633832,227.50574908267222,266.89969561156863,40.66796366700253,261.17462651810604,78.41758875609531,212.75382299160992,141.28236622400226,320.02925523783057,266.89969561156863,186.66704645921186,126.81914547741724,109.47919459092913,170.56734628205749,106.28267616849917,266.89969561156863,266.89969561156863,183.84022191466678,266.89969561156863,209.4915936838263,248.16010633068709,130.37784101298124,266.89969561156863,111.19643081854105,180.82486824275713,266.89969561156863,266.89969561156863,252.51861543257107,205.81739038242944,176.44259513877807,234.63523584527115,118.99530830774565,196.14877440603613,266.89969561156863,266.89969561156863,178.39744294367176,203.92021911340063,266.89969561156863,8.07928053902056e-309,265.6999528558912,144.58729788807833,266.89969561156863,221.65473002329117,104.32307097508047
