,stroma_ad_dysplasia_FA_HN14_2.csv,carcinoma_FA_HN11A_2.csv,dysplasia_FA_HN15_5.csv,carcinoma_FA_HN11A_4.csv,stroma_ad_carcinoma_FA_HN14_1.csv,stroma_ad_dysplasia_FA_HN14_1.csv,stroma_ad_dysplasia_FA_HN15_3.csv,stroma_ad_dysplasia_FA_HN11A_5.csv,stroma_ad_dysplasia_FA_HN11A_1.csv,dysplasia_FA_HN11A_1.csv,carcinoma_FA_HN14_2.csv,stroma_ad_carcinoma_FA_HN14_3.csv,stroma_ad_dysplasia_FA_HN15_2.csv,stroma_ad_dysplasia_FA_HN11A_3.csv,dysplasia_FA_HN11A_2.csv,dysplasia_FA_HN11A_3.csv,stroma_ad_carcinoma_FA_HN15_3.csv,carcinoma_FA_HN11A_1.csv,stroma_ad_dysplasia_FA_HN15_4.csv,carcinoma_FA_HN14_3.csv,stroma_ad_dysplasia_FA_HN14_4.csv,stroma_ad_carcinoma_FA_HN15_4.csv,stroma_ad_dysplasia_FA_HN11A_4.csv,dysplasia_FA_HN11A_4.csv,carcinoma_FA_HN14_4.csv,dysplasia_FA_HN11A_5.csv,dysplasia_FA_HN15_2.csv,dysplasia_FA_HN15_1.csv,dysplasia_FA_HN15_3.csv,carcinoma_FA_HN15_2.csv,stroma_ad_dysplasia_FA_HN14_3.csv,stroma_ad_carcinoma_FA_HN14_5.csv,carcinoma_FA_HN11A_5.csv,stroma_ad_dysplasia_FA_HN11A_2.csv,dysplasia_FA_HN14_1.csv,stroma_ad_carcinoma_FA_HN11A_2.csv,carcinoma_FA_HN11A_3.csv,stroma_ad_dysplasia_FA_HN15_5.csv,stroma_ad_carcinoma_FA_HN11A_1.csv,carcinoma_FA_HN14_1.csv,stroma_ad_dysplasia_FA_HN15_1.csv,stroma_ad_carcinoma_FA_HN14_4.csv,stroma_ad_carcinoma_FA_HN15_1.csv,stroma_ad_carcinoma_FA_HN14_2.csv,carcinoma_FA_HN15_1.csv,stroma_ad_carcinoma_FA_HN15_2.csv
stroma_ad_dysplasia_FA_HN14_2.csv,1.700520286896217e-308,28.458779621688308,27.6010873914024,33.48330815748763,33.48330815748763,27.354770622839666,23.6709224125853,28.56984191330028,32.44719969438921,28.56984191330028,28.56984191330028,33.48330815748763,19.0632667779852,29.38978183653505,24.129842189781883,24.682970475946448,27.262897161353507,32.61062685503734,28.56984191330028,33.48330815748763,38.35952670244252,23.46580674991995,33.48330815748763,28.56984191330028,33.48330815748763,23.62827960764743,18.489027306933224,28.56984191330028,54.9748561418039,46.54229612309959,37.315270555446574,28.56984191330028,27.87101068813756,33.48330815748763,18.343906908140085,28.56984191330028,25.556151250981813,28.56984191330028,32.0869302445183,32.62165917158096,26.12274923428545,30.203361186764184,16.24670409845858,33.48330815748763,21.618293323944364,37.781210349755824
carcinoma_FA_HN11A_2.csv,28.458779621688308,1.7690269346084336e-308,10.136942343011768,9.333219055469655,18.071099929123733,35.26396220954177,32.05288825123881,33.35683840336242,11.174556306528387,33.98860969885098,9.107781122119079,21.745381475068037,24.880768766698623,15.689911784939866,11.222985176544327,38.0964779881171,27.895733337768377,12.847575036632492,8.932136098433872,20.85437909492331,50.525917614734155,31.956197559522757,19.33130938180628,8.647040694493754,13.0781778891117,36.09247888617632,10.737907477442548,16.778026074680184,59.415136881643335,46.54229612309959,37.315270555446574,23.115041633563663,10.079875660447172,15.721077971232553,28.400371309273808,6.521086216288339,20.389660555935862,16.630074007698084,15.689911784939866,15.862027417255007,10.106657737251737,17.78560098581051,26.644946949646723,22.809722769377878,31.869477559838145,40.00220849113521
dysplasia_FA_HN15_5.csv,27.6010873914024,10.136942343011768,1.6132783533272035e-308,8.906233096297242,19.291001876283616,35.79100795107239,32.05288825123881,33.88388414489303,8.937894742083643,34.51565544038159,13.369939373583932,20.71206648108047,24.880768766698623,12.859268618725991,11.222985176544327,38.623523729647715,27.262897161353507,12.638477069582606,11.80507636449029,20.327333353392696,50.525917614734155,31.956197559522757,18.306528696543523,12.051003600107464,12.175047627521579,36.09247888617632,11.318820665729547,17.3050718162108,59.415136881643335,46.54229612309959,37.315270555446574,23.642087375094277,6.69046914864434,15.87138027333819,28.400371309273808,7.524210768041044,20.916706297466476,15.73699825681802,16.21498090834247,16.518127771942375,8.993539393852707,17.93502919082748,27.171992691177337,21.881531385785983,32.39652330136876,40.00220849113521
carcinoma_FA_HN11A_4.csv,33.48330815748763,9.333219055469655,8.906233096297242,8.82023651755717e-309,13.223124331201191,44.52405091452434,32.564391811795005,42.61692710834498,8.992931168412284,36.80476360136831,10.018071634057108,19.574396599043375,28.570872605812397,10.227326739698228,11.222985176544327,43.86816340529158,35.289181097286345,8.312786552986083,11.287833720492742,13.295439530056044,50.525917614734155,31.956197559522757,15.611662386222278,10.893622742654074,9.344630079562393,36.09247888617632,17.054342689548378,26.03811477966275,59.415136881643335,46.54229612309959,37.315270555446574,32.37513033854623,15.42351211209629,9.803502728255765,28.400371309273808,7.426841292980399,29.649749260918426,12.466247440970974,10.717563148968637,12.278281948288459,11.568425191142993,12.486321295143924,35.90503565462929,17.814079536762108,37.02399883491927,40.00220849113521
stroma_ad_carcinoma_FA_HN14_1.csv,33.48330815748763,18.071099929123733,19.291001876283616,13.223124331201191,1.169420063290082e-308,45.46105934263518,32.564391811795005,44.2759156044409,14.32642731782991,36.80476360136831,13.740919864903347,14.313052970338738,28.570872605812397,9.51294253685166,13.980565347024623,43.86816340529158,35.289181097286345,12.529618307934456,13.91195986755173,12.105174921778087,50.525917614734155,32.0551423595668,10.414761807618419,14.497711347756933,11.466163966752589,36.09247888617632,20.389535392560745,28.168051585842704,59.415136881643335,46.54229612309959,37.315270555446574,34.50506714472618,19.959797411328537,9.525671972836427,28.400371309273808,18.567005606729893,31.779686067098382,13.930963271669455,10.15192988410358,9.317074187670208,20.865201969080033,12.427749289265954,37.88044752348196,14.367573342642068,37.02399883491927,40.00220849113521
stroma_ad_dysplasia_FA_HN14_1.csv,27.354770622839666,35.26396220954177,35.79100795107239,44.52405091452434,45.46105934263518,5.92597973644856e-309,32.05288825123881,19.78902720518461,43.01181280183427,19.760055581079392,36.60656393921323,45.46105934263518,24.880768766698623,39.954394943980105,34.69445529722694,32.250932362695806,27.262897161353507,43.175239962482394,38.891513368515206,45.46105934263518,28.56306875768493,30.300977227683987,45.46105934263518,38.43720828339737,45.46105934263518,29.235338033190132,27.897201854794176,18.48593613486159,55.74421316126235,46.54229612309959,37.315270555446574,21.56379499265308,29.100538802428048,45.46105934263518,28.11566909660624,37.09720962154394,14.874301653605912,34.744057372582105,42.651543351963355,43.186272279026014,32.955625723381345,40.76797429420924,21.22358724470881,45.46105934263518,27.63628698416968,37.781210349755824
stroma_ad_dysplasia_FA_HN15_3.csv,23.6709224125853,32.05288825123881,32.05288825123881,32.564391811795005,32.564391811795005,32.05288825123881,1.9111462964820557e-308,32.05288825123881,32.35217325231747,32.05288825123881,32.05288825123881,32.564391811795005,18.731086411331674,32.05288825123881,32.05288825123881,13.692984729316791,15.777471052623554,32.5156004129656,32.05288825123881,32.564391811795005,25.395979188195184,20.656558224508345,32.564391811795005,32.05288825123881,32.564391811795005,15.852898664746647,32.05288825123881,30.39807735410257,39.53800087148451,46.54229612309959,37.0856014964602,28.434772145699597,32.05288825123881,32.564391811795005,16.46809492840842,32.05288825123881,25.46112480891007,32.05288825123881,32.05288825123881,32.52663272950922,32.05288825123881,32.05288825123881,25.532210917495448,32.564391811795005,20.240266575164817,26.26699162593239
stroma_ad_dysplasia_FA_HN11A_5.csv,28.56984191330028,33.35683840336242,33.88388414489303,42.61692710834498,44.2759156044409,19.78902720518461,32.05288825123881,1.4878328380544014e-308,41.10468899565491,15.57407530163374,34.699440133033875,44.2759156044409,24.880768766698623,38.04727113780075,32.78733149104758,32.250932362695806,33.92275264851202,41.26811615630304,36.98438956233585,44.2759156044409,30.470192563864288,31.956197559522757,44.2759156044409,36.53008447721801,44.2759156044409,33.72613621557862,25.99007804861482,19.165851540265542,55.74421316126235,46.54229612309959,37.315270555446574,12.099526793517299,27.19341499624869,44.2759156044409,28.066489733507915,35.19008581536458,20.860292709295592,32.83693356640275,40.744419545784,41.27914847284666,31.04850191720199,38.86085048802988,28.471069072001214,44.2759156044409,31.089191649342126,37.781210349755824
stroma_ad_dysplasia_FA_HN11A_1.csv,32.44719969438921,11.174556306528387,8.937894742083643,8.992931168412284,14.32642731782991,43.01181280183427,32.35217325231747,41.10468899565491,1.3149072521311353e-308,36.80476360136831,10.96466849407733,17.08564094828744,28.570872605812397,10.168655250736201,11.222985176544327,43.86816340529158,34.36570369226847,5.234267863620573,11.539534445188124,12.775279701435913,50.525917614734155,31.956197559522757,12.719334091128474,11.559303608584813,6.496039356002832,36.09247888617632,16.063930185503423,25.32366643383898,59.415136881643335,46.54229612309959,37.315270555446574,31.66068199272246,14.709063766272521,9.402975963354308,28.400371309273808,8.272522633171874,28.935300915094658,12.186361704084177,10.985672083366474,11.131670031612586,11.686046239677395,10.56846157997522,34.39279754193922,18.804492040807062,37.02399883491927,40.00220849113521
dysplasia_FA_HN11A_1.csv,28.56984191330028,33.98860969885098,34.51565544038159,36.80476360136831,36.80476360136831,19.760055581079392,32.05288825123881,15.57407530163374,36.80476360136831,1.363212940350405e-308,35.33121142852244,36.80476360136831,24.880768766698623,36.80476360136831,29.32675861097792,32.250932362695806,32.66714201700228,36.80476360136831,36.80476360136831,36.80476360136831,29.838421268375726,30.885547239101257,36.80476360136831,36.80476360136831,36.80476360136831,33.72613621557862,26.62184934410338,17.210583624170795,55.74421316126235,46.54229612309959,37.315270555446574,20.203283305196777,27.825186291737253,36.80476360136831,25.52052959321651,35.821857110853145,19.54901649359971,33.46870486189131,36.80476360136831,36.80476360136831,31.68027321269055,36.80476360136831,22.37886526224635,36.80476360136831,27.63628698416968,37.781210349755824
carcinoma_FA_HN14_2.csv,28.56984191330028,9.107781122119079,13.369939373583932,10.018071634057108,13.740919864903347,36.60656393921323,32.05288825123881,34.699440133033875,10.96466849407733,35.33121142852244,9.353491390794e-309,19.08139519288838,25.404259096750152,12.564500329018813,11.118464342296718,39.43907971778856,30.12066954972049,13.369939373583932,7.340119181222455,15.38472885618868,50.525917614734155,31.956197559522757,15.32878324588124,10.632458722483385,13.369939373583932,36.09247888617632,13.454481030750657,19.200401540530542,59.415136881643335,46.54229612309959,37.315270555446574,29.099408365107365,12.147790138657427,13.369939373583932,28.400371309273808,9.032559051738573,21.73226228560732,14.712322404781105,11.354422126509974,13.369939373583932,9.931797448744984,13.369939373583932,27.98754867931818,19.454573843726294,33.2120792895096,40.00220849113521
stroma_ad_carcinoma_FA_HN14_3.csv,33.48330815748763,21.745381475068037,20.71206648108047,19.574396599043375,14.313052970338738,45.46105934263518,32.564391811795005,44.2759156044409,17.08564094828744,36.80476360136831,19.08139519288838,6.656942472604363e-309,28.570872605812397,14.0370464061875,19.296986052940667,43.86816340529158,35.289181097286345,13.671489349748732,16.115248771587233,7.704454356801925,50.525917614734155,33.166983008062104,7.669992480141886,19.746108803082727,16.49856466347078,36.09247888617632,25.81560433920813,32.030454046025014,59.415136881643335,46.54229612309959,37.315270555446574,38.65794163339939,24.24296709937964,12.176696994660936,28.400371309273808,21.411971510531416,34.556987296415315,19.2473839775855,11.677884736753995,10.805169071141592,23.404950560857735,13.223467055958366,37.88044752348196,6.330124940863286,37.02399883491927,40.00220849113521
stroma_ad_dysplasia_FA_HN15_2.csv,19.0632667779852,24.880768766698623,24.880768766698623,28.570872605812397,28.570872605812397,24.880768766698623,18.731086411331674,24.880768766698623,28.570872605812397,24.880768766698623,25.404259096750152,28.570872605812397,9.806575927067176e-309,28.570872605812397,24.880768766698623,19.33192575522274,18.761050675473598,28.570872605812397,27.689208526052127,28.570872605812397,26.674406217660646,20.573157929152842,28.570872605812397,27.23490344093429,28.570872605812397,17.93545704993808,24.880768766698623,24.880768766698623,55.61254787682192,46.54229612309959,37.315270555446574,26.744112964536306,24.880768766698623,28.570872605812397,16.502913301585224,25.89490477908086,24.880768766698623,24.880768766698623,28.570872605812397,28.570872605812397,24.880768766698623,28.570872605812397,23.998486164445282,28.570872605812397,15.939359373033014,29.63640619902219
stroma_ad_dysplasia_FA_HN11A_3.csv,29.38978183653505,15.689911784939866,12.859268618725991,10.227326739698228,9.51294253685166,39.954394943980105,32.05288825123881,38.04727113780075,10.168655250736201,36.80476360136831,12.564500329018813,14.0370464061875,28.570872605812397,1.3057453246573673e-308,11.222985176544327,42.78691072255543,33.92275264851202,9.869008231858885,10.943077695190425,16.163946360484978,50.525917614734155,31.956197559522757,14.193795556417129,12.107709762848096,11.53757926410072,36.09247888617632,21.60335595274738,21.468458809118516,59.415136881643335,46.54229612309959,37.315270555446574,27.805474368001995,13.228724775334825,11.114734603972899,28.400371309273808,12.360012284348102,25.080093290374194,13.098211530347328,11.714068642140273,9.734964099162678,15.559510815970427,13.405329424164208,31.335379684085055,19.105430490600035,36.55991029427648,40.00220849113521
dysplasia_FA_HN11A_2.csv,24.129842189781883,11.222985176544327,11.222985176544327,11.222985176544327,13.980565347024623,34.69445529722694,32.05288825123881,32.78733149104758,11.222985176544327,29.32675861097792,11.118464342296718,19.296986052940667,24.880768766698623,11.222985176544327,1.005579878481424e-308,33.43462690024404,27.262897161353507,11.222985176544327,11.222985176544327,21.423886007238146,50.525917614734155,31.16214994653184,19.453735203170297,9.95586659793522,13.168865559824013,33.65084559960418,14.196255296919631,16.20851916236535,59.415136881643335,46.54229612309959,37.315270555446574,22.545534721248828,11.222985176544327,15.441091847456548,24.59640415155222,11.222985176544327,19.820153643621026,11.222985176544327,15.62612521603593,11.397657025590206,11.543368703983049,11.222985176544327,26.075440037331887,24.823400600499532,27.25716002810522,40.00220849113521
dysplasia_FA_HN11A_3.csv,24.682970475946448,38.0964779881171,38.623523729647715,43.86816340529158,43.86816340529158,32.250932362695806,13.692984729316791,32.250932362695806,43.86816340529158,32.250932362695806,39.43907971778856,43.86816340529158,19.33192575522274,42.78691072255543,33.43462690024404,2.0485044439578014e-308,16.8262408892233,43.86816340529158,41.72402914709053,43.86816340529158,24.60745375106825,17.43136113971282,43.86816340529158,41.269724061972695,43.86816340529158,14.444446432485847,31.852816861410858,32.250932362695806,40.58677070808426,46.54229612309959,37.315270555446574,28.9669244596127,32.250932362695806,43.86816340529158,21.106787593726082,39.92972540011927,32.250932362695806,37.57657315115743,43.86816340529158,43.86816340529158,35.78814150195667,43.60049007278457,24.683410813679288,43.86816340529158,20.62566513787216,27.569453732429793
stroma_ad_carcinoma_FA_HN15_3.csv,27.262897161353507,27.895733337768377,27.262897161353507,35.289181097286345,35.289181097286345,27.262897161353507,15.777471052623554,33.92275264851202,34.36570369226847,32.66714201700228,30.12066954972049,35.289181097286345,18.761050675473598,33.92275264851202,27.262897161353507,16.8262408892233,6.388640730610864e-309,34.529130852916595,30.245404258949407,35.289181097286345,32.17583065173197,27.262897161353507,35.289181097286345,29.79109917383157,35.289181097286345,26.017659047761498,27.262897161353507,29.93005751225438,47.62820449454861,36.82016603713811,21.6939653940764,33.92275264851202,27.30796440421763,35.289181097286345,26.97581680791741,28.656370556285538,27.262897161353507,33.92275264851202,34.005434242397556,34.540163169460214,27.262897161353507,33.92275264851202,21.458238606460256,35.289181097286345,27.262897161353507,21.314583591260842
carcinoma_FA_HN11A_1.csv,32.61062685503734,12.847575036632492,12.638477069582606,8.312786552986083,12.529618307934456,43.175239962482394,32.5156004129656,41.26811615630304,5.234267863620573,36.80476360136831,13.369939373583932,13.671489349748732,28.570872605812397,9.869008231858885,11.222985176544327,43.86816340529158,34.529130852916595,1.0361698487422084e-308,13.908678499611014,12.94310134198269,50.525917614734155,31.956197559522757,12.080857222983823,14.358600356365791,6.835236210270274,36.09247888617632,21.298198049123997,24.689303827620805,59.415136881643335,46.54229612309959,37.315270555446574,31.026319386504284,14.074701160054346,6.960307182201092,28.400371309273808,11.914480800028883,28.300938308876482,11.942213643889623,10.343773231169266,7.518151255261664,14.770086043502275,9.022386336951556,34.55622470258734,16.342615935244076,37.02399883491927,40.00220849113521
stroma_ad_dysplasia_FA_HN15_4.csv,28.56984191330028,8.932136098433872,11.80507636449029,11.287833720492742,13.91195986755173,38.891513368515206,32.05288825123881,36.98438956233585,11.539534445188124,36.80476360136831,7.340119181222455,16.115248771587233,27.689208526052127,10.943077695190425,11.222985176544327,41.72402914709053,30.245404258949407,13.908678499611014,1.5214267517035376e-308,16.45462338282823,50.525917614734155,31.956197559522757,14.42874049481943,9.041493170278386,14.42874049481943,36.09247888617632,12.935672210829026,20.405577233653617,59.415136881643335,46.54229612309959,37.315270555446574,27.339168660470122,11.332731687507575,14.42874049481943,28.400371309273808,9.407185549880161,24.017211714909294,14.42874049481943,12.802847755774707,12.234476258281575,11.726238138390173,14.947115333591029,30.272498108620155,18.29669843520663,35.49702871881158,40.00220849113521
carcinoma_FA_HN14_3.csv,33.48330815748763,20.85437909492331,20.327333353392696,13.295439530056044,12.105174921778087,45.46105934263518,32.564391811795005,44.2759156044409,12.775279701435913,36.80476360136831,15.38472885618868,7.704454356801925,28.570872605812397,16.163946360484978,21.423886007238146,43.86816340529158,35.289181097286345,12.94310134198269,16.45462338282823,7.762546556446375e-309,50.525917614734155,33.166983008062104,6.12873525848056,15.435747556231199,9.55191531927791,36.09247888617632,28.221139449670908,32.030454046025014,59.415136881643335,46.54229612309959,37.315270555446574,41.46962122132304,27.017802502037036,6.080255262075557,28.400371309273808,19.021131682921144,34.556987296415315,21.374283931882978,10.343773231169266,12.93206902543907,23.162715581083738,15.350367010255844,37.88044752348196,7.6606456204210005,37.02399883491927,40.00220849113521
stroma_ad_dysplasia_FA_HN14_4.csv,38.35952670244252,50.525917614734155,50.525917614734155,50.525917614734155,50.525917614734155,28.56306875768493,25.395979188195184,30.470192563864288,50.525917614734155,29.838421268375726,50.525917614734155,50.525917614734155,26.674406217660646,50.525917614734155,50.525917614734155,24.60745375106825,32.17583065173197,50.525917614734155,50.525917614734155,50.525917614734155,7.958269578382703e-309,28.003029932821804,50.525917614734155,50.525917614734155,50.525917614734155,25.514334279749463,50.525917614734155,47.04900489254652,44.89267406530659,36.87405347822016,37.315270555446574,40.71198933366304,50.525917614734155,50.525917614734155,34.56877572780142,50.525917614734155,43.43737041129084,50.525917614734155,50.525917614734155,50.525917614734155,50.525917614734155,50.525917614734155,37.18208401757998,50.525917614734155,31.95755340738856,28.451414511318198
stroma_ad_carcinoma_FA_HN15_4.csv,23.46580674991995,31.956197559522757,31.956197559522757,31.956197559522757,32.0551423595668,30.300977227683987,20.656558224508345,31.956197559522757,31.956197559522757,30.885547239101257,31.956197559522757,33.166983008062104,20.573157929152842,31.956197559522757,31.16214994653184,17.43136113971282,27.262897161353507,31.956197559522757,31.956197559522757,33.166983008062104,28.003029932821804,9.40340604840088e-309,33.166983008062104,31.956197559522757,33.166983008062104,13.922413521430919,28.457240679657303,30.300977227683987,49.91216035054656,46.54229612309959,37.315270555446574,30.885547239101257,30.300977227683987,33.166983008062104,12.606229675200126,31.956197559522757,30.300977227683987,31.956197559522757,31.956197559522757,31.956197559522757,31.956197559522757,31.956197559522757,21.02755401267661,33.166983008062104,12.865118368098408,30.965029914183347
stroma_ad_dysplasia_FA_HN11A_4.csv,33.48330815748763,19.33130938180628,18.306528696543523,15.611662386222278,10.414761807618419,45.46105934263518,32.564391811795005,44.2759156044409,12.719334091128474,36.80476360136831,15.32878324588124,7.669992480141886,28.570872605812397,14.193795556417129,19.453735203170297,43.86816340529158,35.289181097286345,12.080857222983823,14.42874049481943,6.12873525848056,50.525917614734155,33.166983008062104,1.172484711124431e-308,16.13642178271523,11.868138175444145,36.09247888617632,25.549672323050757,32.030454046025014,59.415136881643335,46.54229612309959,37.315270555446574,39.811559314363464,22.859941087913526,8.721790599620029,28.400371309273808,18.877032111147834,34.556987296415315,19.40413312781513,9.30893653837822,10.96191822137122,21.19256477701589,13.380216206187995,37.88044752348196,7.899838049892466,37.02399883491927,40.00220849113521
dysplasia_FA_HN11A_4.csv,28.56984191330028,8.647040694493754,12.051003600107464,10.893622742654074,14.497711347756933,38.43720828339737,32.05288825123881,36.53008447721801,11.559303608584813,36.80476360136831,10.632458722483385,19.746108803082727,27.23490344093429,12.107709762848096,9.95586659793522,41.269724061972695,29.79109917383157,14.358600356365791,9.041493170278386,15.435747556231199,50.525917614734155,31.956197559522757,16.13642178271523,1.3114459558697715e-308,14.532929419569761,36.09247888617632,13.78365354058306,19.95127214853578,59.415136881643335,46.54229612309959,37.315270555446574,27.585095896087296,12.580316592949188,14.532929419569761,28.400371309273808,10.291057887394004,23.562906629791456,14.532929419569761,12.149118733250205,12.688781343399413,10.415015310605561,14.89750947166391,29.818193023502317,19.827011317224745,35.04272363369374,40.00220849113521
carcinoma_FA_HN14_4.csv,33.48330815748763,13.0781778891117,12.175047627521579,9.344630079562393,11.466163966752589,45.46105934263518,32.564391811795005,44.2759156044409,6.496039356002832,36.80476360136831,13.369939373583932,16.49856466347078,28.570872605812397,11.53757926410072,13.168865559824013,43.86816340529158,35.289181097286345,6.835236210270274,14.42874049481943,9.55191531927791,50.525917614734155,33.166983008062104,11.868138175444145,14.532929419569761,1.838219025885083e-308,36.09247888617632,20.939312914178544,29.377384722189362,59.415136881643335,46.54229612309959,37.315270555446574,35.71440028107284,18.762782054622903,6.250888024889193,28.400371309273808,11.947414523766454,32.98901920344504,13.119263484468846,10.343773231169266,8.114457750774555,14.907695133669606,8.489119322031549,37.88044752348196,13.929109312131942,37.02399883491927,40.00220849113521
dysplasia_FA_HN11A_5.csv,23.62827960764743,36.09247888617632,36.09247888617632,36.09247888617632,36.09247888617632,29.235338033190132,15.852898664746647,33.72613621557862,36.09247888617632,33.72613621557862,36.09247888617632,36.09247888617632,17.93545704993808,36.09247888617632,33.65084559960418,14.444446432485847,26.017659047761498,36.09247888617632,36.09247888617632,36.09247888617632,25.514334279749463,13.922413521430919,36.09247888617632,36.09247888617632,36.09247888617632,6.997078302604846e-309,30.945936332729644,32.373671206524776,49.77818886662246,46.54229612309959,37.315270555446574,32.62308195006632,32.149273280363516,36.09247888617632,12.78844241682782,36.09247888617632,27.43671866133228,36.09247888617632,36.09247888617632,36.09247888617632,36.004360201316814,36.09247888617632,17.43761137616223,36.09247888617632,12.6458620058998,28.476334261111006
dysplasia_FA_HN15_2.csv,18.489027306933224,10.737907477442548,11.318820665729547,17.054342689548378,20.389535392560745,27.897201854794176,32.05288825123881,25.99007804861482,16.063930185503423,26.62184934410338,13.454481030750657,25.81560433920813,24.880768766698623,21.60335595274738,14.196255296919631,31.852816861410858,27.262897161353507,21.298198049123997,12.935672210829026,28.221139449670908,50.525917614734155,28.457240679657303,25.549672323050757,13.78365354058306,20.939312914178544,30.945936332729644,1.1555666487168623e-308,12.77223165192855,59.415136881643335,46.54229612309959,37.315270555446574,25.549672323050757,11.854102283942908,25.46690614885773,22.279778281574323,11.498544695959708,13.022900201188264,17.809632384967344,22.120364962929173,22.840504375105965,12.169226704239136,25.074239116453498,19.278186594899125,28.781126461218435,24.502717205090548,40.00220849113521
dysplasia_FA_HN15_1.csv,28.56984191330028,16.778026074680184,17.3050718162108,26.03811477966275,28.168051585842704,18.48593613486159,30.39807735410257,19.165851540265542,25.32366643383898,17.210583624170795,19.200401540530542,32.030454046025014,24.880768766698623,21.468458809118516,16.20851916236535,32.250932362695806,29.93005751225438,24.689303827620805,20.405577233653617,32.030454046025014,47.04900489254652,30.300977227683987,32.030454046025014,19.95127214853578,29.377384722189362,32.373671206524776,12.77223165192855,9.34296348065074e-309,59.415136881643335,46.54229612309959,37.315270555446574,21.02172494678625,10.614602667566459,31.649611009821896,22.78344508846861,18.61127348668235,8.700909172778509,16.258121237720516,24.165607217101766,24.700336144164424,14.469689588519756,22.28203815934765,19.231481076875724,32.030454046025014,27.63628698416968,37.781210349755824
dysplasia_FA_HN15_3.csv,54.9748561418039,59.415136881643335,59.415136881643335,59.415136881643335,59.415136881643335,55.74421316126235,39.53800087148451,55.74421316126235,59.415136881643335,55.74421316126235,59.415136881643335,59.415136881643335,55.61254787682192,59.415136881643335,59.415136881643335,40.58677070808426,47.62820449454861,59.415136881643335,59.415136881643335,59.415136881643335,44.89267406530659,49.91216035054656,59.415136881643335,59.415136881643335,59.415136881643335,49.77818886662246,59.415136881643335,59.415136881643335,1.9965660906883553e-308,50.10576697470539,34.791320786846995,56.57167801151368,59.415136881643335,59.415136881643335,50.73634662677837,59.415136881643335,59.297059089141484,59.415136881643335,59.415136881643335,59.415136881643335,59.415136881643335,59.415136881643335,54.660340787416985,59.415136881643335,51.84753830348056,26.72093573832177
carcinoma_FA_HN15_2.csv,46.54229612309959,46.54229612309959,46.54229612309959,46.54229612309959,46.54229612309959,46.54229612309959,46.54229612309959,46.54229612309959,46.54229612309959,46.54229612309959,46.54229612309959,46.54229612309959,46.54229612309959,46.54229612309959,46.54229612309959,46.54229612309959,36.82016603713811,46.54229612309959,46.54229612309959,46.54229612309959,36.87405347822016,46.54229612309959,46.54229612309959,46.54229612309959,46.54229612309959,46.54229612309959,46.54229612309959,46.54229612309959,50.10576697470539,2.158504420144759e-308,20.581211512021056,46.54229612309959,46.54229612309959,46.54229612309959,46.54229612309959,46.54229612309959,46.54229612309959,46.54229612309959,46.54229612309959,46.54229612309959,46.54229612309959,46.54229612309959,46.54229612309959,46.54229612309959,46.54229612309959,28.504054728803894
stroma_ad_dysplasia_FA_HN14_3.csv,37.315270555446574,37.315270555446574,37.315270555446574,37.315270555446574,37.315270555446574,37.315270555446574,37.0856014964602,37.315270555446574,37.315270555446574,37.315270555446574,37.315270555446574,37.315270555446574,37.315270555446574,37.315270555446574,37.315270555446574,37.315270555446574,21.6939653940764,37.315270555446574,37.315270555446574,37.315270555446574,37.315270555446574,37.315270555446574,37.315270555446574,37.315270555446574,37.315270555446574,37.315270555446574,37.315270555446574,37.315270555446574,34.791320786846995,20.581211512021056,1.256738480151207e-308,37.315270555446574,37.315270555446574,37.315270555446574,37.315270555446574,37.315270555446574,37.315270555446574,37.315270555446574,37.315270555446574,37.315270555446574,37.315270555446574,37.315270555446574,37.315270555446574,37.315270555446574,37.315270555446574,16.246013379285145
stroma_ad_carcinoma_FA_HN14_5.csv,28.56984191330028,23.115041633563663,23.642087375094277,32.37513033854623,34.50506714472618,21.56379499265308,28.434772145699597,12.099526793517299,31.66068199272246,20.203283305196777,29.099408365107365,38.65794163339939,26.744112964536306,27.805474368001995,22.545534721248828,28.9669244596127,33.92275264851202,31.026319386504284,27.339168660470122,41.46962122132304,40.71198933366304,30.885547239101257,39.811559314363464,27.585095896087296,35.71440028107284,32.62308195006632,25.549672323050757,21.02172494678625,56.57167801151368,46.54229612309959,37.315270555446574,8.47133014819785e-309,21.953125429199886,37.986626568705375,26.29330824431326,24.94828904556583,22.412021248817467,22.595136796603995,31.7490732043223,31.037351703047904,21.473262880722693,28.61905371823113,28.471069072001214,41.46962122132304,31.089191649342126,37.781210349755824
carcinoma_FA_HN11A_5.csv,27.87101068813756,10.079875660447172,6.69046914864434,15.42351211209629,19.959797411328537,29.100538802428048,32.05288825123881,27.19341499624869,14.709063766272521,27.825186291737253,12.147790138657427,24.24296709937964,24.880768766698623,13.228724775334825,11.222985176544327,32.250932362695806,27.30796440421763,14.074701160054346,11.332731687507575,27.017802502037036,50.525917614734155,30.300977227683987,22.859941087913526,12.580316592949188,18.762782054622903,32.149273280363516,11.854102283942908,10.614602667566459,59.415136881643335,46.54229612309959,37.315270555446574,21.953125429199886,6.335704793590586e-309,21.035008342255438,23.094831832311556,7.9966708191158915,14.226237148822136,14.0968708880471,20.547727723100685,14.986969525636496,9.736925822217295,16.303145604392327,20.481523542532997,27.393139367487258,27.63628698416968,40.00220849113521
stroma_ad_dysplasia_FA_HN11A_2.csv,33.48330815748763,15.721077971232553,15.87138027333819,9.803502728255765,9.525671972836427,45.46105934263518,32.564391811795005,44.2759156044409,9.402975963354308,36.80476360136831,13.369939373583932,12.176696994660936,28.570872605812397,11.114734603972899,15.441091847456548,43.86816340529158,35.289181097286345,6.960307182201092,14.42874049481943,6.080255262075557,50.525917614734155,33.166983008062104,8.721790599620029,14.532929419569761,6.250888024889193,36.09247888617632,25.46690614885773,31.649611009821896,59.415136881643335,46.54229612309959,37.315270555446574,37.986626568705375,21.035008342255438,1.661359489601957e-308,28.400371309273808,15.147384003784467,34.556987296415315,15.39148977210138,10.343773231169266,7.715899004856752,17.445580366134607,9.367572850474247,37.88044752348196,11.390881869087927,37.02399883491927,40.00220849113521
dysplasia_FA_HN14_1.csv,18.343906908140085,28.400371309273808,28.400371309273808,28.400371309273808,28.400371309273808,28.11566909660624,16.46809492840842,28.066489733507915,28.400371309273808,25.52052959321651,28.400371309273808,28.400371309273808,16.502913301585224,28.400371309273808,24.59640415155222,21.106787593726082,26.97581680791741,28.400371309273808,28.400371309273808,28.400371309273808,34.56877572780142,12.606229675200126,28.400371309273808,28.400371309273808,28.400371309273808,12.78844241682782,22.279778281574323,22.78344508846861,50.73634662677837,46.54229612309959,37.315270555446574,26.29330824431326,23.094831832311556,28.400371309273808,1.482675658529252e-308,28.400371309273808,21.18182665777244,28.400371309273808,28.400371309273808,28.400371309273808,26.949918753264853,28.400371309273808,15.986583590442272,28.400371309273808,14.636032730878057,37.53077570916297
stroma_ad_carcinoma_FA_HN11A_2.csv,28.56984191330028,6.521086216288339,7.524210768041044,7.426841292980399,18.567005606729893,37.09720962154394,32.05288825123881,35.19008581536458,8.272522633171874,35.821857110853145,9.032559051738573,21.411971510531416,25.89490477908086,12.360012284348102,11.222985176544327,39.92972540011927,28.656370556285538,11.914480800028883,9.407185549880161,19.021131682921144,50.525917614734155,31.956197559522757,18.877032111147834,10.291057887394004,11.947414523766454,36.09247888617632,11.498544695959708,18.61127348668235,59.415136881643335,46.54229612309959,37.315270555446574,24.94828904556583,7.9966708191158915,15.147384003784467,28.400371309273808,1.712345385835851e-308,22.222907967938028,14.582301485856753,16.1004744547921,14.817104079540748,8.221243685164467,18.295820774771087,28.47819436164889,22.42064627618253,33.70272497184031,40.00220849113521
carcinoma_FA_HN11A_3.csv,25.556151250981813,20.389660555935862,20.916706297466476,29.649749260918426,31.779686067098382,14.874301653605912,25.46112480891007,20.860292709295592,28.935300915094658,19.54901649359971,21.73226228560732,34.556987296415315,24.880768766698623,25.080093290374194,19.820153643621026,32.250932362695806,27.262897161353507,28.300938308876482,24.017211714909294,34.556987296415315,43.43737041129084,30.300977227683987,34.556987296415315,23.562906629791456,32.98901920344504,27.43671866133228,13.022900201188264,8.700909172778509,59.297059089141484,46.54229612309959,37.315270555446574,22.412021248817467,14.226237148822136,34.556987296415315,21.18182665777244,22.222907967938028,1.090487926839055e-308,19.869755718976194,27.777241698357443,28.311970625420102,18.081324069775434,25.893672640603327,17.56583975553562,34.556987296415315,27.63628698416968,37.781210349755824
stroma_ad_dysplasia_FA_HN15_5.csv,28.56984191330028,16.630074007698084,15.73699825681802,12.466247440970974,13.930963271669455,34.744057372582105,32.05288825123881,32.83693356640275,12.186361704084177,33.46870486189131,14.712322404781105,19.2473839775855,24.880768766698623,13.098211530347328,11.222985176544327,37.57657315115743,33.92275264851202,11.942213643889623,14.42874049481943,21.374283931882978,50.525917614734155,31.956197559522757,19.40413312781513,14.532929419569761,13.119263484468846,36.09247888617632,17.809632384967344,16.258121237720516,59.415136881643335,46.54229612309959,37.315270555446574,22.595136796603995,14.0968708880471,15.39148977210138,28.400371309273808,14.582301485856753,19.869755718976194,9.66696368136481e-309,15.576523140680763,11.110004165741337,12.74026705992354,10.068711730285926,26.125042112687055,24.773798525144365,31.349572722878477,40.00220849113521
stroma_ad_carcinoma_FA_HN11A_1.csv,32.0869302445183,15.689911784939866,16.21498090834247,10.717563148968637,10.15192988410358,42.651543351963355,32.05288825123881,40.744419545784,10.985672083366474,36.80476360136831,11.354422126509974,11.677884736753995,28.570872605812397,11.714068642140273,15.62612521603593,43.86816340529158,34.005434242397556,10.343773231169266,12.802847755774707,10.343773231169266,50.525917614734155,31.956197559522757,9.30893653837822,12.149118733250205,10.343773231169266,36.09247888617632,22.120364962929173,24.165607217101766,59.415136881643335,46.54229612309959,37.315270555446574,31.7490732043223,20.547727723100685,10.343773231169266,28.400371309273808,16.1004744547921,27.777241698357443,15.576523140680763,6.11436264364191e-309,8.474446274833426,17.364954789881523,10.343773231169266,34.032528092068304,11.494507989224253,37.02399883491927,40.00220849113521
carcinoma_FA_HN14_1.csv,32.62165917158096,15.862027417255007,16.518127771942375,12.278281948288459,9.317074187670208,43.186272279026014,32.52663272950922,41.27914847284666,11.131670031612586,36.80476360136831,13.369939373583932,10.805169071141592,28.570872605812397,9.734964099162678,11.397657025590206,43.86816340529158,34.540163169460214,7.518151255261664,12.234476258281575,12.93206902543907,50.525917614734155,31.956197559522757,10.96191822137122,12.688781343399413,8.114457750774555,36.09247888617632,22.840504375105965,24.700336144164424,59.415136881643335,46.54229612309959,37.315270555446574,31.037351703047904,14.986969525636496,7.715899004856752,28.400371309273808,14.817104079540748,28.311970625420102,11.110004165741337,8.474446274833426,1.365922821749698e-308,15.849291749576707,8.114457750774555,34.56725701913096,16.331583618700456,37.02399883491927,40.00220849113521
stroma_ad_dysplasia_FA_HN15_1.csv,26.12274923428545,10.106657737251737,8.993539393852707,11.568425191142993,20.865201969080033,32.955625723381345,32.05288825123881,31.04850191720199,11.686046239677395,31.68027321269055,9.931797448744984,23.404950560857735,24.880768766698623,15.559510815970427,11.543368703983049,35.78814150195667,27.262897161353507,14.770086043502275,11.726238138390173,23.162715581083738,50.525917614734155,31.956197559522757,21.19256477701589,10.415015310605561,14.907695133669606,36.004360201316814,12.169226704239136,14.469689588519756,59.415136881643335,46.54229612309959,37.315270555446574,21.473262880722693,9.736925822217295,17.445580366134607,26.949918753264853,8.221243685164467,18.081324069775434,12.74026705992354,17.364954789881523,15.849291749576707,1.0867531539389506e-308,17.352778987119436,24.336610463486295,26.562230174345125,29.561141073677717,40.00220849113521
stroma_ad_carcinoma_FA_HN14_4.csv,30.203361186764184,17.78560098581051,17.93502919082748,12.486321295143924,12.427749289265954,40.76797429420924,32.05288825123881,38.86085048802988,10.56846157997522,36.80476360136831,13.369939373583932,13.223467055958366,28.570872605812397,13.405329424164208,11.222985176544327,43.60049007278457,33.92275264851202,9.022386336951556,14.947115333591029,15.350367010255844,50.525917614734155,31.956197559522757,13.380216206187995,14.89750947166391,8.489119322031549,36.09247888617632,25.074239116453498,22.28203815934765,59.415136881643335,46.54229612309959,37.315270555446574,28.61905371823113,16.303145604392327,9.367572850474247,28.400371309273808,18.295820774771087,25.893672640603327,10.068711730285926,10.343773231169266,8.114457750774555,17.352778987119436,1.111610143306392e-308,32.14895903431419,18.74988160351723,37.02399883491927,40.00220849113521
stroma_ad_carcinoma_FA_HN15_1.csv,16.24670409845858,26.644946949646723,27.171992691177337,35.90503565462929,37.88044752348196,21.22358724470881,25.532210917495448,28.471069072001214,34.39279754193922,22.37886526224635,27.98754867931818,37.88044752348196,23.998486164445282,31.335379684085055,26.075440037331887,24.683410813679288,21.458238606460256,34.55622470258734,30.272498108620155,37.88044752348196,37.18208401757998,21.02755401267661,37.88044752348196,29.818193023502317,37.88044752348196,17.43761137616223,19.278186594899125,19.231481076875724,54.660340787416985,46.54229612309959,37.315270555446574,28.471069072001214,20.481523542532997,37.88044752348196,15.986583590442272,28.47819436164889,17.56583975553562,26.125042112687055,34.032528092068304,34.56725701913096,24.336610463486295,32.14895903431419,9.55532224459269e-309,37.88044752348196,14.865448566005533,33.436151046604365
