,stroma_ad_dysplasia_FA_HN14_2.csv,carcinoma_FA_HN11A_2.csv,dysplasia_FA_HN15_5.csv,carcinoma_FA_HN11A_4.csv,stroma_ad_carcinoma_FA_HN14_1.csv,stroma_ad_dysplasia_FA_HN14_1.csv,stroma_ad_dysplasia_FA_HN15_3.csv,stroma_ad_dysplasia_FA_HN11A_5.csv,stroma_ad_dysplasia_FA_HN11A_1.csv,dysplasia_FA_HN11A_1.csv,carcinoma_FA_HN14_2.csv,stroma_ad_carcinoma_FA_HN14_3.csv,stroma_ad_dysplasia_FA_HN15_2.csv,stroma_ad_dysplasia_FA_HN11A_3.csv,dysplasia_FA_HN11A_2.csv,dysplasia_FA_HN11A_3.csv,stroma_ad_carcinoma_FA_HN15_3.csv,carcinoma_FA_HN11A_1.csv,stroma_ad_dysplasia_FA_HN15_4.csv,carcinoma_FA_HN14_3.csv,stroma_ad_dysplasia_FA_HN14_4.csv,stroma_ad_carcinoma_FA_HN15_4.csv,stroma_ad_dysplasia_FA_HN11A_4.csv,dysplasia_FA_HN11A_4.csv,carcinoma_FA_HN14_4.csv,dysplasia_FA_HN11A_5.csv,dysplasia_FA_HN15_2.csv,dysplasia_FA_HN15_1.csv,dysplasia_FA_HN15_3.csv,carcinoma_FA_HN15_2.csv,stroma_ad_dysplasia_FA_HN14_3.csv,stroma_ad_carcinoma_FA_HN14_5.csv,carcinoma_FA_HN11A_5.csv,stroma_ad_dysplasia_FA_HN11A_2.csv,dysplasia_FA_HN14_1.csv,stroma_ad_carcinoma_FA_HN11A_2.csv,carcinoma_FA_HN11A_3.csv,stroma_ad_dysplasia_FA_HN15_5.csv,stroma_ad_carcinoma_FA_HN11A_1.csv,carcinoma_FA_HN14_1.csv,stroma_ad_dysplasia_FA_HN15_1.csv,stroma_ad_carcinoma_FA_HN14_4.csv,stroma_ad_carcinoma_FA_HN15_1.csv,stroma_ad_carcinoma_FA_HN14_2.csv,carcinoma_FA_HN15_1.csv,stroma_ad_carcinoma_FA_HN15_2.csv
stroma_ad_dysplasia_FA_HN14_2.csv,0.0,4316.2236616396685,4850.711136477298,4335.234459047426,2304.252246873864,2579.587251556678,5325.825331792374,1295.6008217568701,2224.892512709995,2407.2371310407552,6756.713952609018,2232.790874819015,2963.359877264859,1852.5401344955876,3568.1423649005424,7695.926425242614,4384.59052425018,4291.163133744601,501.27152361364455,3399.5853872114776,1250.8698717849763,4237.98803754825,1884.4497784924947,5879.702426806594,3788.262127522696,5523.031667585651,6415.970164662695,6357.821750133543,11089.939137694311,6851.20351294631,6227.207011382012,2639.7975717810386,4429.100600324863,1172.7889371586584,7499.431367698285,3283.666008673504,5497.7432897684685,1562.7582552614929,1540.9194759864401,3893.1956404165894,1259.977423870148,2300.9587080354377,5477.900211079481,1836.4318296799645,7000.135946550462,5987.089656749888
carcinoma_FA_HN11A_2.csv,4316.2236616396685,0.0,805.2522792354227,784.7837688015202,3268.9620901537683,1925.9721741552285,3232.6291441899443,5471.761886021866,2285.7683780405914,2215.085816341892,2521.451769701101,3429.0635464957422,1712.7171902609314,3533.9107236180007,811.8391060028902,4075.557759030741,1180.6734824590392,909.6312754245158,4492.168523786319,1348.0936009229251,5296.496651745764,784.0285478163361,3368.365204255669,1790.0246477243322,764.1926396149153,1837.783330171796,2228.3532581745753,2077.3874091715866,7485.003119052233,2830.439187094688,3985.3245759094293,2610.7520152135894,782.0346582250014,4212.380324677935,4516.415134228878,1130.2852033587549,1367.8186919479983,5212.590366610275,2961.0265084816083,861.864174848469,3257.9577135737145,2668.683718588845,1415.9911553701559,4572.905915049578,3141.820649820118,2522.6644466818257
dysplasia_FA_HN15_5.csv,4850.711136477298,805.2522792354227,0.0,944.6313378491551,3888.779328390478,2536.095733558144,3311.9453212475905,6018.313965506001,2879.4809043468717,2807.539858493426,1931.7238354845542,4025.8981181699764,2285.544696267985,4114.479319923443,1453.5074762432089,3437.5057595753065,1788.88280735952,1123.039678304658,5053.13068266703,1994.6616146299712,5860.600343962455,1374.6955405718431,3943.9742854703422,1157.5394855613529,1350.3848776176774,1407.4191689568893,1623.8718714193515,1518.1680765012547,6839.670790371741,2197.063935962099,3819.968189381619,3245.539227573443,802.1091624922345,4781.199550582286,3971.8241469591785,1690.2590274057566,822.5727793748532,5776.0572216554365,3552.9078462162765,1441.022386218308,3829.4196594279506,3268.181815828397,842.3637731381048,5144.440361589842,2480.7935479696616,2171.5103494859914
carcinoma_FA_HN11A_4.csv,4335.234459047426,784.7837688015202,944.6313378491551,0.0,3221.9067037717396,1881.0320313367154,3887.258510468561,5465.020689427737,2261.3914147251207,2196.2187506779387,2571.518931645117,3385.0630946016886,2050.9867506099235,3494.4020692213917,1067.4395740644284,4295.5081854814525,1914.9667163340312,244.47020421186394,4542.067461322404,1282.9251906603683,5441.336411709748,1485.3316500806072,3329.784806751247,2000.5231906248107,657.7370904393081,2297.9933369515306,2285.9362877027947,2109.721651723727,7570.441697493243,2913.792819795115,4564.035990056971,2554.203209132668,269.942713911073,4175.477599767257,4912.0200255075115,1585.6734871925928,1189.3486925664627,5181.2056930016715,2964.294605818044,680.4040557899763,3310.520659470889,2623.831043671191,1721.013611817128,4535.583304464669,3274.1815221076495,3035.4508574874676
stroma_ad_carcinoma_FA_HN14_1.csv,2304.252246873864,3268.9620901537683,3888.779328390478,3221.9067037717396,0.0,1362.6380916684145,5566.352948846295,2373.5499450119555,1259.2392274173071,1236.4048995652786,5783.175439396451,203.11861288333876,2594.573985991144,467.0056167287813,2508.246876534205,7228.241104928586,3660.3544670653714,3080.826395446316,2257.9429495290246,1978.8889285470884,3342.6199820793677,3439.4300480862294,431.7630493114036,5010.901532657965,2579.0436219656012,4865.606885496655,5489.963456019478,5318.5926457478545,10706.485438199432,6079.247215571548,6465.792641648943,712.890359013029,3295.440380259088,1249.6578003046586,7450.451142603561,2783.145709738164,4369.039188975985,2019.1597919757749,1316.4122592764093,2593.9830235339678,1432.4523272575036,699.0382995688467,4594.292478669073,1359.4554705607954,6359.507846452778,5483.705743379956
stroma_ad_dysplasia_FA_HN14_1.csv,2579.587251556678,1925.9721741552285,2536.095733558144,1881.0320313367154,1362.6380916684145,0.0,4350.335264212245,3620.3478119255487,405.9393101580632,380.7988309849469,4433.964036256793,1512.547784587294,1452.0456396811544,1629.4571662052895,1166.052135570641,5879.448542933616,2319.560370919137,1772.1710031468253,2770.5272159827477,864.7096316468679,3793.6794928102704,2094.697419885591,1470.541199839682,3656.0843508505664,1268.239285042491,3521.511595654537,4138.63430559148,3976.7926483301417,9354.769046509913,4723.582131803851,5224.903581521535,808.7484317295921,1952.645144472473,2311.6094465913498,6125.9709843289975,1526.2153337775112,3048.626277902706,3320.676589289377,1165.546355169313,1340.2717386285867,1570.080007478425,752.1683935829163,3240.367477545106,2671.1914830698547,5002.914340078027,4139.364858587484
stroma_ad_dysplasia_FA_HN15_3.csv,5325.825331792374,3232.6291441899443,3311.9453212475905,3887.258510468561,5566.352948846295,4350.335264212245,0.0,6600.370335758819,4312.987966876805,4381.364656163451,4180.017545513496,5559.6836260483615,2988.896211733568,5428.316729787124,3435.99779132427,2615.4180973871653,2224.0809411846762,4084.6096672580998,5589.012032201145,4356.653898792422,6050.557006292122,2543.333409060748,5272.244151286303,2879.0828418644037,3928.5811574799322,2143.276744780796,3466.9121314551658,3804.0519008179303,5899.410235145587,2891.7956571654095,984.5300656735855,5150.689981748952,3736.3707306594206,5702.235613539251,2410.9742989787574,2829.248144756242,4049.631151047363,6578.321741427995,4615.151879378168,4074.350547601534,4616.220737709897,4920.850797297452,2646.9728303628935,6203.79325457791,3020.0820222952666,1543.4876896443516
stroma_ad_dysplasia_FA_HN11A_5.csv,1295.6008217568701,5471.761886021866,6018.313965506001,5465.020689427737,2373.5499450119555,3620.3478119255487,6600.370335758819,0.0,3251.936598743083,3323.4095059149145,7942.137417718223,2227.5746598971646,4133.967529836992,2042.9371905097482,4713.681999854191,8951.434083162052,5586.277806674717,5363.205577893168,1030.9981788114308,4313.566999018338,1158.2702709719347,5433.457899207954,2173.5811598320643,7083.430431195277,4863.40752022953,6741.51143168715,7614.143134963106,7529.63753658485,12364.853962981158,8074.373208775347,7501.829257317479,3064.957616106846,5540.942428132141,1379.962554493356,8774.247006171778,4462.053246449401,6629.140007256395,741.0749554785435,2608.3001494760897,4908.103174457116,2287.1712363849347,2907.7540703146396,6669.730438712112,1410.8895434868657,8237.292724423274,7224.145179606463
stroma_ad_dysplasia_FA_HN11A_1.csv,2224.892512709995,2285.7683780405914,2879.4809043468717,2261.3914147251207,1259.2392274173071,405.9393101580632,4312.987966876805,3251.936598743083,0.0,346.92122355358265,4788.707241266457,1267.424485724904,1342.636605660857,1263.754658043602,1508.8933174306756,6085.49917905951,2538.7019776351644,2165.395957349751,2382.9889878584777,1229.7471148111922,3417.814990989191,2350.4817590351086,1116.1907419652948,3974.7672373483792,1650.8556685715594,3745.8028978637813,4484.195555369693,4342.110076016442,9596.140640650332,5031.966130250794,5211.934006624869,935.4849770474669,2329.9946794947687,1940.938793859037,6228.1319396349145,1535.9769839855232,3438.7195843125833,2950.806771561982,791.1490365053257,1726.920205915313,1187.5498846290773,695.7381795437257,3555.255797734274,2301.983238727546,5277.980081619222,4315.208496105762
dysplasia_FA_HN11A_1.csv,2407.2371310407552,2215.085816341892,2807.539858493426,2196.2187506779387,1236.4048995652786,380.7988309849469,4381.364656163451,3323.4095059149145,346.92122355358265,0.0,4712.978647401976,1266.0045471689482,1440.0517191760696,1328.7245284208734,1434.5680360557483,6050.8691256087,2485.2508934933635,2106.3377564755324,2534.6394925104014,1087.9267792620851,3615.794927186012,2281.354584123521,1179.92204362693,3900.050203177641,1596.3243712246085,3698.771032131109,4408.116362954916,4275.709568294602,9555.345635637568,4963.407780887548,5264.570812409566,775.4620437189433,2270.6074081633888,2008.8711171750065,6222.986270745824,1566.3031309004796,3379.69503348457,3014.7599623284455,1004.744118091569,1663.9676585060124,1354.626006695191,549.2572639039927,3480.6056930892137,2367.1750096832457,5220.2039939559845,4285.4981171811505
carcinoma_FA_HN14_2.csv,6756.713952609018,2521.451769701101,1931.7238354845542,2571.518931645117,5783.175439396451,4433.964036256793,4180.017545513496,7942.137417718223,4788.707241266457,4712.978647401976,0.0,5939.2156366416875,4109.774545410332,6034.3082534445275,3299.151136380188,2516.1911780049118,3157.669528551248,2763.073040332314,6932.811423458162,3851.7700151626045,7672.268317041887,2885.8271896593155,5866.806981271797,1357.5637253031896,3214.8381303295605,2088.660531123548,784.5737983693721,644.9564733028419,5010.512222623041,1433.3372818417358,4322.148364122228,5119.593007632402,2495.086188563005,6707.512100011914,3632.076622246285,3530.39062901369,1586.0211637998716,7702.123551621997,5440.3043628898895,3248.673335334847,5701.807806002881,5178.544675216803,1803.0523177970647,7070.0820683192,1463.398215516131,2651.2317591266337
stroma_ad_carcinoma_FA_HN14_3.csv,2232.790874819015,3429.0635464957422,4025.8981181699764,3385.0630946016886,203.11861288333876,1512.547784587294,5559.6836260483615,2227.5746598971646,1267.424485724904,1266.0045471689482,5939.2156366416875,0.0,2587.391328075497,398.1044566463386,2653.8115637507435,7303.091712506032,3733.3891063823203,3253.1679806253187,2177.4601249117713,2158.9221475303702,3258.9479716896562,3526.8550676999103,389.2874813158123,5141.026120716254,2751.6585770381366,4946.585290366761,5640.593245021772,5485.733818116048,10803.898205430802,6206.833436315469,6462.352017707929,895.5749040077912,3459.974936998751,1186.0664018385194,7469.620854740567,2785.632041741786,4542.868617686982,1838.4979160577022,1286.7626572402694,2776.4433013014386,1378.139770902351,768.4493476041335,4720.986168192899,1176.7864947859252,6464.606413408851,5542.308734234719
stroma_ad_dysplasia_FA_HN15_2.csv,2963.359877264859,1712.7171902609314,2285.544696267985,2050.9867506099235,2594.573985991144,1452.0456396811544,2988.896211733568,4133.967529836992,1342.636605660857,1440.0517191760696,4109.774545410332,2587.391328075497,0.0,2462.391163359405,1045.5646994816805,4959.728551405149,1482.1261973105,2115.026604624795,3120.0448482876627,1873.3673065270589,3827.2742400184325,1392.937682761552,2303.5545712591097,3045.694653376336,1707.2871023658472,2685.9935865254884,3666.106407579186,3682.1332192335767,8466.130700144597,4005.0357864746265,3901.4844856623135,2213.360327363555,2124.463870334232,2947.313606435584,5021.350174607285,693.5376053218315,3018.6270573799566,3920.9335612189207,1706.4322014971808,1921.4033286624297,1858.128331464966,1968.0233590832738,2582.0502402118505,3347.9704538909436,4260.0886413901635,3184.4679549688944
stroma_ad_dysplasia_FA_HN11A_3.csv,1852.5401344955876,3533.9107236180007,4114.479319923443,3494.4020692213917,467.0056167287813,1629.4571662052895,5428.316729787124,2042.9371905097482,1263.754658043602,1328.7245284208734,6034.3082534445275,398.1044566463386,2462.391163359405,0.0,2754.616133737667,7335.126429230133,3787.5801562996467,3383.116656761535,1806.767597144396,2328.798616980934,2894.490810338278,3595.367540505365,193.20438938027996,5220.71545157066,2876.962044095555,4994.832105985374,5730.126970716418,5592.109332536393,10846.160930341945,6278.639593859156,6346.015504962855,1127.6816978943914,3568.897952188693,905.9458552953341,7430.348904674641,2727.98529607578,4667.266718578086,1701.005764490251,966.7279022984028,2930.204253711315,1036.8588687627598,944.0832801599895,4800.8333933432705,1049.8736650579945,6524.798430474691,5563.948177860975
dysplasia_FA_HN11A_2.csv,3568.1423649005424,811.8391060028902,1453.5074762432089,1067.4395740644284,2508.246876534205,1166.052135570641,3435.99779132427,4713.681999854191,1508.8933174306756,1434.5680360557483,3299.151136380188,2653.8115637507435,1045.5646994816805,2754.616133737667,0.0,4733.748054210612,1289.2985424965743,1118.47913764242,3728.5427362078876,952.1509124773715,4548.734485742653,969.3223481111752,2591.6744881811123,2509.7477455350813,716.083401366212,2377.531769535534,3002.7326511116753,2862.58062373614,8206.370197198323,3577.4837640140986,4267.605038729867,1907.4285601722881,1155.139249605851,3438.5297705186576,5021.6543507088845,765.0166240394911,2024.4581757815492,4443.359337136662,2178.523044915419,917.7100797870837,2477.6578813393157,1893.5883142484445,2092.6159436509406,3798.779707708506,3860.258152257439,3007.1406738822934
dysplasia_FA_HN11A_3.csv,7695.926425242614,4075.557759030741,3437.5057595753065,4295.5081854814525,7228.241104928586,5879.448542933616,2615.4180973871653,8951.434083162052,6085.49917905951,6050.8691256087,2516.1911780049118,7303.091712506032,4959.728551405149,7335.126429230133,4733.748054210612,0.0,3585.60171607875,4483.005767107495,7925.955544885192,5396.737996392592,8452.185563620671,3799.913013243154,7171.560248843166,2330.92064369729,4760.683459967239,2375.403923988415,2228.6482096151744,2566.842284034392,3629.5452446376844,1510.170253821361,2274.0130795223317,6614.7746376522355,4183.525764050529,7886.0334399516405,1444.6603754864452,4652.455238210874,3578.8655573566275,8838.713736139185,6634.117429348934,4848.542408893875,6772.562543702098,6562.9886779948365,2676.8631111831473,8298.858129746906,1218.656223262265,1803.1875552993522
stroma_ad_carcinoma_FA_HN15_3.csv,4384.59052425018,1180.6734824590392,1788.88280735952,1914.9667163340312,3660.3544670653714,2319.560370919137,2224.0809411846762,5586.277806674717,2538.7019776351644,2485.2508934933635,3157.669528551248,3733.3891063823203,1482.1261973105,3787.5801562996467,1289.2985424965743,3585.60171607875,0.0,2059.9047018065926,4561.968177894613,2185.512261459165,5186.166064628211,563.363376893653,3618.8176780454246,1911.8187674624648,1816.2445909910566,1418.5692485130328,2580.471594716631,2757.3588480624226,7087.474650939562,2648.242863560782,3041.39238482504,3095.2850253803545,1873.416475720356,4406.677463605075,3919.960133766315,1200.6484316177305,2467.9462359477297,5385.736199378861,3116.626974859217,1957.6618922529813,3318.684716355738,2989.1939393794914,1383.062524010031,4788.0940595378825,3060.667619335574,1864.6693290199137
carcinoma_FA_HN11A_1.csv,4291.163133744601,909.6312754245158,1123.039678304658,244.47020421186394,3080.826395446316,1772.1710031468253,4084.6096672580998,5363.205577893168,2165.395957349751,2106.3377564755324,2763.073040332314,3253.1679806253187,2115.026604624795,3383.116656761535,1118.47913764242,4483.005767107495,2059.9047018065926,0.0,4510.349867138136,1121.632646629843,5450.52541486021,1642.0604798141724,3219.3686889883656,2174.4226919222847,572.7276574029653,2487.7224646383975,2476.904456933185,2279.1652499852394,7762.586799938921,3110.8203598432324,4768.038759659982,2400.7232490192205,406.3141781409019,4056.5423373045296,5091.328475838059,1700.9122630964575,1296.4288926337106,5068.886814218314,2902.813725841353,513.2490713941396,3296.455588482861,2491.096802603947,1900.5229661112517,4417.279774350188,3475.1166601420864,3233.5742760832745
stroma_ad_dysplasia_FA_HN15_4.csv,501.27152361364455,4492.168523786319,5053.13068266703,4542.067461322404,2257.9429495290246,2770.5272159827477,5589.012032201145,1030.9981788114308,2382.9889878584777,2534.6394925104014,6932.811423458162,2177.4601249117713,3120.0448482876627,1806.767597144396,3728.5427362078876,7925.955544885192,4561.968177894613,4510.349867138136,0.0,3592.3914232305897,1112.0789406070994,4409.020254241165,1841.4359451839848,6058.591275346985,3986.477044372041,5716.809360311506,6599.1173850039195,6530.175907980461,11351.173383044585,7049.479812402047,6496.687983255948,2724.5314031156904,4629.7851452370915,1058.1244378518477,7762.724272835035,3451.8381832174764,5714.7337170033115,1188.69419222494,1686.4945278989592,4102.105824530611,1301.6326841174778,2391.586568721232,5647.344102982902,1586.6774319176475,7212.269454804371,6197.7427702001305
carcinoma_FA_HN14_3.csv,3399.5853872114776,1348.0936009229251,1994.6616146299712,1282.9251906603683,1978.8889285470884,864.7096316468679,4356.653898792422,4313.566999018338,1229.7471148111922,1087.9267792620851,3851.7700151626045,2158.9221475303702,1873.3673065270589,2328.798616980934,952.1509124773715,5396.737996392592,2185.512261459165,1121.632646629843,3592.3914232305897,0.0,4642.274956323951,1822.755336874171,2190.236843726627,3124.03892967017,674.8486193175385,3108.0154241391037,3561.6394954263615,3362.2796335560715,8825.034788015968,4171.789257489769,5165.769909345737,1315.6611952579758,1362.451519973372,2969.551948893857,5789.551317344054,1702.1427019073815,2405.572707263727,3989.455218937582,1998.9624875390252,627.7572598170784,2403.5890952411896,1413.2710236211708,2735.818396870574,3330.880743133415,4473.398513179155,3771.791289263969
stroma_ad_dysplasia_FA_HN14_4.csv,1250.8698717849763,5296.496651745764,5860.600343962455,5441.336411709748,3342.6199820793677,3793.6794928102704,6050.557006292122,1158.2702709719347,3417.814990989191,3615.794927186012,7672.268317041887,3258.9479716896562,3827.2742400184325,2894.490810338278,4548.734485742653,8452.185563620671,5186.166064628211,5450.52541486021,1112.0789406070994,4642.274956323951,0.0,5064.329035298579,2930.071719373024,6689.486834894071,4923.391831321316,6316.580977964253,7284.272745608284,7269.844824693058,11775.230824477323,7637.522293001086,6928.2424072210715,3835.302859768492,5537.068787354102,2145.906799195589,8201.997226342864,4188.643873292565,6560.847654828303,1881.103802747235,2701.935919044123,5084.122021374817,2267.2443338770327,3502.734492571485,6285.833971305287,2538.5065963116963,7783.227269225497,6761.167457586107
stroma_ad_carcinoma_FA_HN15_4.csv,4237.98803754825,784.0285478163361,1374.6955405718431,1485.3316500806072,3439.4300480862294,2094.697419885591,2543.333409060748,5433.457899207954,2350.4817590351086,2281.354584123521,2885.8271896593155,3526.8550676999103,1392.937682761552,3595.367540505365,969.3223481111752,3799.913013243154,563.363376893653,1642.0604798141724,4409.020254241165,1822.755336874171,5064.329035298579,0.0,3425.3180543252165,1681.9236655901711,1416.5027418273703,1446.3411956359505,2323.5870399390374,2471.434178635856,7287.858866116224,2689.2267478728068,3351.7294949182533,2861.352430877118,1441.4160185540604,4239.456929717457,4062.917444985565,1002.6422058683754,2085.104697357455,5221.716813581353,2971.3280985699807,1575.3480779847996,3162.1505698539663,2779.6367909763308,1314.1244843212614,4612.042936317876,2951.8950185628037,2060.834807800087
stroma_ad_dysplasia_FA_HN11A_4.csv,1884.4497784924947,3368.365204255669,3943.9742854703422,3329.784806751247,431.7630493114036,1470.541199839682,5272.244151286303,2173.5811598320643,1116.1907419652948,1179.92204362693,5866.806981271797,389.2874813158123,2303.5545712591097,193.20438938027996,2591.6744881811123,7171.560248843166,3618.8176780454246,3219.3686889883656,1841.4359451839848,2190.236843726627,2930.071719373024,3425.3180543252165,0.0,5050.25063937902,2715.7646855021117,4826.774131609462,5560.603302422639,5428.941465304396,10681.898033557653,6108.048999838786,6188.6008478971535,1038.478354367324,3408.2584294806884,984.78655075724,7266.340165816492,2565.6720638504753,4502.293764873066,1858.0093311761052,920.9827844097231,2772.60167824649,1011.3637755189981,818.8133187880908,4630.83127371881,1208.7871106053421,6354.271732755847,5399.685709099376
dysplasia_FA_HN11A_4.csv,5879.702426806594,1790.0246477243322,1157.5394855613529,2000.5231906248107,5010.901532657965,3656.0843508505664,2879.0828418644037,7083.430431195277,3974.7672373483792,3900.050203177641,1357.5637253031896,5141.026120716254,3045.694653376336,5220.71545157066,2509.7477455350813,2330.92064369729,1911.8187674624648,2174.4226919222847,6058.591275346985,3124.03892967017,6689.486834894071,1681.9236655901711,5050.25063937902,0.0,2466.9382220082307,753.2700476163758,690.9122560486776,954.2006892388173,5708.718094370708,1076.0038585056948,3147.384377175427,4364.24860054447,1883.5441899716295,5879.186662257107,2954.2676655322216,2637.694864633231,1496.2350769821878,6865.952158914974,4608.55958801847,2549.2420429658396,4812.691410718911,4383.340031876397,586.0067934085284,6246.452728940513,1371.556741047938,1428.8140361717708
carcinoma_FA_HN14_4.csv,3788.262127522696,764.1926396149153,1350.3848776176774,657.7370904393081,2579.0436219656012,1268.239285042491,3928.5811574799322,4863.40752022953,1650.8556685715594,1596.3243712246085,3214.8381303295605,2751.6585770381366,1707.2871023658472,2876.962044095555,716.083401366212,4760.683459967239,1816.2445909910566,572.7276574029653,3986.477044372041,674.8486193175385,4923.391831321316,1416.5027418273703,2715.7646855021117,2466.9382220082307,0.0,2532.3410728134554,2921.1962020166457,2746.525454384342,8166.020910613235,3517.6727455173145,4687.905171147201,1919.47578322806,733.6174141153214,3556.607516078585,5206.263196499041,1387.0133014382445,1799.3154837131071,4567.681576960285,2388.8616402181933,253.10290676940917,2763.7310119483573,1991.2111292515544,2101.9859290005916,3918.129786170437,3814.427858781259,3220.7777804505117
dysplasia_FA_HN11A_5.csv,5523.031667585651,1837.783330171796,1407.4191689568893,2297.9933369515306,4865.606885496655,3521.511595654537,2143.276744780796,6741.51143168715,3745.8028978637813,3698.771032131109,2088.660531123548,4946.585290366761,2685.9935865254884,4994.832105985374,2377.531769535534,2375.403923988415,1418.5692485130328,2487.7224646383975,5716.809360311506,3108.0154241391037,6316.580977964253,1446.3411956359505,4826.774131609462,753.2700476163758,2532.3410728134554,0.0,1418.096901465456,1698.769651082966,5864.218593898948,1366.7298014554872,2507.783170242044,4274.769850971218,2113.2470501566017,5587.35317949706,2694.9495459714517,2339.37610606244,2010.2426535406992,6560.54614105559,4328.657269477964,2665.595828889267,4488.095589684447,4204.142165548537,709.1547389010927,5979.067657967138,1679.5004185246894,850.0411741680161
dysplasia_FA_HN15_2.csv,6415.970164662695,2228.3532581745753,1623.8718714193515,2285.9362877027947,5489.963456019478,4138.63430559148,3466.9121314551658,7614.143134963106,4484.195555369693,4408.116362954916,784.5737983693721,5640.593245021772,3666.106407579186,5730.126970716418,3002.7326511116753,2228.6482096151744,2580.471594716631,2476.904456933185,6599.1173850039195,3561.6394954263615,7284.272745608284,2323.5870399390374,5560.603302422639,690.9122560486776,2921.1962020166457,1418.096901465456,0.0,435.3347436821255,5297.247158925038,800.7759171967173,3651.695618600839,4829.611751265781,2226.4337200914892,6396.727173040986,3209.7134014801572,3196.4428349304517,1380.113297044627,7387.148608902727,5134.725848406187,2955.9136097035257,5357.294417803005,4879.861457894506,1233.5757543127856,6761.316838708211,1077.053084617743,1953.604520199213
dysplasia_FA_HN15_1.csv,6357.821750133543,2077.3874091715866,1518.1680765012547,2109.721651723727,5318.5926457478545,3976.7926483301417,3804.0519008179303,7529.63753658485,4342.110076016442,4275.709568294602,644.9564733028419,5485.733818116048,3682.1332192335767,5592.109332536393,2862.58062373614,2566.842284034392,2757.3588480624226,2279.1652499852394,6530.175907980461,3362.2796335560715,7269.844824693058,2471.434178635856,5428.941465304396,954.2006892388173,2746.525454384342,1698.769651082966,435.3347436821255,0.0,5550.6855159915485,1169.6119278650644,4022.6978454580503,4640.03539866068,2059.740953881748,6275.547782744597,3548.974327769898,3134.6409460717914,1091.9085547178827,7277.108358772718,5020.206878022507,2750.6150569444258,5289.392216265549,4724.337829871061,1385.3848285867875,6635.698664029223,1417.5947812833333,2321.61436183867
dysplasia_FA_HN15_3.csv,11089.939137694311,7485.003119052233,6839.670790371741,7570.441697493243,10706.485438199432,9354.769046509913,5899.410235145587,12364.853962981158,9596.140640650332,9555.345635637568,5010.512222623041,10803.898205430802,8466.130700144597,10846.160930341945,8206.370197198323,3629.5452446376844,7087.474650939562,7762.586799938921,11351.173383044585,8825.034788015968,11775.230824477323,7287.858866116224,10681.898033557653,5708.718094370708,8166.020910613235,5864.218593898948,5297.247158925038,5550.6855159915485,0.0,4673.939884213039,5336.928002672649,10065.240685368955,7492.352210740314,11381.67649305015,3736.5911626873317,8160.906145975639,6569.079191062152,12312.860445886115,10139.81963899904,8236.635510725235,10266.767505010757,10057.766552955196,6124.546257950448,11807.230490779135,4369.799073561694,5315.817237959583
carcinoma_FA_HN15_2.csv,6851.20351294631,2830.439187094688,2197.063935962099,2913.792819795115,6079.247215571548,4723.582131803851,2891.7956571654095,8074.373208775347,5031.966130250794,4963.407780887548,1433.3372818417358,6206.833436315469,4005.0357864746265,6278.639593859156,3577.4837640140986,1510.170253821361,2648.242863560782,3110.8203598432324,7049.479812402047,4171.789257489769,7637.522293001086,2689.2267478728068,6108.048999838786,1076.0038585056948,3517.6727455173145,1366.7298014554872,800.7759171967173,1169.6119278650644,4673.939884213039,0.0,2946.581206902994,5425.719986640278,2836.3007963730524,6912.5910270394725,2462.7986582842505,3656.8417846460984,2095.7199211617676,7891.122124661072,5611.088883599543,3574.0090411107153,5818.515630112244,5451.81466583538,1535.0028984810426,7291.461701130253,630.0568798389512,1394.3869159918504
stroma_ad_dysplasia_FA_HN14_3.csv,6227.207011382012,3985.3245759094293,3819.968189381619,4564.035990056971,6465.792641648943,5224.903581521535,984.5300656735855,7501.829257317479,5211.934006624869,5264.570812409566,4322.148364122228,6462.352017707929,3901.4844856623135,6346.015504962855,4267.605038729867,2274.0130795223317,3041.39238482504,4768.038759659982,6496.687983255948,5165.769909345737,6928.2424072210715,3351.7294949182533,6188.6008478971535,3147.384377175427,4687.905171147201,2507.783170242044,3651.695618600839,4022.6978454580503,5336.928002672649,2946.581206902994,0.0,6025.920321260323,4387.193096978355,6636.086883480127,1871.7480101033318,3703.650144276593,4498.1223612644435,7509.744532472329,5522.214846662451,4818.915429688987,5545.654846065506,5804.925618576556,3086.798136343175,7130.314397770796,2970.462459330887,1723.558957689402
stroma_ad_carcinoma_FA_HN14_5.csv,2639.7975717810386,2610.7520152135894,3245.539227573443,2554.203209132668,712.890359013029,808.7484317295921,5150.689981748952,3064.957616106846,935.4849770474669,775.4620437189433,5119.593007632402,895.5749040077912,2213.360327363555,1127.6816978943914,1907.4285601722881,6614.7746376522355,3095.2850253803545,2400.7232490192205,2724.5314031156904,1315.6611952579758,3835.302859768492,2861.352430877118,1038.478354367324,4364.24860054447,1919.47578322806,4274.769850971218,4829.611751265781,4640.03539866068,10065.240685368955,5425.719986640278,6025.920321260323,0.0,2630.541579232749,1772.1865140459668,6916.660581178376,2325.800652501519,3677.0631292621147,2723.0466184548914,1364.8698932311715,1901.0210706682392,1630.385841226669,355.79087893622716,3955.785958549767,2062.1137347543604,5721.985133154826,4904.676709600667
carcinoma_FA_HN11A_5.csv,4429.100600324863,782.0346582250014,802.1091624922345,269.942713911073,3295.440380259088,1952.645144472473,3736.3707306594206,5540.942428132141,2329.9946794947687,2270.6074081633888,2495.086188563005,3459.974936998751,2124.463870334232,3568.897952188693,1155.139249605851,4183.525764050529,1873.416475720356,406.3141781409019,4629.7851452370915,1362.451519973372,5537.068787354102,1441.4160185540604,3408.2584294806884,1883.5441899716295,733.6174141153214,2113.2470501566017,2226.4337200914892,2059.740953881748,7492.352210740314,2836.3007963730524,4387.193096978355,2630.541579232749,0.0,4253.948590195982,4749.727579189725,1613.4438847473841,1114.8819523669342,5260.2189291154355,3046.8729692913753,757.5724441753102,3409.650634288681,2698.895598736732,1565.0834025396955,4614.708318964559,3197.23165213962,2847.7962386489507
stroma_ad_dysplasia_FA_HN11A_2.csv,1172.7889371586584,4212.380324677935,4781.199550582286,4175.477599767257,1249.6578003046586,2311.6094465913498,5702.235613539251,1379.962554493356,1940.938793859037,2008.8711171750065,6707.512100011914,1186.0664018385194,2947.313606435584,905.9458552953341,3438.5297705186576,7886.0334399516405,4406.677463605075,4056.5423373045296,1058.1244378518477,2969.551948893857,2145.906799195589,4239.456929717457,984.78655075724,5879.186662257107,3556.607516078585,5587.35317949706,6396.727173040986,6275.547782744597,11381.67649305015,6912.5910270394725,6636.086883480127,1772.1865140459668,4253.948590195982,0.0,7848.5969025798495,3260.7038540916687,5344.905506324383,1029.5265407963277,1321.831815322922,3585.7375793762476,1123.9391934719583,1576.2561205358957,5461.224575447002,751.2997801493057,7125.700437886246,6118.538790568357
dysplasia_FA_HN14_1.csv,7499.431367698285,4516.415134228878,3971.8241469591785,4912.0200255075115,7450.451142603561,6125.9709843289975,2410.9742989787574,8774.247006171778,6228.1319396349145,6222.986270745824,3632.076622246285,7469.620854740567,5021.350174607285,7430.348904674641,5021.6543507088845,1444.6603754864452,3919.960133766315,5091.328475838059,7762.724272835035,5789.551317344054,8201.997226342864,4062.917444985565,7266.340165816492,2954.2676655322216,5206.263196499041,2694.9495459714517,3209.7134014801572,3548.974327769898,3736.5911626873317,2462.7986582842505,1871.7480101033318,6916.660581178376,4749.727579189725,7848.5969025798495,0.0,4722.081275361242,4428.734518589639,8747.647025443785,6668.779594053703,5333.249019315107,6746.352053859449,6758.8279731403,3222.618464004613,8314.161591483775,2222.0760158742514,2138.6807984650077
stroma_ad_carcinoma_FA_HN11A_2.csv,3283.666008673504,1130.2852033587549,1690.2590274057566,1585.6734871925928,2783.145709738164,1526.2153337775112,2829.248144756242,4462.053246449401,1535.9769839855232,1566.3031309004796,3530.39062901369,2785.632041741786,693.5376053218315,2727.98529607578,765.0166240394911,4652.455238210874,1200.6484316177305,1700.9122630964575,3451.8381832174764,1702.1427019073815,4188.643873292565,1002.6422058683754,2565.6720638504753,2637.694864633231,1387.0133014382445,2339.37610606244,3196.4428349304517,3134.6409460717914,8160.906145975639,3656.8417846460984,3703.650144276593,2325.800652501519,1613.4438847473841,3260.7038540916687,4722.081275361242,0.0,2412.21585936194,4241.862359260856,2028.0186933423286,1563.0819005951257,2212.2785402404497,2108.7288452160997,2212.8494516516557,3650.7559588566533,3880.0643032116604,2877.809723099057
carcinoma_FA_HN11A_3.csv,5497.7432897684685,1367.8186919479983,822.5727793748532,1189.3486925664627,4369.039188975985,3048.626277902706,4049.631151047363,6629.140007256395,3438.7195843125833,3379.69503348457,1586.0211637998716,4542.868617686982,3018.6270573799566,4667.266718578086,2024.4581757815492,3578.8655573566275,2467.9462359477297,1296.4288926337106,5714.7337170033115,2405.572707263727,6560.847654828303,2085.104697357455,4502.293764873066,1496.2350769821878,1799.3154837131071,2010.2426535406992,1380.113297044627,1091.9085547178827,6569.079191062152,2095.7199211617676,4498.1223612644435,3677.0631292621147,1114.8819523669342,5344.905506324383,4428.734518589639,2412.21585936194,0.0,6352.33663915863,4150.080401926173,1783.0166513205131,4483.970539157155,3781.223128201884,1417.3979929671123,5705.2765360577105,2451.0635008825016,2824.3582105937103
stroma_ad_dysplasia_FA_HN15_5.csv,1562.7582552614929,5212.590366610275,5776.0572216554365,5181.2056930016715,2019.1597919757749,3320.676589289377,6578.321741427995,741.0749554785435,2950.806771561982,3014.7599623284455,7702.123551621997,1838.4979160577022,3920.9335612189207,1701.005764490251,4443.359337136662,8838.713736139185,5385.736199378861,5068.886814218314,1188.69419222494,3989.455218937582,1881.103802747235,5221.716813581353,1858.0093311761052,6865.952158914974,4567.681576960285,6560.54614105559,7387.148608902727,7277.108358772718,12312.860445886115,7891.122124661072,7509.744532472329,2723.0466184548914,5260.2189291154355,1029.5265407963277,8747.647025443785,4241.862359260856,6352.33663915863,0.0,2323.2199186604635,4602.318010439948,2082.111805802219,2587.13595214962,6447.685005075627,787.9015550875837,8091.001789637577,7081.065781187598
stroma_ad_carcinoma_FA_HN11A_1.csv,1540.9194759864401,2961.0265084816083,3552.9078462162765,2964.294605818044,1316.4122592764093,1165.546355169313,4615.151879378168,2608.3001494760897,791.1490365053257,1004.744118091569,5440.3043628898895,1286.7626572402694,1706.4322014971808,966.7279022984028,2178.523044915419,6634.117429348934,3116.626974859217,2902.813725841353,1686.4945278989592,1998.9624875390252,2701.935919044123,2971.3280985699807,920.9827844097231,4608.55958801847,2388.8616402181933,4328.657269477964,5134.725848406187,5020.206878022507,10139.81963899904,5611.088883599543,5522.214846662451,1364.8698932311715,3046.8729692913753,1321.831815322922,6668.779594053703,2028.0186933423286,4150.080401926173,2323.2199186604635,0.0,2486.2960011426217,477.61609301566966,1058.380976172469,4171.2076640858,1691.1106317505687,5877.797201059136,4864.143834579539
carcinoma_FA_HN14_1.csv,3893.1956404165894,861.864174848469,1441.022386218308,680.4040557899763,2593.9830235339678,1340.2717386285867,4074.350547601534,4908.103174457116,1726.920205915313,1663.9676585060124,3248.673335334847,2776.4433013014386,1921.4033286624297,2930.204253711315,917.7100797870837,4848.542408893875,1957.6618922529813,513.2490713941396,4102.105824530611,627.7572598170784,5084.122021374817,1575.3480779847996,2772.60167824649,2549.2420429658396,253.10290676940917,2665.595828889267,2955.9136097035257,2750.6150569444258,8236.635510725235,3574.0090411107153,4818.915429688987,1901.0210706682392,757.5724441753102,3585.7375793762476,5333.249019315107,1563.0819005951257,1783.0166513205131,4602.318010439948,2486.2960011426217,0.0,2889.3161625863013,2018.404231284293,2181.9027777485267,3946.926467779969,3901.9083349007565,3356.6394150118304
stroma_ad_dysplasia_FA_HN15_1.csv,1259.977423870148,3257.9577135737145,3829.4196594279506,3310.520659470889,1432.4523272575036,1570.080007478425,4616.220737709897,2287.1712363849347,1187.5498846290773,1354.626006695191,5701.807806002881,1378.139770902351,1858.128331464966,1036.8588687627598,2477.6578813393157,6772.562543702098,3318.684716355738,3296.455588482861,1301.6326841174778,2403.5890952411896,2267.2443338770327,3162.1505698539663,1011.3637755189981,4812.691410718911,2763.7310119483573,4488.095589684447,5357.294417803005,5289.392216265549,10266.767505010757,5818.515630112244,5545.654846065506,1630.385841226669,3409.650634288681,1123.9391934719583,6746.352053859449,2212.2785402404497,4483.970539157155,2082.111805802219,477.61609301566966,2889.3161625863013,0.0,1297.7853312838483,4391.875218698451,1602.9018160636385,6015.4779467658145,5006.239470316102
stroma_ad_carcinoma_FA_HN14_4.csv,2300.9587080354377,2668.683718588845,3268.181815828397,2623.831043671191,699.0382995688467,752.1683935829163,4920.850797297452,2907.7540703146396,695.7381795437257,549.2572639039927,5178.544675216803,768.4493476041335,1968.0233590832738,944.0832801599895,1893.5883142484445,6562.9886779948365,2989.1939393794914,2491.096802603947,2391.586568721232,1413.2710236211708,3502.734492571485,2779.6367909763308,818.8133187880908,4383.340031876397,1991.2111292515544,4204.142165548537,4879.861457894506,4724.337829871061,10057.766552955196,5451.81466583538,5804.925618576556,355.79087893622716,2698.895598736732,1576.2561205358957,6758.8279731403,2108.7288452160997,3781.223128201884,2587.13595214962,1058.380976172469,2018.404231284293,1297.7853312838483,0.0,3962.8873564287405,1931.1338012221706,5715.776663583004,4806.719108913693
stroma_ad_carcinoma_FA_HN15_1.csv,5477.900211079481,1415.9911553701559,842.3637731381048,1721.013611817128,4594.292478669073,3240.367477545106,2646.9728303628935,6669.730438712112,3555.255797734274,3480.6056930892137,1803.0523177970647,4720.986168192899,2582.0502402118505,4800.8333933432705,2092.6159436509406,2676.8631111831473,1383.062524010031,1900.5229661112517,5647.344102982902,2735.818396870574,6285.833971305287,1314.1244843212614,4630.83127371881,586.0067934085284,2101.9859290005916,709.1547389010927,1233.5757543127856,1385.3848285867875,6124.546257950448,1535.0028984810426,3086.798136343175,3955.785958549767,1565.0834025396955,5461.224575447002,3222.618464004613,2212.8494516516557,1417.3979929671123,6447.685005075627,4171.2076640858,2181.9027777485267,4391.875218698451,3962.8873564287405,0.0,5827.8625691025045,1926.3859799645297,1426.1449392668853
stroma_ad_carcinoma_FA_HN14_2.csv,1836.4318296799645,4572.905915049578,5144.440361589842,4535.583304464669,1359.4554705607954,2671.1914830698547,6203.79325457791,1410.8895434868657,2301.983238727546,2367.1750096832457,7070.0820683192,1176.7864947859252,3347.9704538909436,1049.8736650579945,3798.779707708506,8298.858129746906,4788.0940595378825,4417.279774350188,1586.6774319176475,3330.880743133415,2538.5065963116963,4612.042936317876,1208.7871106053421,6246.452728940513,3918.129786170437,5979.067657967138,6761.316838708211,6635.698664029223,11807.230490779135,7291.461701130253,7130.314397770796,2062.1137347543604,4614.708318964559,751.2997801493057,8314.161591483775,3650.7559588566533,5705.2765360577105,787.9015550875837,1691.1106317505687,3946.926467779969,1602.9018160636385,1931.1338012221706,5827.8625691025045,0.0,7517.542935211912,6523.529115370259
