,topology_carcinoma_10_clean.csv,topology_dysplasia_18_clean.csv,topology_ad_carcinoma_2_clean.csv,topology_carcinoma_2_clean.csv,topology_ad_carcinoma_10_clean.csv,topology_ad_carcinoma_9_clean.csv,topology_dysplasia_5_clean.csv,topology_ad_carcinoma_3_clean.csv,topology_dysplasia_14_clean.csv,topology_ad_carcinoma_1_clean.csv,topology_dysplasia_13_clean.csv,topology_ad_dysplasia_7_clean.csv,topology_dysplasia_17_clean.csv,topology_carcinoma_8_clean.csv,topology_dysplasia_10_clean.csv,topology_carcinoma_20_clean.csv,topology_dysplasia_11_clean.csv,topology_ad_carcinoma_8_clean.csv,topology_carcinoma_13_clean.csv,topology_ad_carcinoma_4_clean.csv,topology_carcinoma_9_clean.csv,topology_ad_carcinoma_12_clean.csv,topology_carcinoma_4_clean.csv,topology_ad_carcinoma_15_clean.csv,topology_ad_carcinoma_5_clean.csv,topology_ad_dysplasia_8_clean.csv,topology_dysplasia_7_clean.csv,topology_carcinoma_17_clean.csv,topology_dysplasia_19_clean.csv,topology_carcinoma_5_clean.csv,topology_dysplasia_8_clean.csv,topology_carcinoma_7_clean.csv,topology_carcinoma_19_clean.csv,topology_ad_carcinoma_11_clean.csv,topology_dysplasia_2_clean.csv,topology_carcinoma_18_clean.csv,topology_dysplasia_9_clean.csv,topology_carcinoma_11_clean.csv,topology_carcinoma_16_clean.csv,topology_dysplasia_12_clean.csv,topology_ad_dysplasia_1_clean.csv,topology_dysplasia_1_clean.csv,topology_ad_dysplasia_3_clean.csv,topology_ad_carcinoma_6_clean.csv,topology_dysplasia_16_clean.csv,topology_dysplasia_15_clean.csv,topology_dysplasia_4_clean.csv,topology_ad_dysplasia_2_clean.csv,topology_ad_carcinoma_7_clean.csv,topology_ad_carcinoma_13_clean.csv,topology_ad_dysplasia_6_clean.csv,topology_dysplasia_3_clean.csv,topology_ad_dysplasia_9_clean.csv,topology_ad_carcinoma_14_clean.csv,topology_carcinoma_3_clean.csv,topology_carcinoma_6_clean.csv,topology_ad_dysplasia_4_clean.csv,topology_dysplasia_6_clean.csv,topology_ad_dysplasia_10_clean.csv,topology_ad_dysplasia_5_clean.csv,topology_carcinoma_14_clean.csv,topology_carcinoma_12_clean.csv,topology_carcinoma_15_clean.csv,topology_carcinoma_1_clean.csv
topology_carcinoma_10_clean.csv,0.0,1726.7443367470942,2403.7879140269974,1477.538124461381,2547.5293185462124,2396.887421802825,967.6125231705377,2863.8017872894625,1592.3422714986339,3066.130104721743,1211.528383464834,inf,2360.2835498839913,1718.9436009073436,1607.763684494578,2107.6199536558206,1450.9963941794604,3547.090083500537,1439.0711770385235,3133.4256899588554,1270.78955355481,2124.994080856719,933.0163068541996,1992.468044532194,3135.409886116899,2922.7055154638892,2524.0153363606405,1977.2467264180978,1267.502235278442,1551.8841686758442,2537.7780527950435,1750.889453920326,898.7025383000573,2013.868769670951,1729.8402986411052,846.7578672103589,inf,1183.7148244473942,972.0458619334328,1145.983240834707,2143.232175227283,1357.5430962172077,1781.6282403524508,3167.8814908095997,2327.982711233948,1782.5573894087713,1215.0396963204503,1883.0765182742743,3599.753820763888,3215.556552931789,2024.9592191467184,inf,2803.439321332577,2181.535902527343,1159.787359257522,2312.051177670225,2409.0059557899503,2477.7678243835803,1905.4466922365975,3007.4915222227482,1828.8182822918013,1756.2250534170475,1512.1708010159641,1455.4322975218458
topology_dysplasia_18_clean.csv,1726.7443367470942,0.0,1271.0159811000422,1193.7290414317267,1168.1915917611761,1154.2208384267653,1099.3681057416136,1650.3651239561445,742.3173679812701,1667.6780690131764,1011.4383275225442,inf,1023.8632987688808,867.0962373449979,1163.6780028073117,1063.5082573980974,865.9193324663215,2143.1276382670626,876.445491263317,1728.3634286906488,1128.023587861506,1186.5730563847872,1158.310471784302,860.5514715917726,1726.6074548810832,1791.5064459706357,1250.449108515476,923.1115662249159,1272.0866588948384,1045.9450388922749,1138.100183996549,982.7964720325347,1823.2589259943177,1516.3429758613006,1098.8095750357577,1854.542524012836,inf,1005.6604000795251,1711.916588880332,1326.975714435033,1102.877900425205,1212.2610618322415,1179.3563430449246,1775.3459162670804,952.4426527268469,855.2875907692786,1355.1216485704892,891.889327109934,2171.495967915932,1792.8512538683021,1375.5670111916802,inf,1693.4145933142445,1143.4789982680477,1234.6319649072443,1204.469574323515,1184.0066042571862,1127.1373826391746,1189.5300124077758,1578.699009455754,889.7318911583271,754.0295346403947,813.1256374312588,1006.8066117179853
topology_ad_carcinoma_2_clean.csv,2403.7879140269974,1271.0159811000422,0.0,2155.3218331714716,824.6976384289105,660.9107931354763,1942.9986852421894,907.6993047663167,1619.0127143614118,964.6257329780874,1698.7565223776473,inf,1640.142649246674,1670.2189324782285,1884.2641347099777,1596.9470744085895,1658.8183483885255,1387.8491997941405,1695.1755364436556,1036.698943120772,1933.1699170235745,671.6215522343551,1914.4507473972465,920.0408382927457,1001.7895074327787,1504.8618982785467,1761.8756674430251,1745.9276213615458,2185.064415516315,1946.7590948459294,1598.6945546261873,1911.4301246085915,2369.894318753069,1164.1041495400777,1180.805584866559,2604.8711230528834,inf,1681.688201830221,2589.3909987295733,1763.3428083502736,877.5095658417765,2150.966215597632,1025.1594723885876,1067.7461049354124,1067.9081079754178,1598.9556771556934,2215.2532504840938,898.1312736173427,1407.909388759768,1100.0856672237032,1027.2358884607454,inf,1343.6611706268711,690.673861611886,2099.7198237021084,2003.2382111396216,737.5358090471369,1608.886395215227,1005.8901809628081,920.7806735014171,1044.1454996275675,1360.1392713011776,1468.0433055102374,1902.2146898907292
topology_carcinoma_2_clean.csv,1477.538124461381,1193.7290414317267,2155.3218331714716,0.0,1991.687015737955,2054.589099026242,986.4066011087127,2609.950410146494,968.7273729528715,2555.094582440293,1058.4594807699739,inf,1332.178306755191,909.0241434352379,1214.5009627928955,1237.0582746758264,965.7243536834768,3116.842250452962,915.1435790501059,2617.9631478295073,816.408588072659,2010.4297904721523,1013.6071525106042,1615.4634900174929,2633.30396222162,2697.264813291835,1536.3296441663465,1059.427845776631,692.5219585446833,605.6649039835094,1631.2067158324617,755.0008616816567,1857.938741571512,2324.3332059737104,1555.096900513847,1493.6343041510572,inf,1146.0057854820293,1123.3563338311967,1551.5395231957716,1934.476781277049,593.2480074117202,1945.3417709735847,2690.6486213498274,1791.0058076113307,1047.8318067997927,737.1306077125145,1659.7940175219062,3067.9581042327513,2666.3050161224487,2234.5783038888853,inf,2634.599567268577,1977.2654653203074,819.5309570433222,1156.3989566941345,2105.9499783283445,1499.076171964288,1962.5804273726346,2469.3933916573424,1531.6873095767166,1083.741218557828,999.5728678172372,648.9255479790463
topology_ad_carcinoma_10_clean.csv,2547.5293185462124,1168.1915917611761,824.6976384289105,1991.687015737955,0.0,648.9734037598693,1967.678563040938,959.7317636593691,1493.7162629978839,809.474370606332,1719.8282408313362,inf,1260.7744201978442,1479.6310225991654,1870.169270483202,1394.5211315916738,1666.373232961679,1345.2820375735823,1629.683506253155,899.8289585563837,1869.514895903854,1023.5381645720759,1925.486453082031,856.4969701875825,917.7970397133266,1696.7720593333206,1331.5803729168256,1521.384741916314,2082.881272969694,1740.9661575495654,1125.2894395053224,1689.57862950178,2560.524715343504,1620.8368701461613,1251.8463773521523,2709.653341991263,inf,1771.572046525512,2606.713534745724,1891.5379460187273,894.0041085687044,2029.0707651269934,1394.099626371704,983.132164530316,863.2357861093014,1478.4301737789258,2173.101460115849,979.3816758980411,1277.574943606556,896.5658929368896,1483.8859610638174,inf,1588.4741966354275,837.5450526979675,2055.602266596026,1545.2189862487858,926.5454449211436,1110.5410556463391,1167.089866766565,825.1990297181299,1012.6789536817446,1151.0711374824386,1412.5274324332302,1726.2995721251582
topology_ad_carcinoma_9_clean.csv,2396.887421802825,1154.2208384267653,660.9107931354763,2054.589099026242,648.9734037598693,0.0,1845.125936271659,924.4720518010395,1487.2259202680002,930.4984699434873,1598.2682782897323,inf,1414.3215922549632,1522.6545280689757,1778.8588518660129,1390.1708561664989,1548.0956878865554,1425.7502904912708,1614.934011928087,983.1101676138622,1806.3964889819151,756.6378672620544,1881.2949110691436,805.7370681410698,988.1987969950347,1584.3088228113781,1522.661128210358,1511.5312634733414,2129.0786902302016,1802.9915824655288,1311.1363195046051,1753.1202818110246,2389.689184542233,1262.1613470226494,1228.6862922898927,2611.533763380933,inf,1653.766579471776,2515.533619586792,1753.8944303944736,800.4600807815369,2032.4685641220965,1081.039786862127,1071.526458724118,906.859896750868,1435.5862688012812,2108.6169319840856,828.5978459176424,1400.3090227814853,1027.3886296324815,1144.529624738334,inf,1421.0735028447716,648.547361666522,2017.4665439730768,1739.5108866189746,814.6741957079781,1325.0969456945345,931.0036749835448,903.7847620715447,970.2592627102379,1259.9043912647599,1398.4562625495016,1755.7235131405248
topology_dysplasia_5_clean.csv,967.6125231705377,1099.3681057416136,1942.9986852421894,986.4066011087127,1967.678563040938,1845.125936271659,0.0,2470.2394397420603,1000.9965585168079,2523.948816406543,705.0065618839224,inf,1650.7713449337612,1073.4392842109373,1099.1478773378913,1434.9907381858975,871.703336437131,3027.5649484904347,807.6242295313657,2596.883666282729,729.0346911153428,1671.7547057539643,606.934761089002,1440.5825666252176,2594.11235215397,2542.7085898726573,1848.3512607015396,1307.439179936365,959.8753765708583,956.4500056504313,1862.3064142248788,1144.2073853807995,1199.534581899524,1812.2698510381344,1307.9994096251378,1095.0116581441378,inf,708.885426458467,952.8539356646373,969.0162201933158,1657.5524883782618,906.8065197624214,1433.9747535712615,2659.124413628915,1742.807845036616,1139.104135884244,836.9372893811882,1363.6711676262066,3060.990727116322,2659.47169511921,1779.9792200920576,inf,2422.7671151737236,1674.587330639405,674.3255283679291,1611.7952234964098,1954.5618468767784,1771.2407646363629,1544.4938304280722,2465.1850817531717,1313.9269498467343,1140.6486796965482,911.8652168248385,847.9720829615491
topology_ad_carcinoma_3_clean.csv,2863.8017872894625,1650.3651239561445,907.6993047663167,2609.950410146494,959.7317636593691,924.4720518010395,2470.2394397420603,0.0,1939.533375355746,836.9497444909757,2137.920803689226,inf,1826.5088895940069,2036.679131475252,2135.0292203181266,1959.0363926520758,2115.1470794710517,1142.3909670086937,2132.024603866511,853.2204814528768,2362.964178180184,1181.168094072954,2463.6652987342804,1336.6782475575997,851.4834215460012,1600.2812455461883,1839.8479321452287,1961.7825895321205,2671.523421486701,2372.64495621134,1622.5094808855017,2229.539567911676,2899.4882763028368,1590.8286559863704,1578.213098438274,3175.499391689145,inf,2211.2753581827587,3126.0380502610733,2139.837385906474,1177.5079684094535,2588.775903565835,1555.476990288133,890.9008267049226,1167.9099123034728,1984.6590681691569,2736.8795156309347,1377.8375151280222,1169.4952080733276,911.5375476167967,1433.2788523602637,inf,1490.5039361695735,1099.9933041834108,2616.874869597266,2216.210718687162,958.2377312308784,1737.1205269447435,1345.3526817941722,806.6668185581125,1431.2222077661713,1775.168858347479,1970.503008295815,2316.0565662438153
topology_dysplasia_14_clean.csv,1592.3422714986339,742.3173679812701,1619.0127143614118,968.7273729528715,1493.7162629978839,1487.2259202680002,1000.9965585168079,1939.533375355746,0.0,2017.2550172850017,850.497033810331,inf,1046.3654200390936,718.6948044689758,884.8288642748648,927.8456928977056,725.0943411514132,2537.7051988521453,684.6306516823472,2077.0624264760563,842.4809229860211,1496.9593573360983,1086.495105568851,1086.941178827502,2106.033681950682,2238.9565141404655,1179.1094373828473,767.1195162294338,1083.3306579295697,820.2370797917891,1174.659112936883,783.0789194201828,1809.7985694565155,1802.857288764601,1173.6663375982323,1798.9912566044056,inf,991.8838522066267,1525.2227236112874,1338.2201738964054,1315.5822809832603,977.073054086564,1474.9380192628269,2153.645304373938,1337.4868782159183,719.3197275524209,1122.1812390550238,1129.1887173064526,2535.121306971324,2152.422632694948,1678.4125939846926,inf,2177.1078355494906,1426.6691276644335,1006.277989894223,1008.2890760067262,1591.7153546690108,1130.6247284512876,1369.817611946883,1944.7393450108434,1047.0620348149907,728.836523774984,676.8279064718947,754.7828999254743
topology_ad_carcinoma_1_clean.csv,3066.130104721743,1667.6780690131764,964.6257329780874,2555.094582440293,809.474370606332,930.4984699434873,2523.948816406543,836.9497444909757,2017.2550172850017,0.0,2252.8930701590257,inf,1704.6108637147338,1974.7645165807469,2327.3377637400454,1902.9632035896366,2181.211933864684,806.6529803647036,2198.1009769220364,519.7484892387174,2397.5720699550116,1231.4355348493207,2475.573058192994,1337.097197797239,557.602307502775,1499.3056883906108,1758.1322054328461,2007.8442926830262,2645.077804235365,2316.439642892201,1516.4574814427435,2189.538273178434,3055.636530514312,1816.877257442187,1672.3588761299582,3242.728697107224,inf,2290.678880946748,3182.930829783654,2372.2824752105334,1246.6603899056947,2570.024612686277,1701.2019332253283,646.2034470436745,1090.257443752707,1992.6216189921774,2737.2056147527383,1457.377633097952,747.4489836168577,554.6567260223513,1685.8358382227127,inf,1391.503977968277,1181.4087335023703,2599.5427294084957,2047.839911274995,983.1569571833276,1548.7047759676682,1526.343850523924,531.4130956261749,1438.544707553055,1697.24142152338,1968.4696046723907,2272.219788239929
topology_dysplasia_13_clean.csv,1211.528383464834,1011.4383275225442,1698.7565223776473,1058.4594807699739,1719.8282408313362,1598.2682782897323,705.0065618839224,2137.920803689226,850.497033810331,2252.8930701590257,0.0,inf,1513.7924256959298,919.7716574941385,958.0859628828213,1241.9187177177428,786.6655504967207,2780.18820372124,718.5863060190193,2324.350896657908,776.4478095337051,1467.8393407238407,752.2415630856514,1200.8148182940167,2332.6922566878466,2474.298002194101,1663.5810461603116,1175.6561831469883,1057.3863355658607,952.3232628708757,1621.803381371842,1109.8963463742496,1387.2399752153024,1681.4163571013278,1105.2801677679734,1390.4419010781553,inf,689.1470688763789,1253.3856530629444,955.8332542030203,1421.9237388654653,996.5527949124704,1353.1972352341425,2395.916769266352,1667.0369944836566,1006.1473509412755,978.6706767019413,1157.4058772736885,2790.4588647179366,2386.614763393858,1675.8262425515027,inf,2332.4993934283602,1456.22148059276,822.0574384102811,1474.647555681478,1779.275791337534,1582.7001391332558,1313.9495994095173,2195.0677330573576,1067.8484095757203,948.1412359619477,760.8380183823565,854.550425732062
topology_ad_dysplasia_7_clean.csv,inf,inf,inf,inf,inf,inf,inf,inf,inf,inf,inf,0.0,inf,inf,inf,inf,inf,inf,inf,inf,inf,inf,inf,inf,inf,inf,inf,inf,inf,inf,inf,inf,inf,inf,inf,inf,inf,inf,inf,inf,inf,inf,inf,inf,inf,inf,inf,inf,inf,inf,inf,2493.0302666336715,inf,inf,inf,inf,inf,inf,inf,inf,inf,inf,inf,inf
topology_dysplasia_17_clean.csv,2360.2835498839913,1023.8632987688808,1640.142649246674,1332.178306755191,1260.7744201978442,1414.3215922549632,1650.7713449337612,1826.5088895940069,1046.3654200390936,1704.6108637147338,1513.7924256959298,inf,0.0,1008.5447057084112,1265.6732277216859,732.8796885656119,1196.0117724030524,2229.334605864171,1316.3999454421553,1703.8606544382233,1376.2486459130298,1675.270897267912,1733.7550661929283,1200.3651075150813,1792.4617569274487,2195.704665220409,792.392603506288,803.1538618786271,1623.7871796002466,1212.4863469517852,755.301903563926,999.2652343071147,2571.6153183952883,2166.5975251782197,1680.1039929447013,2455.3758981952647,inf,1581.4290583024108,2114.9603881209305,2033.1573382888876,1430.3378482068317,1421.4477990139876,1872.9384889428854,1817.7940254959406,1208.940821050844,860.3234451941277,1638.213430887527,1405.549378581915,2124.953589166686,1793.7526165253696,2008.402866402974,inf,2141.6788682632828,1549.1000072716204,1568.9328721727377,733.8963500528301,1567.3681308888524,618.388983297473,1664.8005931393625,1629.145595888469,1376.0821151626167,1100.0023204449496,1220.5890763131454,1177.3747908257071
topology_carcinoma_8_clean.csv,1718.9436009073436,867.0962373449979,1670.2189324782285,909.0241434352379,1479.6310225991654,1522.6545280689757,1073.4392842109373,2036.679131475252,718.6948044689758,1974.7645165807469,919.7716574941385,inf,1008.5447057084112,0.0,984.9529832431062,968.3962167014996,767.0310196549179,2549.55759991956,773.7652127022637,2042.9116965586893,899.7259478999413,1555.693050521057,1122.2902390221157,1139.8350279753201,2090.808975766902,2347.1837923628223,1190.8942936470062,764.2568453331361,1072.826522650347,724.673929453212,1188.8907164361988,704.3139413421396,1922.3158301621245,1964.6650032172652,1229.4437603377287,1829.2714021288377,inf,983.7602227760462,1568.5455944123971,1426.279182292644,1425.0978870584227,932.2718212672563,1638.6432469853246,2138.860609813911,1420.6411980213452,777.2435082329085,1110.342518199747,1217.2965547182848,2489.5876965621405,2105.532554655958,1886.759339852981,inf,2238.8545774975573,1500.9779201790668,1044.5519311277826,949.1041299777237,1623.1723159268488,1098.6370449878023,1540.4499402500521,1912.823595603421,1072.6219127030486,758.2098817433929,760.2244419554067,712.9807198877517
topology_dysplasia_10_clean.csv,1607.763684494578,1163.6780028073117,1884.2641347099777,1214.5009627928955,1870.169270483202,1778.8588518660129,1099.1478773378913,2135.0292203181266,884.8288642748648,2327.3377637400454,958.0859628828213,inf,1265.6732277216859,984.9529832431062,0.0,1023.2432751455333,843.819958457947,2855.0569046445567,1005.8351328155304,2387.534118293418,886.605545744092,1709.7403356018958,1232.6954313125548,1317.6667864567385,2460.790032099383,2680.1468782020675,1334.6172628549393,940.7888923220638,1347.026492092034,1114.236686653534,1353.05072909395,1072.0963316481261,1816.994469069564,1821.1001471571049,1452.2637958374637,1864.423948026577,inf,1064.3620514457834,1571.5214198167334,1308.5724392320715,1412.0259255688113,1174.5737727400283,1612.383520463993,2483.634706922398,1774.117867539485,905.0439034997413,1230.8907029295167,1373.164844096215,2843.8901661880473,2500.8752762743275,1757.3999262808982,inf,2549.0823695661375,1620.8385256225174,1070.1621041505803,1236.3849221465439,1981.735219492225,1317.172608038652,1391.625685251817,2265.4431599503173,1259.4031478902607,1102.738177978561,972.530874843703,932.9251211452779
topology_carcinoma_20_clean.csv,2107.6199536558206,1063.5082573980974,1596.9470744085895,1237.0582746758264,1394.5211315916738,1390.1708561664989,1434.9907381858975,1959.0363926520758,927.8456928977056,1902.9632035896366,1241.9187177177428,inf,732.8796885656119,968.3962167014996,1023.2432751455333,0.0,1032.8285669746,2462.7965080997465,1099.7338685085995,1972.5066416074606,1122.074317402393,1606.3154975631644,1544.1030419612607,1099.1914737564625,2053.0273190266544,2474.9532345738494,817.5164603028873,713.3270331163814,1501.811832304184,1116.3049932762995,848.311706161357,986.4225196695278,2285.5514260044765,2008.337030297309,1523.0862367622972,2223.5823172139335,inf,1405.8053117342133,1897.2895619362082,1777.4071742143333,1242.5309047118267,1303.189118934541,1687.8733695081132,2105.1825403051316,1513.30324446034,740.6390463822833,1416.9101844611841,1204.700116364308,2403.390987101406,2011.6259189415641,1875.7357824274259,inf,2346.8996050513806,1396.6755237832404,1377.242827380306,806.5502098403695,1738.870267145412,783.9350442106999,1457.0707188521658,1853.490840266544,1276.114019445813,989.4857323234992,1014.3741659771878,1056.26896224985
topology_dysplasia_11_clean.csv,1450.9963941794604,865.9193324663215,1658.8183483885255,965.7243536834768,1666.373232961679,1548.0956878865554,871.703336437131,2115.1470794710517,725.0943411514132,2181.211933864684,786.6655504967207,inf,1196.0117724030524,767.0310196549179,843.819958457947,1032.8285669746,0.0,2725.5831057787377,784.6755496602423,2245.852772641004,799.4324148575276,1481.6230839973994,987.6265051976831,1140.4019073071952,2275.095620885365,2367.8941708679267,1386.5911971403098,886.055764107361,1062.6571694635884,813.6839607808399,1388.7342606862728,851.7087365585116,1648.6301234770406,1717.6401868854523,1279.781656757469,1608.4885279609118,inf,839.3518496065753,1376.0235598485463,1276.2516701551083,1352.6981139559039,905.4184127787591,1384.0851076441493,2336.2665126928105,1493.268455008709,717.9111021972964,1003.1421743705683,1146.960565258038,2726.694440737126,2320.9434242549146,1614.9873848531015,inf,2234.4305506844867,1421.2363803240803,887.7079754982707,1242.2376034898848,1717.5634328460937,1309.7531723245393,1362.914407160636,2124.155981242714,1110.3610747006708,900.4970975694184,770.0107161203734,740.7709783744305
topology_ad_carcinoma_8_clean.csv,3547.090083500537,2143.1276382670626,1387.8491997941405,3116.842250452962,1345.2820375735823,1425.7502904912708,3027.5649484904347,1142.3909670086937,2537.7051988521453,806.6529803647036,2780.18820372124,inf,2229.334605864171,2549.55759991956,2855.0569046445567,2462.7965080997465,2725.5831057787377,0.0,2743.9947376542027,725.1997439674659,2943.8794853559702,1633.611875904192,3001.655516193035,1889.398302724198,702.2884150933376,1480.7671306126842,2329.39433783369,2571.0140564905787,3183.3170145702315,2895.99633947776,2062.925155113983,2721.633911472612,3482.359420009752,2120.744691261307,2065.274831641623,3725.5857376667295,inf,2783.4968277650137,3690.956310911834,2803.3506314853234,1765.029540018939,3141.1890366600724,2075.1956408258966,726.5344518939431,1529.051192775462,2553.3010211336914,3287.116927656632,1953.1838179489243,593.4309430051167,773.3036848819781,1990.5802626598818,inf,1439.2259876221426,1659.096374595833,3163.290912080139,2626.8626136716553,1308.0880276509324,2113.150430331562,1987.852968068868,835.4381253087928,1946.4601076005583,2251.5371013242698,2512.9351217866383,2846.522397064681
topology_carcinoma_13_clean.csv,1439.0711770385235,876.445491263317,1695.1755364436556,915.1435790501059,1629.683506253155,1614.934011928087,807.6242295313657,2132.024603866511,684.6306516823472,2198.1009769220364,718.5863060190193,inf,1316.3999454421553,773.7652127022637,1005.8351328155304,1099.7338685085995,784.6755496602423,2743.9947376542027,0.0,2279.309148217541,789.9202665166385,1519.5769886125108,851.1563649693791,1207.9991362702017,2279.787419647048,2360.536009867801,1421.6580786802763,960.5533994172896,995.1555138368427,802.8081301647192,1414.6895382390417,951.562063855856,1620.6991551877934,1821.9701433637756,1125.8407294227668,1537.5382612445121,inf,891.0037905684734,1327.46183554907,1228.0479673977125,1408.199436209452,957.8463846834277,1434.0203583008315,2344.4166844685574,1476.6837650363634,870.7197190672673,999.3100587725091,1162.7279325583863,2730.1452196120167,2321.969626554916,1699.968853146996,inf,2268.5992779830863,1489.2054638904544,852.5183570560827,1234.6972109854519,1757.298728215827,1378.7536821174042,1425.5849174023062,2144.2882178257355,1134.8198335739721,785.1928772641447,656.4464176721542,749.2250829925666
topology_ad_carcinoma_4_clean.csv,3133.4256899588554,1728.3634286906488,1036.698943120772,2617.9631478295073,899.8289585563837,983.1101676138622,2596.883666282729,853.2204814528768,2077.0624264760563,519.7484892387174,2324.350896657908,inf,1703.8606544382233,2042.9116965586893,2387.534118293418,1972.5066416074606,2245.852772641004,725.1997439674659,2279.309148217541,0.0,2475.2335563810475,1290.740806640332,2551.7169499284514,1408.6783287876524,473.2902823285705,1351.2456353749285,1846.6584099723525,2061.975409890467,2726.067187129009,2385.9328941751182,1565.1303020481666,2231.3778508144464,3119.8785770230743,1852.4890260393904,1703.868826456729,3319.2858561094754,inf,2351.881160664275,3243.6527088897283,2464.625669003715,1341.24284438304,2637.614252311782,1752.5235293269932,484.4521759739802,1062.5546639435468,2066.00913039653,2818.126707677575,1518.7811830506646,644.7632484007516,586.3893588849394,1714.2665473603226,inf,1320.9624761672324,1248.531051788989,2692.0139110628456,2074.7512875061425,986.0256175605363,1597.2239470977097,1597.4529151115287,469.2323538046768,1520.1375475683676,1758.84595814828,2040.7452634253445,2342.366034436239
topology_carcinoma_9_clean.csv,1270.78955355481,1128.023587861506,1933.1699170235745,816.408588072659,1869.514895903854,1806.3964889819151,729.0346911153428,2362.964178180184,842.4809229860211,2397.5720699550116,776.4478095337051,inf,1376.2486459130298,899.7259478999413,886.605545744092,1122.074317402393,799.4324148575276,2943.8794853559702,789.9202665166385,2475.2335563810475,0.0,1768.3737205808768,822.9419659484782,1364.805742890463,2507.54150910957,2681.993896371627,1505.9032350056998,1017.533539946414,925.709443758046,790.9198316620239,1540.7789565195446,929.0835085695703,1533.6652767741712,2009.9435963575038,1314.5712121253314,1405.3111372482288,inf,872.1154866085312,1117.3482192747103,1173.1695738374074,1563.793085988248,788.5491794937976,1642.1544867912423,2556.8057133020416,1761.7365406842189,926.6969855331654,818.8175375804732,1391.1221275064806,2931.575616118133,2536.2245959059087,1952.3783584943922,inf,2577.8700470080144,1696.573043399465,694.9709770174645,1290.2015811680353,2029.2499852998633,1505.852804681446,1568.956461383139,2341.740955014757,1270.3819081251,1007.6831585456233,822.6414353723413,682.862074637672
topology_ad_carcinoma_12_clean.csv,2124.994080856719,1186.5730563847872,671.6215522343551,2010.4297904721523,1023.5381645720759,756.6378672620544,1671.7547057539643,1181.168094072954,1496.9593573360983,1231.4355348493207,1467.8393407238407,inf,1675.270897267912,1555.693050521057,1709.7403356018958,1606.3154975631644,1481.6230839973994,1633.611875904192,1519.5769886125108,1290.740806640332,1768.3737205808768,0.0,1655.8201143892907,821.8874097813809,1272.556388642015,1489.14398405311,1821.2706437017112,1723.5249803970817,2021.5784104026518,1792.0848101974843,1687.13686791758,1820.2368189137978,2065.152378837742,921.02205466731,1074.286941850372,2302.6922814840864,inf,1457.0353464024072,2331.9126238906997,1534.2050267485556,878.6798077882718,1970.299667384636,726.0303810701049,1299.7376359354623,1118.8214016270463,1464.3476810515108,1998.691602249807,751.6556865629346,1686.7751777109422,1393.7841590439589,834.6587541700217,inf,1328.3793968995933,653.1574644622666,1852.3223309290108,1982.3687936260942,740.62571626343,1650.7270494163872,788.0713791051631,1179.5088299293125,927.8306022164079,1302.0983447589547,1314.730449208706,1721.5876254870398
topology_carcinoma_4_clean.csv,933.0163068541996,1158.310471784302,1914.4507473972465,1013.6071525106042,1925.486453082031,1881.2949110691436,606.934761089002,2463.6652987342804,1086.495105568851,2475.573058192994,752.2415630856514,inf,1733.7550661929283,1122.2902390221157,1232.6954313125548,1544.1030419612607,987.6265051976831,3001.655516193035,851.1563649693791,2551.7169499284514,822.9419659484782,1655.8201143892907,0.0,1457.904069909521,2556.3351786440726,2488.900636695881,1934.6702298541802,1415.6160397752437,879.5802018214237,947.0934624613986,1930.2605579988676,1184.7914131952505,1147.4299327386195,1820.5948912572098,1199.5978637779576,1017.7566520158425,inf,719.2312987154851,992.7173347341609,936.9866670686213,1710.9715519318836,886.616945064383,1460.5098672942086,2607.0293664633864,1746.2382915643757,1228.4886709501664,818.6053821932045,1405.8611776812083,3012.1020508257616,2624.529381680369,1797.4344070176435,inf,2371.193570025459,1724.4349265896906,678.2397441804786,1668.7810202579692,1903.443641423456,1835.7286531266282,1586.427728446118,2411.117346281323,1276.6358505326843,1142.3369768379723,924.5165577001098,872.7102480969022
topology_ad_carcinoma_15_clean.csv,1992.468044532194,860.5514715917726,920.0408382927457,1615.4634900174929,856.4969701875825,805.7370681410698,1440.5825666252176,1336.6782475575997,1086.941178827502,1337.097197797239,1200.8148182940167,inf,1200.3651075150813,1139.8350279753201,1317.6667864567385,1099.1914737564625,1140.4019073071952,1889.398302724198,1207.9991362702017,1408.6783287876524,1364.805742890463,821.8874097813809,1457.904069909521,0.0,1450.403647875217,1832.3451558753954,1324.511065196045,1233.4095476760892,1709.085905199512,1383.469559653191,1191.195927599175,1407.428863296442,2013.5877719876187,1284.8270157571621,1080.6008363177432,2180.5525419845753,inf,1268.5687865539671,2071.087500103827,1471.722112348836,696.7070572116977,1582.9656186815444,1024.1073402047166,1495.2706637438946,1024.3960883210489,1035.139188009034,1690.116449358102,648.7071974487344,1857.7294874392578,1490.5669416694066,1184.930320913809,inf,1680.7862659856155,756.2651772474483,1536.8204678751374,1439.2566275911058,1065.3855578235434,1150.4473736490515,832.9494793411827,1285.0228428420755,777.6895877350368,931.4124747407469,1001.2206275505105,1345.6125096753008
topology_ad_carcinoma_5_clean.csv,3135.409886116899,1726.6074548810832,1001.7895074327787,2633.30396222162,917.7970397133266,988.1987969950347,2594.11235215397,851.4834215460012,2106.033681950682,557.602307502775,2332.6922566878466,inf,1792.4617569274487,2090.808975766902,2460.790032099383,2053.0273190266544,2275.095620885365,702.2884150933376,2279.787419647048,473.2902823285705,2507.54150910957,1272.556388642015,2556.3351786440726,1450.403647875217,0.0,1325.971020372789,1956.7115542554543,2121.9178086611273,2721.320002861267,2411.963273948781,1673.479785483879,2270.571910965766,3111.247810900175,1833.533618061538,1712.268890619475,3307.7620464719853,inf,2355.1051791681575,3240.2730837329586,2444.021284609274,1414.7282938366102,2661.654187134768,1740.2923566148704,514.1799525794569,1060.7056411300557,2097.194470539877,2821.1978621130925,1546.1053740366187,662.6727956527844,539.1829513278485,1721.578604137604,inf,1286.2421923712202,1260.1971779003413,2711.7675374934925,2174.728771728657,970.1011587773813,1700.4352379538893,1595.3911818081303,498.14248251952046,1530.318992116531,1784.0063507115706,2051.538269900661,2357.9124537081216
topology_ad_dysplasia_8_clean.csv,2922.7055154638892,1791.5064459706357,1504.8618982785467,2697.264813291835,1696.7720593333206,1584.3088228113781,2542.7085898726573,1600.2812455461883,2238.9565141404655,1499.3056883906108,2474.298002194101,inf,2195.704665220409,2347.1837923628223,2680.1468782020675,2474.9532345738494,2367.8941708679267,1480.7671306126842,2360.536009867801,1351.2456353749285,2681.993896371627,1489.14398405311,2488.900636695881,1832.3451558753954,1325.971020372789,0.0,2532.4308521445523,2415.573843933316,2700.8534616040497,2573.3169064832487,2213.312054543721,2472.603861122289,2811.9968078570764,1632.0677636010003,2135.267464258381,2912.9284563095807,inf,2386.0158192473145,3170.129842664556,2513.0723051806617,1952.051914973359,2709.945581399352,1500.7513434954094,1195.2024914694894,1095.2406488019076,2342.9023456057025,2894.9840692576354,1859.2516263831496,1526.190550453274,1555.0003803652667,1328.1405516008708,inf,329.45998779260844,1751.9100139361265,2732.256655336487,2559.7194152380157,994.0401947928689,2222.9227186044136,1896.5639093562702,1262.9804877889412,1995.58084027423,2275.2962365096723,2294.6439759765567,2541.181062323512
topology_dysplasia_7_clean.csv,2524.0153363606405,1250.449108515476,1761.8756674430251,1536.3296441663465,1331.5803729168256,1522.661128210358,1848.3512607015396,1839.8479321452287,1179.1094373828473,1758.1322054328461,1663.5810461603116,inf,792.392603506288,1190.8942936470062,1334.6172628549393,817.5164603028873,1386.5911971403098,2329.39433783369,1421.6580786802763,1846.6584099723525,1505.9032350056998,1821.2706437017112,1934.6702298541802,1324.511065196045,1956.7115542554543,2532.4308521445523,0.0,891.6432030311661,1810.9179051596204,1379.229739123853,679.2442995593378,1186.8736475297942,2728.6539277310876,2330.2766221728643,1738.8110482451234,2658.9526447467233,inf,1777.620485649691,2332.0388968050033,2106.829089548626,1421.227422731213,1639.4078840642028,2048.4540294467665,1970.2891744092617,1559.693254186531,1061.1931387730706,1811.4548731787363,1528.1118649908024,2239.039821155125,1916.4620407077362,2198.287495839273,inf,2433.8542966399104,1666.796632915308,1739.07660222117,835.5229702803044,1784.524766504581,683.0818974767675,1785.3173101809657,1746.199137520558,1454.076273966669,1202.4984454725018,1342.7249174509648,1387.7787038739639
topology_carcinoma_17_clean.csv,1977.2467264180978,923.1115662249159,1745.9276213615458,1059.427845776631,1521.384741916314,1511.5312634733414,1307.439179936365,1961.7825895321205,767.1195162294338,2007.8442926830262,1175.6561831469883,inf,803.1538618786271,764.2568453331361,940.7888923220638,713.3270331163814,886.055764107361,2571.0140564905787,960.5533994172896,2061.975409890467,1017.533539946414,1723.5249803970817,1415.6160397752437,1233.4095476760892,2121.9178086611273,2415.573843933316,891.6432030311661,0.0,1313.4410525792587,902.2122525413445,913.5408436349603,762.5541923554808,2186.1973128607096,2104.7337799795428,1483.8701871398011,2075.0009220766997,inf,1297.0990703948116,1765.909582149232,1689.9246487491612,1402.4735107133968,1117.3178327571152,1764.233394409551,2176.4124309902104,1453.1386018503304,718.917740709483,1281.9453321624555,1300.2846531952327,2516.0798370026814,2122.7623465698816,1958.1603050354865,inf,2307.8954839103462,1569.7417879921632,1231.3598478562162,768.9299518274237,1726.9425943059277,884.669522654191,1598.213784459629,1957.5333428116821,1270.9024172873144,918.1587331283052,973.3183716528797,896.4887638559334
topology_dysplasia_19_clean.csv,1267.502235278442,1272.0866588948384,2185.064415516315,692.5219585446833,2082.881272969694,2129.0786902302016,959.8753765708583,2671.523421486701,1083.3306579295697,2645.077804235365,1057.3863355658607,inf,1623.7871796002466,1072.826522650347,1347.026492092034,1501.811832304184,1062.6571694635884,3183.3170145702315,995.1555138368427,2726.067187129009,925.709443758046,2021.5784104026518,879.5802018214237,1709.085905199512,2721.320002861267,2700.8534616040497,1810.9179051596204,1313.4410525792587,0.0,789.7704295419206,1865.9996963491305,936.0319894244644,1684.9302943734683,2307.3138774319327,1531.1468519085238,1266.6860872009581,inf,1078.9584754378473,987.626778257217,1439.568122388762,2022.2698691953235,680.8380433832208,1931.2978938852875,2782.909857285516,1905.7244969466115,1245.443129574292,664.3147757385324,1722.2047950365031,3184.887034279389,2776.6966113896624,2224.288418747274,inf,2601.2034459942547,2041.6040558058965,863.6826655192943,1461.2330026890468,2124.7310079137105,1749.6920178693267,2022.4122989738617,2580.6965963743373,1559.6433598312065,1207.8627438591968,1076.684129198924,812.3737795626731
topology_carcinoma_5_clean.csv,1551.8841686758442,1045.9450388922749,1946.7590948459294,605.6649039835094,1740.9661575495654,1802.9915824655288,956.4500056504313,2372.64495621134,820.2370797917891,2316.439642892201,952.3232628708757,inf,1212.4863469517852,724.673929453212,1114.236686653534,1116.3049932762995,813.6839607808399,2895.99633947776,802.8081301647192,2385.9328941751182,790.9198316620239,1792.0848101974843,947.0934624613986,1383.469559653191,2411.963273948781,2573.3169064832487,1379.229739123853,902.2122525413445,789.7704295419206,0.0,1418.933931557778,639.565740813811,1801.823799237568,2141.570736617281,1389.846663326623,1581.5426080317225,inf,1024.128731122422,1267.442290859071,1440.0841366832221,1710.3394527099085,654.6774897315288,1783.2188388920517,2477.9405797410886,1639.3675929274752,879.5726510870878,792.1551714371847,1440.6562687841297,2842.772115000176,2421.0847308115126,2064.7439323116296,inf,2469.5845569674034,1751.0810050570958,805.4921312215731,992.9421107534863,1902.6298255349138,1311.0826220690421,1751.294345977425,2258.3365956101284,1341.759086432745,906.2351684371115,851.4110136037277,566.5537882103002
topology_dysplasia_8_clean.csv,2537.7780527950435,1138.100183996549,1598.6945546261873,1631.2067158324617,1125.2894395053224,1311.1363195046051,1862.3064142248788,1622.5094808855017,1174.659112936883,1516.4574814427435,1621.803381371842,inf,755.301903563926,1188.8907164361988,1353.05072909395,848.311706161357,1388.7342606862728,2062.925155113983,1414.6895382390417,1565.1303020481666,1540.7789565195446,1687.13686791758,1930.2605579988676,1191.195927599175,1673.479785483879,2213.312054543721,679.2442995593378,913.5408436349603,1865.9996963491305,1418.933931557778,0.0,1255.1369204234452,2656.67666140693,2186.5089243985194,1678.2138487356196,2655.556949987976,inf,1778.5438296567118,2378.147542640852,2076.0869091101026,1292.4284991607938,1695.7279616563767,1880.3197971078578,1693.9426972282513,1236.4084637031604,1102.4934126332146,1878.6748204662033,1387.8922527865477,1969.6142756890802,1610.0780674101813,1988.142681732002,inf,2134.4239073041344,1503.3548947186853,1768.470462248954,911.2954813450908,1555.7702839607698,581.2036680308804,1618.6837378487317,1488.3021595521793,1360.2253467623814,1167.3196102136078,1302.152368954976,1424.3223501301434
topology_carcinoma_7_clean.csv,1750.889453920326,982.7964720325347,1911.4301246085915,755.0008616816567,1689.57862950178,1753.1202818110246,1144.2073853807995,2229.539567911676,783.0789194201828,2189.538273178434,1109.8963463742496,inf,999.2652343071147,704.3139413421396,1072.0963316481261,986.4225196695278,851.7087365585116,2721.633911472612,951.562063855856,2231.3778508144464,929.0835085695703,1820.2368189137978,1184.7914131952505,1407.428863296442,2270.571910965766,2472.603861122289,1186.8736475297942,762.5541923554808,936.0319894244644,639.565740813811,1255.1369204234452,0.0,2034.1234805252193,2182.7727145715544,1482.020111591918,1831.158068042614,inf,1157.6741285705398,1440.9466166314403,1602.8792484352775,1667.4396893572684,795.4854779476966,1824.4701151811646,2339.582600739398,1548.4685943450759,866.6985323505182,967.0454641749146,1466.2402397779408,2705.2634192950836,2293.4211395427,2070.582785494264,inf,2365.314079708537,1740.7539473559534,1025.5058752940433,897.4761412817209,1793.1400472638604,1160.6881755424229,1775.0584992062522,2109.556499844038,1354.4655385455676,950.4389615007163,954.6573412344304,716.9655295841834
topology_carcinoma_19_clean.csv,898.7025383000573,1823.2589259943177,2369.894318753069,1857.938741571512,2560.524715343504,2389.689184542233,1199.534581899524,2899.4882763028368,1809.7985694565155,3055.636530514312,1387.2399752153024,inf,2571.6153183952883,1922.3158301621245,1816.994469069564,2285.5514260044765,1648.6301234770406,3482.359420009752,1620.6991551877934,3119.8785770230743,1533.6652767741712,2065.152378837742,1147.4299327386195,2013.5877719876187,3111.247810900175,2811.9968078570764,2728.6539277310876,2186.1973128607096,1684.9302943734683,1801.823799237568,2656.67666140693,2034.1234805252193,0.0,1913.1538506497425,1743.0318557082508,967.6750913223641,inf,1289.0291785532888,1242.1080704604171,1154.3735567079334,2158.34811101724,1686.0618412560318,1644.9558190194025,3139.103743589583,2338.103343483026,1972.902458964296,1534.2273960670177,1863.146748981647,3581.841131202173,3195.923022168505,1925.2710998390496,inf,2693.6450046287287,2151.0611928684107,1348.8971994010712,2487.14669709574,2354.2938322675595,2631.5822032782785,1888.5217103286363,2995.3571592126477,1854.0809411865314,1875.9428189406244,1667.8102196715568,1699.3131257833477
