,stroma_ad_carcinoma_FA_HN14_2_linfoides_notumorales_tumorales.csv,stroma_ad_carcinoma_FA_HN11A_1_linfoides_notumorales_tumorales.csv,stroma_ad_carcinoma_FA_HN15_1_linfoides_notumorales_tumorales.csv,stroma_ad_carcinoma_FA_HN14_5_linfoides_notumorales_tumorales.csv,carcinoma_FA_HN14_4_linfoides_notumorales_tumorales.csv,dysplasia_FA_HN11A_2_linfoides_notumorales_tumorales.csv,stroma_ad_dysplasia_FA_HN14_3_linfoides_notumorales_tumorales.csv,dysplasia_FA_HN11A_4_linfoides_notumorales_tumorales.csv,carcinoma_FA_HN15_1_linfoides_notumorales_tumorales.csv,carcinoma_FA_HN14_3_linfoides_notumorales_tumorales.csv,stroma_ad_dysplasia_FA_HN15_2_linfoides_notumorales_tumorales.csv,dysplasia_FA_HN11A_3_linfoides_notumorales_tumorales.csv,stroma_ad_carcinoma_FA_HN15_3_linfoides_notumorales_tumorales.csv,dysplasia_FA_HN15_3_linfoides_notumorales_tumorales.csv,carcinoma_FA_HN11A_1_linfoides_notumorales_tumorales.csv,carcinoma_FA_HN14_1_linfoides_notumorales_tumorales.csv,stroma_ad_dysplasia_FA_HN14_2_linfoides_notumorales_tumorales.csv,stroma_ad_dysplasia_FA_HN14_4_linfoides_notumorales_tumorales.csv,dysplasia_FA_HN15_5_linfoides_notumorales_tumorales.csv,dysplasia_FA_HN11A_1_linfoides_notumorales_tumorales.csv,dysplasia_FA_HN15_2_linfoides_notumorales_tumorales.csv,carcinoma_FA_HN15_2_linfoides_notumorales_tumorales.csv,stroma_ad_dysplasia_FA_HN14_1_linfoides_notumorales_tumorales.csv,dysplasia_FA_HN11A_5_linfoides_notumorales_tumorales.csv,carcinoma_FA_HN11A_2_linfoides_notumorales_tumorales.csv,carcinoma_FA_HN11A_3_linfoides_notumorales_tumorales.csv,carcinoma_FA_HN11A_5_linfoides_notumorales_tumorales.csv,dysplasia_FA_HN14_1_linfoides_notumorales_tumorales.csv,stroma_ad_carcinoma_FA_HN14_4_linfoides_notumorales_tumorales.csv,stroma_ad_carcinoma_FA_HN14_1_linfoides_notumorales_tumorales.csv,stroma_ad_carcinoma_FA_HN14_3_linfoides_notumorales_tumorales.csv,stroma_ad_dysplasia_FA_HN15_3_linfoides_notumorales_tumorales.csv,stroma_ad_carcinoma_FA_HN15_2_linfoides_notumorales_tumorales.csv,carcinoma_FA_HN14_2_linfoides_notumorales_tumorales.csv,stroma_ad_carcinoma_FA_HN15_4_linfoides_notumorales_tumorales.csv,carcinoma_FA_HN11A_4_linfoides_notumorales_tumorales.csv,dysplasia_FA_HN14_2_linfoides_notumorales_tumorales.csv,stroma_ad_carcinoma_FA_HN11A_2_linfoides_notumorales_tumorales.csv
stroma_ad_carcinoma_FA_HN14_2_linfoides_notumorales_tumorales.csv,1.282969148989638e-308,60.52876040491779,149.4926533922337,43.14410362874684,191.5620650585961,80.38002459360663,126.37684284328799,218.08882839733,166.32995270150468,139.8216643391825,76.18459494731147,147.1070704078511,97.66862074582168,393.69711739468187,176.59360685254507,131.95941915151076,84.49308277252453,71.05240968688173,268.4939790658209,94.85968625810922,238.62683999688443,203.4500045194403,131.45404629977423,111.3309288024368,207.6000592712125,240.92040090793756,160.3936652808709,76.08823946715346,56.57685342596306,111.20461388502491,147.1978998009551,131.84097505195308,90.16764907637885,227.23240405688102,80.13210079007018,360.23321884117456,58.51183075390014,52.071874350749
stroma_ad_carcinoma_FA_HN11A_1_linfoides_notumorales_tumorales.csv,60.52876040491779,1.019395141274587e-308,123.08151838119977,42.45452446967546,191.5620650585961,51.62073080341861,90.30137051851952,218.08882839732996,139.91881769047075,105.3117925070842,49.400062975503545,146.733360338585,50.91397600511323,393.69711739468187,150.18247184151113,98.74201100264969,110.90421778355847,97.46354469791567,242.08284405478696,121.27082126914317,238.62683999688443,206.72161175906308,88.57655642826765,114.60253604205957,210.17726604955362,240.92040090793756,133.98253026983696,69.44890954273836,57.47585202165402,84.79347887399098,162.78764519445008,109.47557893863438,116.5787840874128,227.23240405688102,106.54323580110412,360.23321884117456,84.92296576493408,68.33561118689272
stroma_ad_carcinoma_FA_HN15_1_linfoides_notumorales_tumorales.csv,149.4926533922337,123.08151838119977,1.921694791638696e-308,127.61124053857247,109.64753340420657,97.19848154142807,136.51214757025372,144.17923835597196,57.99967598299011,95.68228578971969,142.3631666296348,85.42476382902004,167.37603297953365,345.61185081348174,71.46943300234071,93.25486049063431,224.32840438504996,220.54506307911544,133.05006481307873,224.32840438504994,185.2552615550809,124.2060589086471,91.30001268574063,124.34901123078885,128.35611366041928,189.8423833771871,49.13406499060244,192.53042792393813,180.5573704028538,110.45845756521385,224.32840438504996,111.00619195299868,224.32840438504996,162.46638967507405,224.32840438504996,271.8096289122493,208.00448414613385,191.4171295680925
stroma_ad_carcinoma_FA_HN14_5_linfoides_notumorales_tumorales.csv,43.14410362874684,42.45452446967546,127.61124053857247,2.0531882429821903e-308,191.5620650585961,62.069959909024604,123.39235827931265,210.07303385140068,144.44853984784345,111.23211220388107,57.54230361605241,130.11160298359772,83.15336986067295,393.69711739468187,154.7121939988838,95.50762182853762,106.37449562618576,92.93382254054296,246.61256621215966,116.74109911177047,238.62683999688446,196.3100116604205,120.7083851310198,97.98077868707233,194.249909155848,240.92040090793756,138.51225242720966,64.91918738536566,52.94612986428132,89.32320103136368,160.5227841157637,102.98470517812922,112.0490619300401,227.23240405688102,102.01351364373141,360.23321884117456,80.39324360756137,63.80588902952002
carcinoma_FA_HN14_4_linfoides_notumorales_tumorales.csv,191.5620650585961,191.5620650585961,109.64753340420657,191.5620650585961,1.7640383070767374e-308,163.84728624563905,143.23714126719585,115.39900092779786,109.34976901000753,103.33309394672033,178.31487867826354,92.14975752596217,174.10102667647578,332.01243232232173,154.59058418078283,102.12572005167759,227.690901233521,227.27005677605757,142.34339886462845,227.690901233521,91.21122639477403,90.55630835841563,120.06766997804027,156.64277134952118,102.96689625285575,182.63902807158257,142.44690989325676,199.25542162088024,187.28236409979593,191.5620650585961,227.690901233521,117.7311856499408,227.690901233521,96.36677349416482,227.690901233521,265.0846352153072,214.72947784307598,198.14212326503463
dysplasia_FA_HN11A_2_linfoides_notumorales_tumorales.csv,80.38002459360663,51.62073080341861,97.19848154142807,62.069959909024604,163.84728624563905,1.078305758833571e-308,82.0131714293332,183.43216238256036,114.03578085069904,89.14357978080366,45.16468508820674,103.47073151475743,70.17755143810558,393.69711739468187,124.29943500173943,71.13636719213352,136.78725462333017,123.34658153768737,216.19980721501526,147.15385810891485,224.5081855816693,163.4589829352355,70.12562148866041,71.33990721823201,167.60903768700769,229.0953074037755,108.09949343006525,95.33194638251007,83.35888886142573,58.91044203421927,175.7291636143359,70.89947899301816,142.46182092718448,201.7193137016625,132.42627264087582,360.23321884117456,110.80600260470577,94.21864802666443
stroma_ad_dysplasia_FA_HN14_3_linfoides_notumorales_tumorales.csv,126.37684284328799,90.30137051851952,136.51214757025372,123.39235827931265,143.23714126719585,82.0131714293332,8.350446858721825e-309,167.0396816805852,153.3494468795247,113.1128196879024,84.7372864784794,67.4464354878811,53.4566041738953,393.69711739468187,163.61310103056505,94.24963370729738,123.39235827931265,94.20540281675162,255.5134732438409,136.54508263240626,199.16759246174203,169.14853617431038,105.6376859828509,67.4027493590392,131.58474166013136,193.07101137689918,147.4131594588909,123.39235827931265,118.63390697748369,125.98530759300505,156.07233059992308,59.9102756278366,103.14815489835884,176.78128919369314,94.20422637893549,360.23321884117456,114.90328299676449,119.69994577982057
dysplasia_FA_HN11A_4_linfoides_notumorales_tumorales.csv,218.08882839733,218.08882839732996,144.17923835597196,210.07303385140068,115.39900092779786,183.43216238256036,167.0396816805852,1.32225651096438e-308,126.41108594531084,126.20981990005117,177.2947282308844,115.95229793935152,197.90356708986513,308.2098919089324,140.87430669189587,130.04277458236996,239.59217144021568,239.59217144021568,100.81095060793561,239.59217144021568,118.99530830774563,46.818186776504774,138.81243581553116,154.87654534112033,65.53444856090562,163.79217893117752,148.59206157988402,223.05796203426962,211.08490451318528,203.51215958129427,239.59217144021568,141.86109310385712,239.59217144021568,104.86079314412497,239.59217144021568,241.28209480191782,238.53201825646534,221.94466367842398
carcinoma_FA_HN15_1_linfoides_notumorales_tumorales.csv,166.32995270150468,139.91881769047075,57.99967598299011,144.44853984784345,109.34976901000753,114.03578085069904,153.3494468795247,126.41108594531084,1.355164787308796e-308,112.51958509899066,159.20046593890578,102.26206313829101,184.21333228880462,345.61185081348174,52.9096811555012,110.09215979990529,232.74705403968542,232.74705403968545,138.84630450818258,232.74705403968542,167.48710914441978,118.84566221365645,108.1373119950116,141.18631054005982,110.58796124975817,178.95680241142435,33.09714088324924,209.3677272332091,197.39466971212477,112.27732850259548,232.74705403968542,127.84349126226965,232.74705403968542,144.69823726441297,232.74705403968545,254.97232960297833,224.8417834554048,208.25442887736347
carcinoma_FA_HN14_3_linfoides_notumorales_tumorales.csv,139.8216643391825,105.3117925070842,95.68228578971969,111.23211220388107,103.33309394672033,89.14357978080366,113.1128196879024,126.20981990005117,112.51958509899066,1.3858332753548485e-308,109.1411383408306,86.49585235081511,85.43547767288638,393.69711739468187,122.78323925003103,62.54268010028464,138.30345037503855,124.86277728939575,214.68361146330687,155.32318404580735,166.6073119021542,128.31867439377635,105.10655981741566,81.45742841015881,109.7081640074926,172.94012734813714,106.58329767835687,139.8216643391825,130.83920180524672,134.26796536566113,176.4872614901901,81.87862357230611,143.97801667889289,143.8184400221474,133.94246839258417,360.23321884117456,134.54086221514945,141.57652343245934
stroma_ad_dysplasia_FA_HN15_2_linfoides_notumorales_tumorales.csv,76.18459494731147,49.400062975503545,142.3631666296348,57.54230361605241,178.31487867826354,45.16468508820674,84.7372864784794,177.2947282308844,159.20046593890578,109.1411383408306,1.071040923969208e-308,123.71195047816775,39.31817602281682,393.69711739468187,169.46412008994614,93.41664796548712,91.62256953512343,78.18189644948063,261.36449230322194,106.65822075720592,218.37075142999333,174.99955523369147,92.40590226201401,65.20247306655602,161.47160353533172,226.36558175930446,153.264178518272,77.05721676320796,42.644250701683404,104.07512712242601,153.14682107023253,93.17975976637177,97.29713583897777,195.58187954998652,87.26158755266908,360.23321884117456,65.64131751649904,89.81308390462024
dysplasia_FA_HN11A_3_linfoides_notumorales_tumorales.csv,147.1070704078511,146.733360338585,85.42476382902004,130.11160298359772,92.14975752596217,103.47073151475743,67.4464354878811,115.95229793935152,102.26206313829101,86.49585235081511,123.71195047816775,1.2551679263571215e-308,95.81938433347175,393.69711739468187,112.5257172893314,83.3798651088803,148.5609723357382,135.1202992500954,204.42608950260723,178.1081129634285,148.08020872050838,118.0611524330767,68.8022001868552,94.22715480869624,64.13830617225028,164.5465533473178,96.32577571765722,147.1070704078511,145.41001394258387,128.53893649505437,181.61602247053992,61.899662236054155,157.20696979888555,125.69390545245948,161.65066186681656,357.2343927412693,147.10707040785107,178.10811296342848
stroma_ad_carcinoma_FA_HN15_3_linfoides_notumorales_tumorales.csv,97.66862074582168,50.91397600511323,167.37603297953365,83.15336986067295,174.10102667647578,70.17755143810558,53.4566041738953,197.90356708986513,184.21333228880462,85.43547767288638,39.31817602281682,95.81938433347175,1.1882949532082607e-308,393.69711739468187,194.47698643984498,75.54193218323365,84.17824598347418,53.16903009958179,283.8290672218435,108.1721337868156,230.03147787102196,200.0124215835903,76.07602029379302,63.68856003694634,159.95769050572204,226.36558175930446,178.2770448681708,89.51370461069396,69.95434848832369,129.08799347232485,130.19842079669263,68.61344397707663,72.28426948907892,207.6451746029731,65.83127753334483,360.23321884117456,66.02900683467509,91.32699693422992
dysplasia_FA_HN15_3_linfoides_notumorales_tumorales.csv,393.69711739468187,393.69711739468187,345.61185081348174,393.69711739468187,332.01243232232173,393.69711739468187,393.69711739468187,308.2098919089324,345.61185081348174,393.69711739468187,393.69711739468187,393.69711739468187,393.69711739468187,1.5299372582656777e-308,345.61185081348174,393.69711739468187,393.69711739468187,393.69711739468187,269.0587428272727,393.69711739468187,311.6924583616147,306.1010374152072,393.69711739468187,393.69711739468187,362.79949827749476,288.46786059195983,345.61185081348174,393.69711739468187,393.69711739468187,377.0254655264727,393.69711739468187,393.69711739468187,393.69711739468187,298.4682843958244,393.69711739468187,273.79316436009674,393.69711739468187,393.69711739468187
carcinoma_FA_HN11A_1_linfoides_notumorales_tumorales.csv,176.59360685254507,150.18247184151113,71.46943300234071,154.7121939988838,154.59058418078283,124.29943500173943,163.61310103056505,140.87430669189587,52.9096811555012,122.78323925003103,169.46412008994614,112.5257172893314,194.47698643984498,345.61185081348174,1.246117650810039e-308,120.35581395094566,237.87888111520562,237.87888111520562,161.77775032512676,237.87888111520562,181.95032989100477,120.901127244571,118.40096614605199,151.4499646911002,125.05118199634319,209.70345862703476,47.585195107362004,219.6313813842495,207.65832386316515,85.06706756377585,237.87888111520562,138.10714541331,237.87888111520562,159.161458010998,237.87888111520562,244.70867545193795,235.1054376064452,218.51808302840385
carcinoma_FA_HN14_1_linfoides_notumorales_tumorales.csv,131.95941915151076,98.74201100264969,93.25486049063431,95.50762182853762,102.12572005167759,71.13636719213352,94.24963370729738,130.04277458236996,110.09215979990529,62.54268010028464,93.41664796548712,83.3798651088803,75.54193218323365,393.69711739468187,120.35581395094566,6.163756759577543e-309,140.73087567412392,127.29020258848111,212.25618616422148,153.067441106145,171.11879778147892,125.89124909469098,77.91734498019986,67.45024594177049,114.21964988681731,175.70591960358513,104.1558723792715,127.47801406573939,115.11471142990325,107.29017673852036,177.70097413973278,72.1329348019889,146.40544197797823,148.32992590147208,136.36989369166957,360.23321884117456,118.816371839806,137.06503755313466
stroma_ad_dysplasia_FA_HN14_2_linfoides_notumorales_tumorales.csv,84.49308277252453,110.90421778355847,224.32840438504996,106.37449562618576,227.690901233521,136.78725462333017,123.39235827931265,239.59217144021568,232.74705403968542,138.30345037503855,91.62256953512343,148.5609723357382,84.17824598347418,393.69711739468187,237.87888111520562,140.73087567412392,8.169787208484273e-309,43.453223948375665,283.8290672218435,60.024306362360335,255.6561268307941,240.64659868707827,142.6857234790176,111.83638746140161,209.9236639065274,249.46318709870198,229.77891032936853,45.378272738141845,53.428365761904445,195.69769665754941,92.44846050782763,122.97954421175956,56.12390372599545,244.46297519676966,55.312220099841156,360.23321884117456,27.27770091368762,43.17916950977465
stroma_ad_dysplasia_FA_HN14_4_linfoides_notumorales_tumorales.csv,71.05240968688173,97.46354469791567,220.54506307911544,92.93382254054296,227.27005677605757,123.34658153768737,94.20540281675162,239.59217144021568,232.74705403968545,124.86277728939575,78.18189644948063,135.1202992500954,53.16903009958179,393.69711739468187,237.87888111520562,127.29020258848111,43.453223948375665,6.96214722916956e-309,283.8290672218435,69.38503743073451,255.6561268307941,240.64659868707827,129.2450503933748,102.47565639302744,198.7447868618031,249.463187098702,229.77891032936853,58.9850899526586,40.41594594047811,182.25702357190664,101.80919157620181,109.53887112611676,30.3646696496575,244.46297519676966,27.044181177263738,360.23321884117456,43.1595030283196,52.53990057814883
dysplasia_FA_HN15_5_linfoides_notumorales_tumorales.csv,268.4939790658209,242.08284405478696,133.05006481307873,246.61256621215966,142.34339886462845,216.19980721501526,255.5134732438409,100.81095060793561,138.84630450818258,214.68361146330687,261.36449230322194,204.42608950260723,283.8290672218435,269.0587428272727,161.77775032512676,212.25618616422148,283.8290672218435,283.8290672218435,1.841911382377171e-308,283.8290672218435,130.37784101298126,99.78228081752576,210.30133835932781,243.35033690437604,143.06339793181803,130.37784101298126,171.9434453914318,283.8290672218435,283.8290672218435,206.3103328076836,283.8290672218435,230.00751762658587,283.8290672218435,78.73218405014774,283.8290672218435,152.80830323866212,283.8290672218435,283.8290672218435
dysplasia_FA_HN11A_1_linfoides_notumorales_tumorales.csv,94.85968625810922,121.27082126914317,224.32840438504994,116.74109911177047,227.690901233521,147.15385810891485,136.54508263240626,239.59217144021568,232.74705403968542,155.32318404580735,106.65822075720592,178.1081129634285,108.1721337868156,393.69711739468187,237.87888111520562,153.067441106145,60.024306362360335,69.38503743073451,283.8290672218435,1.347790397742327e-308,255.6561268307941,240.64659868707827,153.0523269646023,162.0427008151658,212.29736825593451,249.46318709870198,229.77891032936853,105.26323506856212,109.80098337121262,205.18438463144554,52.338213542845864,145.8659890007496,69.5636508457938,244.46297519676966,64.07891972430707,360.23321884117456,87.30200727604796,52.93521008225045
dysplasia_FA_HN15_2_linfoides_notumorales_tumorales.csv,238.62683999688443,238.62683999688443,185.2552615550809,238.62683999688446,91.21122639477403,224.5081855816693,199.16759246174203,118.99530830774563,167.48710914441978,166.6073119021542,218.37075142999333,148.08020872050838,230.03147787102196,311.6924583616147,181.95032989100477,171.11879778147892,255.6561268307941,255.6561268307941,130.37784101298126,255.6561268307941,1.9459130002044645e-308,104.32307097508048,179.8884590146401,187.0044561222772,111.19643081854105,158.07410071159183,146.9506398355017,255.18587281542648,243.21281529434214,238.62683999688443,255.6561268307941,182.93711630296605,255.6561268307941,109.47919459092911,255.6561268307941,209.15418402076097,255.6561268307941,254.07257445958084
carcinoma_FA_HN15_2_linfoides_notumorales_tumorales.csv,203.4500045194403,206.72161175906308,124.2060589086471,196.3100116604205,90.55630835841563,163.4589829352355,169.14853617431038,46.818186776504774,118.84566221365645,128.31867439377635,174.99955523369147,118.0611524330767,200.0124215835903,306.1010374152072,120.901127244571,125.89124909469098,240.64659868707827,240.64659868707827,99.78228081752576,240.64659868707827,104.32307097508048,1.162026477082491e-308,129.56356318168918,156.9853998348455,68.88519007792728,140.07791002447988,151.94280309690566,225.16681652799477,213.19375900691045,196.31001166042054,240.64659868707827,143.64258055705534,240.64659868707827,81.97222505692949,240.64659868707827,239.17324030819265,240.6408727501905,224.05351817214915
stroma_ad_dysplasia_FA_HN14_1_linfoides_notumorales_tumorales.csv,131.45404629977423,88.57655642826765,91.30001268574063,120.7083851310198,120.06766997804027,70.12562148866041,105.6376859828509,138.81243581553116,108.1373119950116,105.10655981741566,92.40590226201401,68.8022001868552,76.07602029379302,393.69711739468187,118.40096614605199,77.91734498019986,142.6857234790176,129.2450503933748,210.30133835932781,153.0523269646023,179.8884590146401,129.56356318168918,2.174035869939743e-308,62.921106592542515,122.98931111997848,189.67470337945704,102.20102457437781,126.46726836226628,114.10396572643015,120.87702536633662,178.67839804217962,57.260931048113946,148.36028978287194,157.09958713463328,138.32474149656326,360.23321884117456,117.8056261363329,128.29537631997346
dysplasia_FA_HN11A_5_linfoides_notumorales_tumorales.csv,111.3309288024368,114.60253604205957,124.34901123078885,97.98077868707233,156.64277134952118,71.33990721823201,67.4027493590392,154.87654534112033,141.18631054005982,81.45742841015881,65.20247306655602,94.22715480869624,63.68856003694634,393.69711739468187,151.4499646911002,67.45024594177049,111.83638746140161,102.47565639302744,243.35033690437604,162.0427008151658,187.0044561222772,156.9853998348455,62.921106592542515,1.407873459457098e-308,100.286938972558,216.89143369316594,135.25002311942603,86.72052995309,62.059710452549325,91.41990441696589,162.15389876965554,63.694964096900264,125.07614550236016,164.6181528542283,129.51983757029114,360.23321884117456,84.55868654771399,155.01555697117624
carcinoma_FA_HN11A_2_linfoides_notumorales_tumorales.csv,207.6000592712125,210.17726604955362,128.35611366041928,194.249909155848,102.96689625285575,167.60903768700769,131.58474166013136,65.53444856090562,110.58796124975817,109.7081640074926,161.47160353533172,64.13830617225028,159.95769050572204,362.79949827749476,125.05118199634319,114.21964988681731,209.9236639065274,198.7447868618031,143.06339793181803,212.29736825593451,111.19643081854105,68.88519007792728,122.98931111997848,100.286938972558,1.540015767979631e-308,164.42498882308615,90.05149194084008,172.99546156067328,158.32884092132502,187.6890348857416,212.29736825593451,126.03796840830444,212.29736825593451,105.49360303603365,210.17726604955362,295.87170117048015,183.942411887903,210.17726604955362
carcinoma_FA_HN11A_3_linfoides_notumorales_tumorales.csv,240.92040090793756,240.92040090793756,189.8423833771871,240.92040090793756,182.63902807158257,229.0953074037755,193.07101137689918,163.79217893117752,178.95680241142435,172.94012734813714,226.36558175930446,164.5465533473178,226.36558175930446,288.46786059195983,209.70345862703476,175.70591960358513,249.46318709870198,249.463187098702,130.37784101298126,249.46318709870198,158.07410071159183,140.07791002447988,189.67470337945704,216.89143369316594,164.42498882308615,1.089335270762213e-308,212.0539432946736,242.7999933512422,230.82693583015788,240.92040090793753,249.46318709870198,187.52423812507223,249.46318709870198,109.47919459092911,249.463187098702,221.54006348494522,249.46318709870198,241.68669499539658
carcinoma_FA_HN11A_5_linfoides_notumorales_tumorales.csv,160.3936652808709,133.98253026983696,49.13406499060244,138.51225242720966,142.44690989325676,108.09949343006525,147.4131594588909,148.59206157988402,33.09714088324924,106.58329767835687,153.264178518272,96.32577571765722,178.2770448681708,345.61185081348174,47.585195107362004,104.1558723792715,229.77891032936853,229.77891032936853,171.9434453914318,229.77891032936853,146.9506398355017,151.94280309690566,102.20102457437781,135.25002311942603,90.05149194084008,212.0539432946736,8.723452291605625e-309,203.43143981257532,191.45838229149098,97.6375429449015,229.77891032936853,121.90720384163586,229.77891032936853,136.69395192625274,229.77891032936856,260.9086170236121,218.90549603477103,202.31814145672968
dysplasia_FA_HN14_1_linfoides_notumorales_tumorales.csv,76.08823946715346,69.44890954273836,192.53042792393813,64.91918738536566,199.25542162088024,95.33194638251007,123.39235827931265,223.05796203426962,209.3677272332091,139.8216643391825,77.05721676320796,147.1070704078511,89.51370461069396,393.69711739468187,219.6313813842495,127.47801406573939,45.378272738141845,58.9850899526586,283.8290672218435,105.26323506856212,255.18587281542648,225.16681652799477,126.46726836226628,86.72052995309,172.99546156067328,242.7999933512422,203.43143981257532,1.361622517596935e-308,45.625312239393956,154.24238841672934,123.67953526921698,127.24112586662403,77.59251429126051,232.79956954737756,76.10823730755112,360.23321884117456,41.729149087813376,78.95345449951343
stroma_ad_carcinoma_FA_HN14_4_linfoides_notumorales_tumorales.csv,56.57685342596306,57.47585202165402,180.5573704028538,52.94612986428132,187.28236409979593,83.35888886142573,118.63390697748369,211.08490451318528,197.39466971212477,130.83920180524672,42.644250701683404,145.41001394258387,69.95434848832369,393.69711739468187,207.65832386316515,115.11471142990325,53.428365761904445,40.41594594047811,283.8290672218435,109.80098337121262,243.21281529434214,213.19375900691045,114.10396572643015,62.059710452549325,158.32884092132502,230.82693583015788,191.45838229149098,45.625312239393956,1.975780261210368e-308,142.269330895645,131.01284558889114,114.8778232307879,63.01643504981084,220.82651202629324,67.46012711774185,360.23321884117456,31.080557620401844,92.95584651862694
stroma_ad_carcinoma_FA_HN14_1_linfoides_notumorales_tumorales.csv,111.20461388502491,84.79347887399098,110.45845756521385,89.32320103136368,191.5620650585961,58.91044203421927,125.98530759300505,203.51215958129427,112.27732850259548,134.26796536566113,104.07512712242601,128.53893649505437,129.08799347232485,377.0254655264727,85.06706756377585,107.29017673852036,195.69769665754941,182.25702357190664,206.3103328076836,205.18438463144554,238.62683999688443,196.31001166042054,120.87702536633662,91.41990441696589,187.6890348857416,240.92040090793753,97.6375429449015,154.24238841672934,142.269330895645,1.8765086832504575e-308,205.18438463144554,102.88161428645063,201.37226296140375,221.79931090039636,191.3367146750951,310.09766841945805,169.71644463892505,153.1290900608837
stroma_ad_carcinoma_FA_HN14_3_linfoides_notumorales_tumorales.csv,147.1978998009551,162.78764519445008,224.32840438504996,160.5227841157637,227.690901233521,175.7291636143359,156.07233059992308,239.59217144021568,232.74705403968542,176.4872614901901,153.14682107023253,181.61602247053992,130.19842079669263,393.69711739468187,237.87888111520562,177.70097413973278,92.44846050782763,101.80919157620181,283.8290672218435,52.338213542845864,255.6561268307941,240.64659868707827,178.67839804217962,162.15389876965554,212.29736825593451,249.46318709870198,229.77891032936853,123.67953526921698,131.01284558889114,205.18438463144554,1.015547839774055e-308,168.8253084085506,79.2087024668691,244.46297519676966,74.76501039893807,360.23321884117456,119.72616142151526,105.27342362509631
stroma_ad_dysplasia_FA_HN15_3_linfoides_notumorales_tumorales.csv,131.84097505195308,109.47557893863438,111.00619195299868,102.98470517812922,117.7311856499408,70.89947899301816,59.9102756278366,141.86109310385712,127.84349126226965,81.87862357230611,93.17975976637177,61.899662236054155,68.61344397707663,393.69711739468187,138.10714541331,72.1329348019889,122.97954421175956,109.53887112611676,230.00751762658587,145.8659890007496,182.93711630296605,143.64258055705534,57.260931048113946,63.694964096900264,126.03796840830444,187.52423812507223,121.90720384163586,127.24112586662403,114.8778232307879,102.88161428645063,168.8253084085506,2.0792915558345827e-308,128.65411051561387,160.1482444229592,118.61856222930521,360.23321884117456,118.57948364069064,125.24671903164753
stroma_ad_carcinoma_FA_HN15_2_linfoides_notumorales_tumorales.csv,90.16764907637885,116.5787840874128,224.32840438504996,112.0490619300401,227.690901233521,142.46182092718448,103.14815489835884,239.59217144021568,232.74705403968542,143.97801667889289,97.29713583897777,157.20696979888555,72.28426948907892,393.69711739468187,237.87888111520562,146.40544197797823,56.12390372599545,30.3646696496575,283.8290672218435,69.5636508457938,255.6561268307941,240.64659868707827,148.36028978287194,125.07614550236016,212.29736825593451,249.46318709870198,229.77891032936853,77.59251429126051,63.01643504981084,201.37226296140375,79.2087024668691,128.65411051561387,1.143013479726013e-308,244.46297519676966,21.33572139296902,360.23321884117456,68.03369234960653,48.24317290052008
carcinoma_FA_HN14_2_linfoides_notumorales_tumorales.csv,227.23240405688102,227.23240405688102,162.46638967507405,227.23240405688102,96.36677349416482,201.7193137016625,176.78128919369314,104.86079314412497,144.69823726441297,143.8184400221474,195.58187954998652,125.69390545245948,207.6451746029731,298.4682843958244,159.161458010998,148.32992590147208,244.46297519676966,244.46297519676966,78.73218405014774,244.46297519676966,109.47919459092911,81.97222505692949,157.09958713463328,164.6181528542283,105.49360303603365,109.47919459092911,136.69395192625274,232.79956954737756,220.82651202629324,221.79931090039636,244.46297519676966,160.1482444229592,244.46297519676966,1.687809338977432e-308,244.46297519676966,231.54048728880986,244.46297519676966,231.68627119153194
stroma_ad_carcinoma_FA_HN15_4_linfoides_notumorales_tumorales.csv,80.13210079007018,106.54323580110412,224.32840438504996,102.01351364373141,227.690901233521,132.42627264087582,94.20422637893549,239.59217144021568,232.74705403968545,133.94246839258417,87.26158755266908,161.65066186681656,65.83127753334483,393.69711739468187,237.87888111520562,136.36989369166957,55.312220099841156,27.044181177263738,283.8290672218435,64.07891972430707,255.6561268307941,240.64659868707827,138.32474149656326,129.51983757029114,210.17726604955362,249.463187098702,229.77891032936856,76.10823730755112,67.46012711774185,191.3367146750951,74.76501039893807,118.61856222930521,21.33572139296902,244.46297519676966,1.7881271318607014e-308,360.23321884117456,61.59792864828643,38.2076246142114
carcinoma_FA_HN11A_4_linfoides_notumorales_tumorales.csv,360.23321884117456,360.23321884117456,271.8096289122493,360.23321884117456,265.0846352153072,360.23321884117456,360.23321884117456,241.28209480191782,254.97232960297833,360.23321884117456,360.23321884117456,357.2343927412693,360.23321884117456,273.79316436009674,244.70867545193795,360.23321884117456,360.23321884117456,360.23321884117456,152.80830323866212,360.23321884117456,209.15418402076097,239.17324030819265,360.23321884117456,360.23321884117456,295.87170117048015,221.54006348494522,260.9086170236121,360.23321884117456,360.23321884117456,310.09766841945805,360.23321884117456,360.23321884117456,360.23321884117456,231.54048728880986,360.23321884117456,2.1083833088077395e-308,360.23321884117456,360.23321884117456
dysplasia_FA_HN14_2_linfoides_notumorales_tumorales.csv,58.51183075390014,84.92296576493408,208.00448414613385,80.39324360756137,214.72947784307598,110.80600260470577,114.90328299676449,238.53201825646534,224.8417834554048,134.54086221514945,65.64131751649904,147.10707040785107,66.02900683467509,393.69711739468187,235.1054376064452,118.816371839806,27.27770091368762,43.1595030283196,283.8290672218435,87.30200727604796,255.6561268307941,240.6408727501905,117.8056261363329,84.55868654771399,183.942411887903,249.46318709870198,218.90549603477103,41.729149087813376,31.080557620401844,169.71644463892505,119.72616142151526,118.57948364069064,68.03369234960653,244.46297519676966,61.59792864828643,360.23321884117456,1.7641696485298295e-308,70.45687042346228
stroma_ad_carcinoma_FA_HN11A_2_linfoides_notumorales_tumorales.csv,52.071874350749,68.33561118689272,191.4171295680925,63.80588902952002,198.14212326503463,94.21864802666443,119.69994577982057,221.94466367842398,208.25442887736347,141.57652343245934,89.81308390462024,178.10811296342848,91.32699693422992,393.69711739468187,218.51808302840385,137.06503755313466,43.17916950977465,52.53990057814883,283.8290672218435,52.93521008225045,254.07257445958084,224.05351817214915,128.29537631997346,155.01555697117624,210.17726604955362,241.68669499539658,202.31814145672968,78.95345449951343,92.95584651862694,153.1290900608837,105.27342362509631,125.24671903164753,48.24317290052008,231.68627119153194,38.2076246142114,360.23321884117456,70.45687042346228,1.1433807893681457e-308
