,carcinoma_FA_HN14_3_tumorales.csv,carcinoma_FA_HN15_1_tumorales.csv,carcinoma_FA_HN11A_5_tumorales.csv,stroma_ad_dysplasia_FA_HN14_3_tumorales.csv,stroma_ad_dysplasia_FA_HN14_4_tumorales.csv,stroma_ad_dysplasia_FA_HN15_1_tumorales.csv,carcinoma_FA_HN11A_2_tumorales.csv,dysplasia_FA_HN15_1_tumorales.csv,carcinoma_FA_HN14_2_tumorales.csv,carcinoma_FA_HN11A_4_tumorales.csv,dysplasia_FA_HN15_3_tumorales.csv,stroma_ad_dysplasia_FA_HN11A_1_tumorales.csv,stroma_ad_carcinoma_FA_HN15_3_tumorales.csv,dysplasia_FA_HN11A_5_tumorales.csv,stroma_ad_dysplasia_FA_HN14_1_tumorales.csv,stroma_ad_dysplasia_FA_HN11A_2_tumorales.csv,carcinoma_FA_HN14_1_tumorales.csv,stroma_ad_carcinoma_FA_HN11A_1_tumorales.csv,stroma_ad_dysplasia_FA_HN11A_5_tumorales.csv,carcinoma_FA_HN15_2_tumorales.csv,dysplasia_FA_HN15_5_tumorales.csv,carcinoma_FA_HN14_4_tumorales.csv,stroma_ad_carcinoma_FA_HN14_4_tumorales.csv,stroma_ad_carcinoma_FA_HN11A_2_tumorales.csv,stroma_ad_carcinoma_FA_HN15_1_tumorales.csv,stroma_ad_carcinoma_FA_HN15_4_tumorales.csv,stroma_ad_dysplasia_FA_HN15_2_tumorales.csv,dysplasia_FA_HN11A_1_tumorales.csv,stroma_ad_carcinoma_FA_HN15_2_tumorales.csv,dysplasia_FA_HN14_1_tumorales.csv,stroma_ad_carcinoma_FA_HN14_2_tumorales.csv,carcinoma_FA_HN11A_1_tumorales.csv,dysplasia_FA_HN14_2_tumorales.csv,stroma_ad_carcinoma_FA_HN14_5_tumorales.csv,stroma_ad_dysplasia_FA_HN11A_4_tumorales.csv,stroma_ad_carcinoma_FA_HN14_3_tumorales.csv,carcinoma_FA_HN11A_3_tumorales.csv,dysplasia_FA_HN15_2_tumorales.csv,stroma_ad_carcinoma_FA_HN14_1_tumorales.csv,dysplasia_FA_HN11A_2_tumorales.csv,stroma_ad_dysplasia_FA_HN15_3_tumorales.csv,dysplasia_FA_HN11A_4_tumorales.csv,stroma_ad_dysplasia_FA_HN14_2_tumorales.csv,dysplasia_FA_HN11A_3_tumorales.csv,stroma_ad_dysplasia_FA_HN11A_3_tumorales.csv
carcinoma_FA_HN14_3_tumorales.csv,0.0,1392.4530937617262,inf,1626.8971922803996,1090.7598085145708,1047.9067545222822,1168.8624672041701,1232.3372242817138,1365.7437006086311,1022.8267445246327,1624.224757081342,1047.9067545222822,1255.0331557587751,1116.169908855511,1260.8546498880833,1047.9957446726362,904.1414644580968,1047.1795207548475,1047.9067545222822,inf,1259.962758726831,497.20759280310915,1032.5514121140923,1083.9852325138647,1137.7148918317039,1059.8661327779014,1135.0668207543379,1047.9067545222822,1371.1244393594368,905.9494383881021,1070.2162697138865,1191.329821892142,764.4337945500934,775.5799859910151,1047.40722071978,1150.5703131105813,1120.7811487547137,855.4689301048007,1168.798388071687,1047.9067545222822,1516.733152703313,1093.6029631265537,1170.3476898629767,1204.2491684849576,1047.9067545222822
carcinoma_FA_HN15_1_tumorales.csv,1392.4530937617262,0.0,inf,758.3910422453472,448.9564827903975,664.673067657481,630.2927288289776,472.72336602092173,429.6677339455356,614.192266602238,698.283286226659,664.673067657481,482.7601933523353,709.9083446295646,424.9472494672014,667.2180487201462,674.1141124176665,665.0375225313377,664.673067657481,inf,421.5262253685923,1178.76157229073,567.8204884671687,700.7515456490638,662.7059375920954,653.9806203554618,661.9651295058089,664.673067657481,497.0543379991211,1514.8952595530457,683.8127499063927,581.4948022598571,1445.2925240297047,754.4989065142901,664.62566302374,437.42277564607423,583.7747708057028,784.8232261263623,694.449254737388,664.673067657481,487.51987726739316,614.2645843370141,509.13460764998507,493.6580605018097,664.673067657481
carcinoma_FA_HN11A_5_tumorales.csv,inf,inf,0.0,inf,inf,inf,inf,inf,inf,inf,inf,inf,inf,inf,inf,inf,inf,inf,inf,902.6645243143067,inf,inf,inf,inf,inf,inf,inf,inf,inf,inf,inf,inf,inf,inf,inf,inf,inf,inf,inf,inf,inf,inf,inf,inf,inf
stroma_ad_dysplasia_FA_HN14_3_tumorales.csv,1626.8971922803996,758.3910422453472,inf,0.0,855.6724339604124,1181.8727899720593,1135.6788745808826,832.6971549196364,839.7375749671144,1058.8627568064562,611.0776596094759,1181.8727899720593,842.6878555636027,1223.8659717931419,854.9970278066257,1182.6049502967326,882.4770313822498,1181.3714890223473,1181.8727899720593,inf,898.5767096270747,1337.449688160812,886.5365817332455,1217.9512679636412,1166.0417248694673,1163.9849817229713,1185.3732288320095,1181.8727899720593,994.012159847083,1515.002865332953,1199.875771625988,1036.8551809130006,1466.1290101856243,1008.1295343899545,1181.467217778297,905.0287984768537,1009.1566085422364,941.3917545061238,1236.2242358086428,1181.8727899720593,619.9770547019058,1000.4209539283074,904.3732833789996,1038.3190450373406,1181.8727899720593
stroma_ad_dysplasia_FA_HN14_4_tumorales.csv,1090.7598085145708,448.9564827903975,inf,855.6724339604124,0.0,428.4093555859327,442.1722209648424,388.85608419886535,454.3620511832554,370.3618149760904,783.2390883732644,428.4093555859327,441.4976295657877,484.9129870739023,382.475653418584,430.95433664859746,449.00762981681504,427.92128894348343,428.4093555859327,inf,350.64872419522686,898.8677861326832,330.8005723517963,464.48783357751523,444.93129218388304,409.5162986034802,441.53811122925833,428.4093555859327,485.59869896341866,1257.5700451507203,449.2634534817762,453.43279155708444,1178.7976032367915,481.3177492828849,428.48124424024104,294.23754643107793,451.3243586481585,578.0024402756449,500.20631992111566,428.4093555859327,598.0643708396871,386.89338955163,364.56288802645076,413.7732599211582,428.4093555859327
stroma_ad_dysplasia_FA_HN15_1_tumorales.csv,1047.9067545222822,664.673067657481,inf,1181.8727899720593,428.4093555859327,0.0,286.08444965069003,564.4839996027246,506.28173981082466,271.06152554870584,1113.6495184314356,0.0,579.5075487479241,113.48217777458626,475.3294951834285,2.544981062664773,669.228705545075,0.7792709047279587,0.0,inf,452.39418788892584,989.3164738406689,413.52060835545086,36.0784779915825,106.95109531755095,60.137400550415286,110.22143872566292,0.0,565.6857773918985,1423.7867135540137,36.26236780818438,394.462727615646,1369.5274549614915,569.5292575279075,0.7336046399177043,329.6916936400784,485.7498640489299,857.8017622575776,128.95753954905024,0.0,823.7608061117882,480.7038701386941,440.6406732731191,228.63725514280918,0.0
carcinoma_FA_HN11A_2_tumorales.csv,1168.8624672041701,630.2927288289776,inf,1135.6788745808826,442.1722209648424,286.08444965069003,0.0,488.0024051938232,488.1656583931781,334.195417103535,1021.6502318025533,286.08444965069003,507.4759164572083,334.0584586663027,433.34022694113787,288.62943071335485,685.7755621456098,286.86372055541807,286.08444965069003,inf,467.26273403836274,1050.941627455438,490.60499916922623,286.2888772502773,249.70073892449525,272.44058663295806,269.90360321843536,286.08444965069003,426.22579064764676,1500.6431179201109,303.3585666724438,348.5565795451387,1422.206817139422,614.2630540959236,286.8180542906078,383.8992016376633,394.59430461202487,837.0836821629086,232.07103972111847,286.08444965069003,777.0717259311688,454.5073377694657,400.5411377334949,285.86609727196424,286.08444965069003
dysplasia_FA_HN15_1_tumorales.csv,1232.3372242817138,472.72336602092173,inf,832.6971549196364,388.85608419886535,564.4839996027246,488.0024051938232,0.0,402.6309501757942,468.3944936786402,748.9706841712702,564.4839996027246,470.1255427869504,617.1481891328673,379.52072598556526,567.0289806653893,562.7022690241834,563.9025215427331,564.4839996027246,inf,360.2526322850981,1013.1376258911939,422.2531579305354,600.562477594307,544.5729378911562,549.7906415683088,570.9427659240407,564.4839996027246,462.65662191678433,1362.1826827473315,582.3715225183989,490.0057052190265,1291.5243087943065,601.2324966027865,565.2176042426422,387.3004181247368,410.0804592312063,636.9585375894297,582.258730726231,564.4839996027246,584.3282593547688,512.1637983877804,382.065383279893,457.4852311429455,564.4839996027246
carcinoma_FA_HN14_2_tumorales.csv,1365.7437006086311,429.6677339455356,inf,839.7375749671144,454.3620511832554,506.28173981082466,488.1656583931781,402.6309501757942,0.0,526.8953130386125,744.0702189965086,506.28173981082466,464.7058065725022,564.3605618700392,320.36418470778983,508.8267208734895,648.832043027347,507.06101071555264,506.28173981082466,inf,367.7617724174911,1163.4503903964878,501.28880100617226,542.3602178024071,492.7135128843943,508.6157684955618,515.5413301819665,506.28173981082466,396.20823467220845,1547.2898930930485,526.9042973732222,503.5582543907419,1446.13456160525,726.625248651586,507.0153444507424,374.6257170324927,532.4200718873026,785.9471260197744,532.9039361588581,506.28173981082466,514.3121468794287,514.276077461764,362.66907926914433,404.9266083900294,506.28173981082466
carcinoma_FA_HN11A_4_tumorales.csv,1022.8267445246327,614.192266602238,inf,1058.8627568064562,370.3618149760904,271.06152554870584,334.195417103535,468.3944936786402,526.8953130386125,0.0,1011.2783344461299,271.06152554870584,505.9252648908027,332.65038733137993,476.6187309869591,273.60650661137066,566.121733238158,270.5264701404544,271.06152554870584,inf,470.7052784022874,903.8311833334527,391.9302804559703,268.61793893798733,318.1734679172123,263.69014690837616,282.839331533831,271.06152554870584,572.3219727957758,1338.9986901491347,268.2831587459136,370.8584307458715,1265.8382337608216,499.75399160262987,271.79513018862355,322.3517154442689,412.28245708668095,707.2727609674978,345.76533601002564,271.06152554870584,777.5738775233143,396.9127330049372,427.1839814462969,331.91124923115126,271.06152554870584
dysplasia_FA_HN15_3_tumorales.csv,1624.224757081342,698.283286226659,inf,611.0776596094759,783.2390883732644,1113.6495184314356,1021.6502318025533,748.9706841712702,744.0702189965086,1011.2783344461299,0.0,1113.6495184314356,763.2446075692311,1158.814158887589,752.9543930661274,1116.1944994941005,840.7771750812345,1112.9209263637836,1113.6495184314356,inf,801.7699095282697,1336.4593813307122,832.2486222239448,1149.7279964230183,1096.5280429881986,1101.2904165983798,1109.5680456784369,1113.6495184314356,857.4026852031939,1459.2820160582803,1131.487587372215,980.340289542349,1444.916967324025,999.0649244118404,1114.3831230713536,866.2252265901241,956.2012303789604,930.8488566796518,1131.346106120625,1113.6495184314356,564.2083448901919,928.7403792119588,812.1121247377196,957.5215675689108,1113.6495184314356
stroma_ad_dysplasia_FA_HN11A_1_tumorales.csv,1047.9067545222822,664.673067657481,inf,1181.8727899720593,428.4093555859327,0.0,286.08444965069003,564.4839996027246,506.28173981082466,271.06152554870584,1113.6495184314356,0.0,579.5075487479241,113.48217777458626,475.3294951834285,2.544981062664773,669.228705545075,0.7792709047279587,0.0,inf,452.39418788892584,989.3164738406689,413.52060835545086,36.0784779915825,106.95109531755095,60.137400550415286,110.22143872566292,0.0,565.6857773918985,1423.7867135540137,36.26236780818438,394.462727615646,1369.5274549614915,569.5292575279075,0.7336046399177043,329.6916936400784,485.7498640489299,857.8017622575776,128.95753954905024,0.0,823.7608061117882,480.7038701386941,440.6406732731191,228.63725514280918,0.0
stroma_ad_carcinoma_FA_HN15_3_tumorales.csv,1255.0331557587751,482.7601933523353,inf,842.6878555636027,441.4976295657877,579.5075487479241,507.4759164572083,470.1255427869504,464.7058065725022,505.9252648908027,763.2446075692311,579.5075487479241,0.0,621.6778193890059,420.1006336284041,580.3103222440102,541.9002720061839,579.8120867329728,579.5075487479241,inf,365.8619015223908,999.4673653090058,393.9740287608631,575.280688999834,538.7893436847864,548.6423520598157,546.2238965086908,579.5075487479241,485.5149146075406,1350.2482531101043,585.1402549032757,519.3929150313322,1287.5540253667198,640.1906032238975,580.082595610338,418.28016252329996,535.2010200982606,691.3451757542083,588.144833182305,579.5075487479241,559.8309403682014,486.58669997544723,396.61889673841347,486.96875509608424,579.5075487479241
dysplasia_FA_HN11A_5_tumorales.csv,1116.169908855511,709.9083446295646,inf,1223.8659717931419,484.9129870739023,113.48217777458626,334.0584586663027,617.1481891328673,564.3605618700392,332.65038733137993,1158.814158887589,113.48217777458626,621.6778193890059,0.0,532.2159709340643,116.02715883725104,713.1482016708277,114.26144867931423,113.48217777458626,inf,499.15031089035847,1034.4670214417902,458.4019426399012,125.75973765942658,190.88387528238496,130.68105506430211,195.66511091529307,113.48217777458626,605.5843144604323,1464.3605174555169,143.36147087896234,370.28760169213496,1406.3208477784865,614.3806193504441,114.21578241450396,384.4188058220162,514.2072233429607,903.5011161066466,202.8923341673224,113.48217777458626,868.9446114557074,494.39005472275784,491.12368335017175,313.7125497552921,113.48217777458626
stroma_ad_dysplasia_FA_HN14_1_tumorales.csv,1260.8546498880833,424.9472494672014,inf,854.9970278066257,382.475653418584,475.3294951834285,433.34022694113787,379.52072598556526,320.36418470778983,476.6187309869591,752.9543930661274,475.3294951834285,420.1006336284041,532.2159709340643,0.0,475.7278871457569,571.6856297194117,475.1172853441059,475.3294951834285,inf,362.43248018461435,1055.696374760615,417.6107981501911,511.407973175011,485.58640339886773,471.5095418655949,481.07087536463183,475.3294951834285,421.35078595704226,1422.375212177149,493.90839706660097,489.7698990764937,1337.7998015669145,617.3139121036495,476.06309982334614,319.43502742813644,454.1910652274326,718.679641023618,497.971148656956,475.3294951834285,517.8765969079378,473.68702413496067,288.43494044786075,418.8891004390056,475.3294951834285
stroma_ad_dysplasia_FA_HN11A_2_tumorales.csv,1047.9957446726362,667.2180487201462,inf,1182.6049502967326,430.95433664859746,2.544981062664773,288.62943071335485,567.0289806653893,508.8267208734895,273.60650661137066,1116.1944994941005,2.544981062664773,580.3103222440102,116.02715883725104,475.7278871457569,0.0,669.9158206975694,3.3242519673927315,2.544981062664773,inf,454.8811514292758,989.2872280935225,414.53965590790176,38.62345905424728,109.49607638021571,62.682381613080054,112.76641978832768,2.544981062664773,568.2307584545633,1425.5312578368769,38.807348870849154,395.7295399157721,1369.582190088116,569.7697191449917,3.278585702582477,330.94247366771333,486.65058322300104,858.025101747288,131.50252061171497,2.544981062664773,826.3057871744529,481.8761766372044,441.8467250910218,231.18223620547397,2.544981062664773
carcinoma_FA_HN14_1_tumorales.csv,904.1414644580968,674.1141124176665,inf,882.4770313822498,449.00762981681504,669.228705545075,685.7755621456098,562.7022690241834,648.832043027347,566.121733238158,840.7771750812345,669.228705545075,541.9002720061839,713.1482016708277,571.6856297194117,669.9158206975694,0.0,668.5969628860848,669.228705545075,inf,591.9288527645409,691.7958794464497,416.1632570105257,705.3071835366578,695.0982229968605,662.5346575459514,688.5675210127407,669.228705545075,690.4275136058645,1032.795019469905,688.0764010249266,639.520387416746,943.935873310819,420.99512980885805,668.5661493502962,568.024683297839,643.0284221384442,497.0755800364014,742.2463447254972,669.228705545075,725.8552657822001,493.4595363062158,519.1202182633613,711.4430513990505,669.228705545075
stroma_ad_carcinoma_FA_HN11A_1_tumorales.csv,1047.1795207548475,665.0375225313377,inf,1181.3714890223473,427.92128894348343,0.7792709047279587,286.86372055541807,563.9025215427331,507.06101071555264,270.5264701404544,1112.9209263637836,0.7792709047279587,579.8120867329728,114.26144867931423,475.1172853441059,3.3242519673927315,668.5969628860848,0.0,0.7792709047279587,inf,451.8827585778865,988.5905554349911,414.1426090290551,36.85774889631046,107.73036622227889,59.668700756220915,111.00070963039087,0.7792709047279587,566.4650482966265,1423.3645061484108,37.04163871291234,394.38632028390236,1368.7856010367175,569.2060992449776,1.512875544645663,329.21131953119675,484.9962329103662,857.2126354840309,129.73681045377816,0.7792709047279587,823.4487996091675,480.0185497673984,440.8689583919379,229.41652604753716,0.7792709047279587
stroma_ad_dysplasia_FA_HN11A_5_tumorales.csv,1047.9067545222822,664.673067657481,inf,1181.8727899720593,428.4093555859327,0.0,286.08444965069003,564.4839996027246,506.28173981082466,271.06152554870584,1113.6495184314356,0.0,579.5075487479241,113.48217777458626,475.3294951834285,2.544981062664773,669.228705545075,0.7792709047279587,0.0,inf,452.39418788892584,989.3164738406689,413.52060835545086,36.0784779915825,106.95109531755095,60.137400550415286,110.22143872566292,0.0,565.6857773918985,1423.7867135540137,36.26236780818438,394.462727615646,1369.5274549614915,569.5292575279075,0.7336046399177043,329.6916936400784,485.7498640489299,857.8017622575776,128.95753954905024,0.0,823.7608061117882,480.7038701386941,440.6406732731191,228.63725514280918,0.0
carcinoma_FA_HN15_2_tumorales.csv,inf,inf,902.6645243143067,inf,inf,inf,inf,inf,inf,inf,inf,inf,inf,inf,inf,inf,inf,inf,inf,0.0,inf,inf,inf,inf,inf,inf,inf,inf,inf,inf,inf,inf,inf,inf,inf,inf,inf,inf,inf,inf,inf,inf,inf,inf,inf
dysplasia_FA_HN15_5_tumorales.csv,1259.962758726831,421.5262253685923,inf,898.5767096270747,350.64872419522686,452.39418788892584,467.26273403836274,360.2526322850981,367.7617724174911,470.7052784022874,801.7699095282697,452.39418788892584,365.8619015223908,499.15031089035847,362.43248018461435,454.8811514292758,591.9288527645409,451.8827585778865,452.39418788892584,inf,0.0,1055.4695414727948,404.85491994338116,488.4726658805083,417.99432595816864,449.41020420522705,443.59727162081765,452.39418788892584,412.6507173929431,1400.8312192140518,469.88356540009863,457.84850937131057,1328.2347470912512,613.3275832226711,453.12779252884343,326.59030319278645,453.0900047546877,690.0885359229968,509.4865417970383,452.39418788892584,576.8336447122399,475.7482446622314,354.49903436775503,365.0279618433538,452.39418788892584
carcinoma_FA_HN14_4_tumorales.csv,497.20759280310915,1178.76157229073,inf,1337.449688160812,898.8677861326832,989.3164738406689,1050.941627455438,1013.1376258911939,1163.4503903964878,903.8311833334527,1336.4593813307122,989.3164738406689,999.4673653090058,1034.4670214417902,1055.696374760615,989.2872280935225,691.7958794464497,988.5905554349911,989.3164738406689,inf,1055.4695414727948,0.0,804.5357239491439,1025.3949518322515,1033.3483608730194,976.139152126693,1034.5611590998305,989.3164738406689,1154.8877891921331,762.1572313039723,1008.7052848910122,1012.2107280630019,636.1701498253404,611.5509463842939,988.7199193249546,992.525677374143,995.246884511044,628.154526306233,1087.3360983701855,989.3164738406689,1219.4715507232145,905.730452065946,975.3854059221585,1096.2708833817233,989.3164738406689
stroma_ad_carcinoma_FA_HN14_4_tumorales.csv,1032.5514121140923,567.8204884671687,inf,886.5365817332455,330.8005723517963,413.52060835545086,490.60499916922623,422.2531579305354,501.28880100617226,391.9302804559703,832.2486222239448,413.52060835545086,393.9740287608631,458.4019426399012,417.6107981501911,414.53965590790176,416.1632570105257,414.1426090290551,413.52060835545086,inf,404.85491994338116,804.5357239491439,0.0,449.5990863470334,460.86661866065367,407.07145940384237,458.1627709378122,413.52060835545086,550.5956913753841,1116.476393533477,431.37192642913413,535.124125245722,1046.1487291578565,452.5098302539126,414.2542129953685,376.6910474611598,527.7684178967615,605.4042377009958,512.1284837804568,413.52060835545086,617.7594162243903,390.33920560353,356.70084676392696,522.0605666369049,413.52060835545086
stroma_ad_carcinoma_FA_HN11A_2_tumorales.csv,1083.9852325138647,700.7515456490638,inf,1217.9512679636412,464.48783357751523,36.0784779915825,286.2888772502773,600.562477594307,542.3602178024071,268.61793893798733,1149.7279964230183,36.0784779915825,575.280688999834,125.75973765942658,511.407973175011,38.62345905424728,705.3071835366578,36.85774889631046,36.0784779915825,inf,488.4726658805083,1025.3949518322515,449.5990863470334,0.0,143.02957330913344,86.5831737938409,98.84120707764446,36.0784779915825,595.4609429831552,1459.865191545596,55.18755317511659,379.67557028173906,1405.6059329530738,605.6077355194902,36.8120826315002,365.770171631661,507.709249333668,893.88024024916,136.13311486137425,36.0784779915825,859.8392841033707,446.4800930568133,476.7191512647016,264.7157331343917,36.0784779915825
stroma_ad_carcinoma_FA_HN15_1_tumorales.csv,1137.7148918317039,662.7059375920954,inf,1166.0417248694673,444.93129218388304,106.95109531755095,249.70073892449525,544.5729378911562,492.7135128843943,318.1734679172123,1096.5280429881986,106.95109531755095,538.7893436847864,190.88387528238496,485.58640339886773,109.49607638021571,695.0982229968605,107.73036622227889,106.95109531755095,inf,417.99432595816864,1033.3483608730194,460.86661866065367,143.02957330913344,0.0,117.6262560514224,128.25572758758835,106.95109531755095,524.9985866149148,1490.6751919587737,138.02287517359355,389.4835044108591,1420.7131944813427,605.9706177651815,107.68469995746867,340.75995348225337,467.7320539349854,854.2365973476204,151.16496015171094,106.95109531755095,815.8096894371479,497.73608429842227,420.1595996102618,220.18782412973712,106.95109531755095
stroma_ad_carcinoma_FA_HN15_4_tumorales.csv,1059.8661327779014,653.9806203554618,inf,1163.9849817229713,409.5162986034802,60.137400550415286,272.44058663295806,549.7906415683088,508.6157684955618,263.69014690837616,1101.2904165983798,60.137400550415286,548.6423520598157,130.68105506430211,471.5095418655949,62.682381613080054,662.5346575459514,59.668700756220915,60.137400550415286,inf,449.41020420522705,976.139152126693,407.07145940384237,86.5831737938409,117.6262560514224,0.0,131.77145990105217,60.137400550415286,554.9890060835326,1418.0991305013874,82.15537149167434,395.1741218779901,1356.572300602319,563.6182979284546,60.87100519033299,321.9153212130354,477.0446739067013,842.783180907547,155.80221743615877,60.137400550415286,812.6043083257339,465.69939107837536,433.36233568006566,245.01899044414466,60.137400550415286
stroma_ad_dysplasia_FA_HN15_2_tumorales.csv,1135.0668207543379,661.9651295058089,inf,1185.3732288320095,441.53811122925833,110.22143872566292,269.90360321843536,570.9427659240407,515.5413301819665,282.839331533831,1109.5680456784369,110.22143872566292,546.2238965086908,195.66511091529307,481.07087536463183,112.76641978832768,688.5675210127407,111.00070963039087,110.22143872566292,inf,443.59727162081765,1034.5611590998305,458.1627709378122,98.84120707764446,128.25572758758835,131.77145990105217,0.0,110.22143872566292,517.7472301556211,1474.9415339761474,120.39972633923419,383.8369512865408,1407.729455376546,601.2747810493809,110.95504336558061,349.8709735406295,466.1439228184787,865.8450539303265,158.67931474061777,110.22143872566292,817.926310690519,445.21479684398713,430.31508997982746,259.3805297135009,110.22143872566292
dysplasia_FA_HN11A_1_tumorales.csv,1047.9067545222822,664.673067657481,inf,1181.8727899720593,428.4093555859327,0.0,286.08444965069003,564.4839996027246,506.28173981082466,271.06152554870584,1113.6495184314356,0.0,579.5075487479241,113.48217777458626,475.3294951834285,2.544981062664773,669.228705545075,0.7792709047279587,0.0,inf,452.39418788892584,989.3164738406689,413.52060835545086,36.0784779915825,106.95109531755095,60.137400550415286,110.22143872566292,0.0,565.6857773918985,1423.7867135540137,36.26236780818438,394.462727615646,1369.5274549614915,569.5292575279075,0.7336046399177043,329.6916936400784,485.7498640489299,857.8017622575776,128.95753954905024,0.0,823.7608061117882,480.7038701386941,440.6406732731191,228.63725514280918,0.0
stroma_ad_carcinoma_FA_HN15_2_tumorales.csv,1371.1244393594368,497.0543379991211,inf,994.012159847083,485.59869896341866,565.6857773918985,426.22579064764676,462.65662191678433,396.20823467220845,572.3219727957758,857.4026852031939,565.6857773918985,485.5149146075406,605.5843144604323,421.35078595704226,568.2307584545633,690.4275136058645,566.4650482966265,565.6857773918985,inf,412.6507173929431,1154.8877891921331,550.5956913753841,595.4609429831552,524.9985866149148,554.9890060835326,517.7472301556211,565.6857773918985,0.0,1544.6863522873055,585.0524290083887,497.50062651665246,1442.8772299969175,724.6964997365545,566.4193820318162,447.7931637598814,418.44496562365646,798.9139264814812,511.16497427500576,565.6857773918985,660.7288528976386,541.6247185756542,415.9446734394073,465.7185285553811,565.6857773918985
dysplasia_FA_HN14_1_tumorales.csv,905.9494383881021,1514.8952595530457,inf,1515.002865332953,1257.5700451507203,1423.7867135540137,1500.6431179201109,1362.1826827473315,1547.2898930930485,1338.9986901491347,1459.2820160582803,1423.7867135540137,1350.2482531101043,1464.3605174555169,1422.375212177149,1425.5312578368769,1032.795019469905,1423.3645061484108,1423.7867135540137,inf,1400.8312192140518,762.1572313039723,1116.476393533477,1459.865191545596,1490.6751919587737,1418.0991305013874,1474.9415339761474,1423.7867135540137,1544.6863522873055,0.0,1441.6541989152283,1480.8593477445854,545.3890424767525,1016.2828936749939,1423.3491697090592,1403.1655350091885,1404.123972750362,955.3558826103429,1528.144190546177,1423.7867135540137,1459.452584262689,1294.8123517971612,1338.4636743144713,1536.2075382757355,1423.7867135540137
stroma_ad_carcinoma_FA_HN14_2_tumorales.csv,1070.2162697138865,683.8127499063927,inf,1199.875771625988,449.2634534817762,36.26236780818438,303.3585666724438,582.3715225183989,526.9042973732222,268.2831587459136,1131.487587372215,36.26236780818438,585.1402549032757,143.36147087896234,493.90839706660097,38.807348870849154,688.0764010249266,37.04163871291234,36.26236780818438,inf,469.88356540009863,1008.7052848910122,431.37192642913413,55.18755317511659,138.02287517359355,82.15537149167434,120.39972633923419,36.26236780818438,585.0524290083887,1441.6541989152283,0.0,412.0339892867192,1388.5708368661212,588.4972024369007,36.99597244810208,350.8172773395362,504.0941712928037,875.9492365867213,165.2199073572346,36.26236780818438,841.7380603552184,476.2071604165467,458.4469973445566,259.4120156436698,36.26236780818438
carcinoma_FA_HN11A_1_tumorales.csv,1191.329821892142,581.4948022598571,inf,1036.8551809130006,453.43279155708444,394.462727615646,348.5565795451387,490.0057052190265,503.5582543907419,370.8584307458715,980.340289542349,394.462727615646,519.3929150313322,370.28760169213496,489.7698990764937,395.7295399157721,639.520387416746,394.38632028390236,394.462727615646,inf,457.84850937131057,1012.2107280630019,535.124125245722,379.67557028173906,389.4835044108591,395.1741218779901,383.8369512865408,394.462727615646,497.50062651665246,1480.8593477445854,412.0339892867192,0.0,1373.1677868060983,605.8286019824071,393.8650954064915,353.5432443416963,458.1244174480744,755.1708921926363,420.95061456609415,394.462727615646,744.5846381461128,422.0440032745916,458.7738275329932,358.42389105179836,394.462727615646
dysplasia_FA_HN14_2_tumorales.csv,764.4337945500934,1445.2925240297047,inf,1466.1290101856243,1178.7976032367915,1369.5274549614915,1422.206817139422,1291.5243087943065,1446.13456160525,1265.8382337608216,1444.916967324025,1369.5274549614915,1287.5540253667198,1406.3208477784865,1337.7998015669145,1369.582190088116,943.935873310819,1368.7856010367175,1369.5274549614915,inf,1328.2347470912512,636.1701498253404,1046.1487291578565,1405.6059329530738,1420.7131944813427,1356.572300602319,1407.729455376546,1369.5274549614915,1442.8772299969175,545.3890424767525,1388.5708368661212,1373.1677868060983,0.0,935.2437805320662,1368.9196473481459,1309.554110127136,1339.3437737435777,861.4711398851578,1469.5141419098559,1369.5274549614915,1423.4981928151346,1204.0740909947408,1252.817879075998,1458.4019243869097,1369.5274549614915
stroma_ad_carcinoma_FA_HN14_5_tumorales.csv,775.5799859910151,754.4989065142901,inf,1008.1295343899545,481.3177492828849,569.5292575279075,614.2630540959236,601.2324966027865,726.625248651586,499.75399160262987,999.0649244118404,569.5292575279075,640.1906032238975,614.3806193504441,617.3139121036495,569.7697191449917,420.99512980885805,569.2060992449776,569.5292575279075,inf,613.3275832226711,611.5509463842939,452.5098302539126,605.6077355194902,605.9706177651815,563.6182979284546,601.2747810493809,569.5292575279075,724.6964997365545,1016.2828936749939,588.4972024369007,605.8286019824071,935.2437805320662,0.0,568.8920846374023,528.1342657960329,567.0334354724135,475.63170248153955,653.8117516060746,569.5292575279075,860.9095108009797,486.6192496704489,567.446625314522,640.9671531708933,569.5292575279075
stroma_ad_dysplasia_FA_HN11A_4_tumorales.csv,1047.40722071978,664.62566302374,inf,1181.467217778297,428.48124424024104,0.7336046399177043,286.8180542906078,565.2176042426422,507.0153444507424,271.79513018862355,1114.3831230713536,0.7336046399177043,580.082595610338,114.21578241450396,476.06309982334614,3.278585702582477,668.5661493502962,1.512875544645663,0.7336046399177043,inf,453.12779252884343,988.7199193249546,414.2542129953685,36.8120826315002,107.68469995746867,60.87100519033299,110.95504336558061,0.7336046399177043,566.4193820318162,1423.3491697090592,36.99597244810208,393.8650954064915,1368.9196473481459,568.8920846374023,0.0,329.5157670104868,485.7878302376088,857.2054544091867,129.6911441889679,0.7336046399177043,824.4944107517059,480.67068692821465,441.37427791303685,229.3708597827269,0.7336046399177043
stroma_ad_carcinoma_FA_HN14_3_tumorales.csv,1150.5703131105813,437.42277564607423,inf,905.0287984768537,294.23754643107793,329.6916936400784,383.8992016376633,387.3004181247368,374.6257170324927,322.3517154442689,866.2252265901241,329.6916936400784,418.28016252329996,384.4188058220162,319.43502742813644,330.94247366771333,568.024683297839,329.21131953119675,329.6916936400784,inf,326.59030319278645,992.525677374143,376.6910474611598,365.770171631661,340.75995348225337,321.9153212130354,349.8709735406295,329.6916936400784,447.7931637598814,1403.1655350091885,350.8172773395362,353.5432443416963,1309.554110127136,528.1342657960329,329.5157670104868,0.0,401.2576753022363,696.7360175940227,400.9157412413472,329.6916936400784,612.0448017551778,398.16351772941096,352.04086941856565,309.27059599933136,329.6916936400784
carcinoma_FA_HN11A_3_tumorales.csv,1120.7811487547137,583.7747708057028,inf,1009.1566085422364,451.3243586481585,485.7498640489299,394.59430461202487,410.0804592312063,532.4200718873026,412.28245708668095,956.2012303789604,485.7498640489299,535.2010200982606,514.2072233429607,454.1910652274326,486.65058322300104,643.0284221384442,484.9962329103662,485.7498640489299,inf,453.0900047546877,995.246884511044,527.7684178967615,507.709249333668,467.7320539349854,477.0446739067013,466.1439228184787,485.7498640489299,418.44496562365646,1404.123972750362,504.0941712928037,458.1244174480744,1339.3437737435777,567.0334354724135,485.7878302376088,401.2576753022363,0.0,723.4425040237943,435.17514127792356,485.7498640489299,764.0582641389246,460.22363930357005,403.7561193611432,399.1604788982889,485.7498640489299
dysplasia_FA_HN15_2_tumorales.csv,855.4689301048007,784.8232261263623,inf,941.3917545061238,578.0024402756449,857.8017622575776,837.0836821629086,636.9585375894297,785.9471260197744,707.2727609674978,930.8488566796518,857.8017622575776,691.3451757542083,903.5011161066466,718.679641023618,858.025101747288,497.0755800364014,857.2126354840309,857.8017622575776,inf,690.0885359229968,628.154526306233,605.4042377009958,893.88024024916,854.2365973476204,842.783180907547,865.8450539303265,857.8017622575776,798.9139264814812,955.3558826103429,875.9492365867213,755.1708921926363,861.4711398851578,475.63170248153955,857.2054544091867,696.7360175940227,723.4425040237943,0.0,924.6895792590952,857.8017622575776,846.2303277212544,666.5638619244685,685.3139366563651,808.9687667834386,857.8017622575776
stroma_ad_carcinoma_FA_HN14_1_tumorales.csv,1168.798388071687,694.449254737388,inf,1236.2242358086428,500.20631992111566,128.95753954905024,232.07103972111847,582.258730726231,532.9039361588581,345.76533601002564,1131.346106120625,128.95753954905024,588.144833182305,202.8923341673224,497.971148656956,131.50252061171497,742.2463447254972,129.73681045377816,128.95753954905024,inf,509.4865417970383,1087.3360983701855,512.1284837804568,136.13311486137425,151.16496015171094,155.80221743615877,158.67931474061777,128.95753954905024,511.16497427500576,1528.144190546177,165.2199073572346,420.95061456609415,1469.5141419098559,653.8117516060746,129.6911441889679,400.9157412413472,435.17514127792356,924.6895792590952,0.0,128.95753954905024,836.0653478595837,499.32518265524095,443.6332344500503,284.9605379074486,128.95753954905024
dysplasia_FA_HN11A_2_tumorales.csv,1047.9067545222822,664.673067657481,inf,1181.8727899720593,428.4093555859327,0.0,286.08444965069003,564.4839996027246,506.28173981082466,271.06152554870584,1113.6495184314356,0.0,579.5075487479241,113.48217777458626,475.3294951834285,2.544981062664773,669.228705545075,0.7792709047279587,0.0,inf,452.39418788892584,989.3164738406689,413.52060835545086,36.0784779915825,106.95109531755095,60.137400550415286,110.22143872566292,0.0,565.6857773918985,1423.7867135540137,36.26236780818438,394.462727615646,1369.5274549614915,569.5292575279075,0.7336046399177043,329.6916936400784,485.7498640489299,857.8017622575776,128.95753954905024,0.0,823.7608061117882,480.7038701386941,440.6406732731191,228.63725514280918,0.0
stroma_ad_dysplasia_FA_HN15_3_tumorales.csv,1516.733152703313,487.51987726739316,inf,619.9770547019058,598.0643708396871,823.7608061117882,777.0717259311688,584.3282593547688,514.3121468794287,777.5738775233143,564.2083448901919,823.7608061117882,559.8309403682014,868.9446114557074,517.8765969079378,826.3057871744529,725.8552657822001,823.4487996091675,823.7608061117882,inf,576.8336447122399,1219.4715507232145,617.7594162243903,859.8392841033707,815.8096894371479,812.6043083257339,817.926310690519,823.7608061117882,660.7288528976386,1459.452584262689,841.7380603552184,744.5846381461128,1423.4981928151346,860.9095108009797,824.4944107517059,612.0448017551778,764.0582641389246,846.2303277212544,836.0653478595837,823.7608061117882,0.0,728.6967041508709,600.894422146008,709.2292393745705,823.7608061117882
dysplasia_FA_HN11A_4_tumorales.csv,1093.6029631265537,614.2645843370141,inf,1000.4209539283074,386.89338955163,480.7038701386941,454.5073377694657,512.1637983877804,514.276077461764,396.9127330049372,928.7403792119588,480.7038701386941,486.58669997544723,494.39005472275784,473.68702413496067,481.8761766372044,493.4595363062158,480.0185497673984,480.7038701386941,inf,475.7482446622314,905.730452065946,390.33920560353,446.4800930568133,497.73608429842227,465.69939107837536,445.21479684398713,480.7038701386941,541.6247185756542,1294.8123517971612,476.2071604165467,422.0440032745916,1204.0740909947408,486.6192496704489,480.67068692821465,398.16351772941096,460.22363930357005,666.5638619244685,499.32518265524095,480.7038701386941,728.6967041508709,0.0,407.0390361090198,525.4468350520954,480.7038701386941
stroma_ad_dysplasia_FA_HN14_2_tumorales.csv,1170.3476898629767,509.13460764998507,inf,904.3732833789996,364.56288802645076,440.6406732731191,400.5411377334949,382.065383279893,362.66907926914433,427.1839814462969,812.1121247377196,440.6406732731191,396.61889673841347,491.12368335017175,288.43494044786075,441.8467250910218,519.1202182633613,440.8689583919379,440.6406732731191,inf,354.49903436775503,975.3854059221585,356.70084676392696,476.7191512647016,420.1595996102618,433.36233568006566,430.31508997982746,440.6406732731191,415.9446734394073,1338.4636743144713,458.4469973445566,458.7738275329932,1252.817879075998,567.446625314522,441.37427791303685,352.04086941856565,403.7561193611432,685.3139366563651,443.6332344500503,440.6406732731191,600.894422146008,407.0390361090198,0.0,417.04142504068653,440.6406732731191
dysplasia_FA_HN11A_3_tumorales.csv,1204.2491684849576,493.6580605018097,inf,1038.3190450373406,413.7732599211582,228.63725514280918,285.86609727196424,457.4852311429455,404.9266083900294,331.91124923115126,957.5215675689108,228.63725514280918,486.96875509608424,313.7125497552921,418.8891004390056,231.18223620547397,711.4430513990505,229.41652604753716,228.63725514280918,inf,365.0279618433538,1096.2708833817233,522.0605666369049,264.7157331343917,220.18782412973712,245.01899044414466,259.3805297135009,228.63725514280918,465.7185285553811,1536.2075382757355,259.4120156436698,358.42389105179836,1458.4019243869097,640.9671531708933,229.3708597827269,309.27059599933136,399.1604788982889,808.9687667834386,284.9605379074486,228.63725514280918,709.2292393745705,525.4468350520954,417.04142504068653,0.0,228.63725514280918
stroma_ad_dysplasia_FA_HN11A_3_tumorales.csv,1047.9067545222822,664.673067657481,inf,1181.8727899720593,428.4093555859327,0.0,286.08444965069003,564.4839996027246,506.28173981082466,271.06152554870584,1113.6495184314356,0.0,579.5075487479241,113.48217777458626,475.3294951834285,2.544981062664773,669.228705545075,0.7792709047279587,0.0,inf,452.39418788892584,989.3164738406689,413.52060835545086,36.0784779915825,106.95109531755095,60.137400550415286,110.22143872566292,0.0,565.6857773918985,1423.7867135540137,36.26236780818438,394.462727615646,1369.5274549614915,569.5292575279075,0.7336046399177043,329.6916936400784,485.7498640489299,857.8017622575776,128.95753954905024,0.0,823.7608061117882,480.7038701386941,440.6406732731191,228.63725514280918,0.0
