,stroma_ad_carcinoma_FA_HN15_4_linfoides_mieloides.csv,carcinoma_FA_HN15_1_linfoides_mieloides.csv,stroma_ad_carcinoma_FA_HN14_1_linfoides_mieloides.csv,dysplasia_FA_HN15_3_linfoides_mieloides.csv,stroma_ad_carcinoma_FA_HN11A_1_linfoides_mieloides.csv,stroma_ad_dysplasia_FA_HN11A_4_linfoides_mieloides.csv,carcinoma_FA_HN11A_4_linfoides_mieloides.csv,stroma_ad_dysplasia_FA_HN14_2_linfoides_mieloides.csv,stroma_ad_dysplasia_FA_HN15_3_linfoides_mieloides.csv,stroma_ad_carcinoma_FA_HN14_3_linfoides_mieloides.csv,stroma_ad_carcinoma_FA_HN14_5_linfoides_mieloides.csv,dysplasia_FA_HN11A_1_linfoides_mieloides.csv,stroma_ad_dysplasia_FA_HN11A_1_linfoides_mieloides.csv,stroma_ad_dysplasia_FA_HN14_1_linfoides_mieloides.csv,stroma_ad_carcinoma_FA_HN14_4_linfoides_mieloides.csv,stroma_ad_dysplasia_FA_HN15_2_linfoides_mieloides.csv,carcinoma_FA_HN14_1_linfoides_mieloides.csv,dysplasia_FA_HN15_1_linfoides_mieloides.csv,carcinoma_FA_HN14_3_linfoides_mieloides.csv,carcinoma_FA_HN11A_2_linfoides_mieloides.csv,dysplasia_FA_HN11A_5_linfoides_mieloides.csv,carcinoma_FA_HN14_2_linfoides_mieloides.csv,stroma_ad_dysplasia_FA_HN15_4_linfoides_mieloides.csv,stroma_ad_carcinoma_FA_HN15_2_linfoides_mieloides.csv,stroma_ad_dysplasia_FA_HN11A_5_linfoides_mieloides.csv,stroma_ad_dysplasia_FA_HN11A_3_linfoides_mieloides.csv,carcinoma_FA_HN11A_1_linfoides_mieloides.csv,stroma_ad_carcinoma_FA_HN14_2_linfoides_mieloides.csv,dysplasia_FA_HN14_1_linfoides_mieloides.csv,stroma_ad_dysplasia_FA_HN11A_2_linfoides_mieloides.csv,stroma_ad_carcinoma_FA_HN15_1_linfoides_mieloides.csv,carcinoma_FA_HN11A_3_linfoides_mieloides.csv,dysplasia_FA_HN14_2_linfoides_mieloides.csv,stroma_ad_dysplasia_FA_HN14_3_linfoides_mieloides.csv,stroma_ad_dysplasia_FA_HN15_5_linfoides_mieloides.csv,carcinoma_FA_HN14_4_linfoides_mieloides.csv,carcinoma_FA_HN15_2_linfoides_mieloides.csv,stroma_ad_dysplasia_FA_HN15_1_linfoides_mieloides.csv,dysplasia_FA_HN15_2_linfoides_mieloides.csv,dysplasia_FA_HN11A_3_linfoides_mieloides.csv,stroma_ad_dysplasia_FA_HN14_4_linfoides_mieloides.csv,carcinoma_FA_HN11A_5_linfoides_mieloides.csv,stroma_ad_carcinoma_FA_HN11A_2_linfoides_mieloides.csv,stroma_ad_carcinoma_FA_HN15_3_linfoides_mieloides.csv,dysplasia_FA_HN11A_2_linfoides_mieloides.csv,dysplasia_FA_HN15_5_linfoides_mieloides.csv,dysplasia_FA_HN11A_4_linfoides_mieloides.csv
stroma_ad_carcinoma_FA_HN15_4_linfoides_mieloides.csv,0.0,1087.6248969095134,847.63790877306,1556.3729029022654,1193.8471585738318,967.4856978723944,865.0801378503954,1003.7584856851005,1272.2143379389283,787.1797487397985,1072.9513932965585,954.6396525061348,823.3539506530556,903.0687296545798,1133.8975420672048,894.266825832824,1242.684406960645,780.9813666707576,1355.2311308180085,1130.6352904423284,765.5625967696521,1298.4964238333173,1131.8573386720404,1192.5497184923406,880.4651691468932,839.2486345457191,944.9490670524476,783.8115397886959,1461.9285446295746,757.4273960911714,867.4395838558341,857.127711810082,1387.8529873398393,1603.721453889708,1356.9455958148553,1297.9073456645087,1193.9611873787348,826.0364534748887,980.1109332228687,712.733438881683,1116.057788617711,968.6826596213307,687.2277647907633,1407.620115011875,940.1065351285829,857.999242508195,1046.99473027209
carcinoma_FA_HN15_1_linfoides_mieloides.csv,1087.6248969095134,0.0,1044.3402173326483,1140.8577573543346,1519.696224137636,1083.6171874846057,881.1902251812969,633.8183349078906,754.6097000743096,766.0130724956954,534.2828027556214,1128.6554301291412,709.4211315387125,607.2140423894783,648.3830116465076,906.1386128313344,682.4788934887796,1170.599294286843,936.4753089374074,984.0953019667795,1042.1366391761055,847.7658921552821,1470.0534733377447,682.0027436871447,913.4202467133482,967.9113228051611,756.0744247094876,820.0422683650389,1048.7215123991111,956.3314274904224,933.7645599384061,814.1460085719449,942.552714270676,1057.3367550222235,1385.0235189722675,808.6874102155738,592.7437723720085,1181.9067011770176,750.7297130543791,998.0919636052574,967.6304591848132,769.9467719784918,872.6618342253287,802.7481489888602,1176.7358084474274,1293.069124394166,922.8693132109681
stroma_ad_carcinoma_FA_HN14_1_linfoides_mieloides.csv,847.63790877306,1044.3402173326483,0.0,1626.5574347713912,1221.220173096255,853.899304951754,761.2756241978819,914.0311713187322,1402.6744177843889,667.5592419878677,1027.1740154587874,929.0336519276728,806.0035856874317,807.330265783932,1155.9630749201715,830.1276533771018,1221.520859979196,713.6601278572506,1268.8377895278804,1169.6306039129568,721.0718147661072,1343.5080847456034,965.5214981504446,1280.0813559945784,793.9231063582573,587.086404554942,875.7703203535448,538.5796145743705,1325.4683089054033,538.6674562025282,768.1323575411179,727.6977804393337,1224.3424119106753,1669.2384605673747,1146.7418438420357,1236.1171068788883,1197.2373522981454,804.4749372268872,770.0102198867532,821.907253445774,1028.0740853830089,992.3933219583778,768.7090281202065,1396.0197436477597,1071.9446810582515,758.4466166032707,986.2214887210828
dysplasia_FA_HN15_3_linfoides_mieloides.csv,1556.3729029022654,1140.8577573543346,1626.5574347713912,0.0,1534.4922826944146,1604.417398624172,1318.1709718336883,966.6975907050266,896.50219095226,1281.1127006051133,912.0642837452597,1582.9248173001793,1303.3371208238332,1348.2916736556458,803.1478796639444,1264.305081922011,713.4026359675208,1813.4827697322241,492.6594644864195,1007.9165413498085,1672.8398415890526,560.4098155249005,1607.4607676192816,1082.106221426303,1283.842766919962,1618.6223677006763,1001.313103361588,1425.300215387231,671.9503050397591,1627.1047530043456,1521.0087246334701,1169.8820620631302,589.4306706158532,762.6789955771192,1547.432027211409,527.0387676424867,907.5770037952398,1505.859911471989,1285.7890066871428,1453.138292425709,1023.7821375752017,1146.9343146356657,1239.5641684119605,644.8748509228949,1452.9593259749681,1600.51443713319,1038.5727999871856
stroma_ad_carcinoma_FA_HN11A_1_linfoides_mieloides.csv,1193.8471585738318,1519.696224137636,1221.220173096255,1534.4922826944146,0.0,930.7320310175733,861.6764474302764,1181.7029765614081,1610.1518204018423,1296.6155352413068,1330.6725636695746,856.2072664547632,1190.6680685380488,1522.9966518118033,1375.8256688630001,1447.5729499752777,1326.9806400819925,1259.258562836205,1167.4339597790133,1207.5270600564638,1246.50258251692,1367.3004882913585,719.9547322284733,1632.1402077504467,911.5581465183024,1108.7166429776555,976.9442173382847,1212.7291045474046,1246.0673347907643,1332.4960530214546,1484.6711330861945,998.5586968909299,1203.4990884562592,1640.1036322540235,803.5608776480179,1238.7064463600575,1474.6957836765705,933.1969734039591,1536.8851969483937,1258.4661168486716,1006.7471404401298,1180.2215273873458,1052.7593921682326,1471.8754774813901,896.3670877101093,996.7729018744211,1151.5090928490574
stroma_ad_dysplasia_FA_HN11A_4_linfoides_mieloides.csv,967.4856978723944,1083.6171874846057,853.899304951754,1604.417398624172,930.7320310175733,0.0,567.1401510174617,937.7466743253168,1408.3731427190241,912.9553280267107,1018.5046683001767,568.9093884482744,812.7645054341782,990.067300219023,1104.3546389914754,1126.4333485051739,1168.6879578584235,976.7164077058069,1303.6311038156305,1083.9218124248728,924.7951444702143,1275.1418813673663,783.0471475197692,1281.0978626075141,664.1174716393132,743.833065720442,818.4108726776813,878.1379082561954,1401.7315149471062,925.4358439655686,1093.2280285644106,862.9271187437286,1299.6945847490076,1571.5240454388074,806.4343131660085,1237.720112475642,1145.9629076105439,801.4171259675499,1092.3723878443225,924.4215608795587,921.1673366671882,904.8481017766403,839.4694552674648,1321.9681068782172,700.3609539917621,926.4405227580394,1037.8905075610307
carcinoma_FA_HN11A_4_linfoides_mieloides.csv,865.0801378503954,881.1902251812969,761.2756241978819,1318.1709718336883,861.6764474302764,567.1401510174617,0.0,744.2085429398865,1162.1664344886617,787.0151032779496,805.8911702796406,626.6040183622681,615.4365713290288,885.4529451755922,880.4338627908622,989.6740824900676,874.3826865460244,921.2156477446714,1001.2295653135714,868.0515448456665,798.404125433358,1011.0187908907701,789.3735695132345,1108.6131622644534,524.7151954558835,665.0180172679939,594.4474333502313,753.6645047325292,1101.6676341321222,834.2711828729837,1002.7826646461062,653.015046954506,990.1222647029795,1330.1664481453147,827.0591402538008,938.6078673555611,945.9923617446761,713.5080759840549,957.8258460785103,809.2987580885423,714.6595981526683,716.2826030656812,663.080490610823,1047.5496965273096,648.7870019276062,797.2384495654105,770.8454788186299
stroma_ad_dysplasia_FA_HN14_2_linfoides_mieloides.csv,1003.7584856851005,633.8183349078906,914.0311713187322,966.6975907050266,1181.7029765614081,937.7466743253168,744.2085429398865,0.0,802.7922841883967,722.4761033069652,576.2806053111461,904.3007675897552,639.1526233365486,700.3998650344416,604.5340220424551,837.3867792693109,646.1197923163537,1111.2792355852969,795.62849980231,765.9637644501778,929.4915440557825,774.2011602880845,1121.028879507935,751.1902891688785,698.9705593633576,880.2277324273114,560.1116753658096,729.8080357200794,839.9348792121668,896.7110280246192,915.9665863371741,627.4587100944631,757.7466924501844,978.0828756164459,1098.1622119512692,752.5560216572154,683.5754172484226,957.6183063057938,812.4058533514245,898.2702439952529,700.3492919767049,583.3663455854618,696.9085510168693,769.9236298502564,986.4033114082295,1076.5217537143703,692.2946198698397
stroma_ad_dysplasia_FA_HN15_3_linfoides_mieloides.csv,1272.2143379389283,754.6097000743096,1402.6744177843889,896.50219095226,1610.1518204018423,1408.3731427190241,1162.1664344886617,802.7922841883967,0.0,1064.3815959760725,644.4205266496065,1439.1229294778484,1050.5034535333784,977.178282710025,687.3189122690446,1020.8763323613225,693.0549042426728,1558.460742518337,816.7938807186067,993.8784925513429,1432.7538515724598,658.1227153252399,1714.7450586139066,633.246024656818,1188.3004572821553,1355.5649395527423,942.6708514643908,1197.22317696934,938.7060328491551,1371.8462115317675,1220.3190686745522,1075.542870834576,834.7921308158377,822.0428529875503,1601.254079278143,755.7257875838095,689.3298904132846,1474.6861510652254,1014.8197564839619,1203.9720197262045,1106.516541921833,863.060076669639,1061.5815884746617,718.1454326047244,1328.3266239375193,1620.5603927821617,1025.5819605842244
stroma_ad_carcinoma_FA_HN14_3_linfoides_mieloides.csv,787.1797487397985,766.0130724956954,667.5592419878677,1281.1127006051133,1296.6155352413068,912.9553280267107,787.0151032779496,722.4761033069652,1064.3815959760725,0.0,759.8262151384348,911.9902124948935,710.4875615283283,608.8623556528206,833.1247536456864,625.9389849152799,920.2928004178616,820.2188173290043,987.0522157883674,975.5098690617228,755.3684564709786,995.609688108774,1108.1914484038286,963.2781744351662,747.1030357753062,701.224066048407,736.0339875839176,515.2228175819522,1075.5109798840297,632.372438803862,690.399302106209,652.4459481730123,936.3527967670182,1297.2225104261088,1241.3734050534865,914.0034113286563,865.6493563237287,780.5800406575856,591.5204336956242,726.9054218527544,875.7992388381059,798.0498840834472,647.1800424739016,1007.3087617164763,1008.348261392042,864.489074286579,799.2054267533806
stroma_ad_carcinoma_FA_HN14_5_linfoides_mieloides.csv,1072.9513932965585,534.2828027556214,1027.1740154587874,912.0642837452597,1330.6725636695746,1018.5046683001767,805.8911702796406,576.2806053111461,644.4205266496065,759.8262151384348,0.0,1086.0888323648064,710.0486836061682,695.1631429196815,495.10475334297786,878.4328402613198,460.11869581111176,1179.5990313853856,683.8885067180302,801.875745837916,1068.2670681437403,610.8338035738253,1295.0682786889179,605.2095824216158,829.274696423644,1005.7161900604374,548.5942424273738,842.8256696089799,757.9912865634246,979.1591680398209,988.6085200893046,752.7037594074233,651.9541102605023,869.3412773890097,1207.2926689673795,575.1372519298395,562.3785312693194,1099.1774576907005,719.9518980189536,987.8456390413716,795.8371703276734,693.3045877204186,822.158215212472,589.2841291681506,1127.5373325509893,1191.9877800540023,731.7910550714408
dysplasia_FA_HN11A_1_linfoides_mieloides.csv,954.6396525061348,1128.6554301291412,929.0336519276728,1582.9248173001793,856.2072664547632,568.9093884482744,626.6040183622681,904.3007675897552,1439.1229294778484,911.9902124948935,1086.0888323648064,0.0,806.3684892279559,1070.321171766646,1098.707767260265,1149.4735449874117,1223.6923081772666,1014.832543826841,1300.5666653450298,1140.146276034381,898.4547029514607,1298.2220724749625,816.9877711421943,1314.771601876147,687.7337551041535,783.7305408407591,879.9145873766524,901.238103469259,1414.4205673393674,979.3653503491383,1145.261233371364,860.6873645854519,1291.347760549437,1570.5322632383572,860.6885768561002,1269.3005984119611,1152.17047430423,727.3613102760305,1161.998113048783,910.4591069393177,957.0464945136613,880.4320193609118,815.8793764510749,1323.5058248680066,604.2943803076562,896.0892695530795,998.1447246188201
stroma_ad_dysplasia_FA_HN11A_1_linfoides_mieloides.csv,823.3539506530556,709.4211315387125,806.0035856874317,1303.3371208238332,1190.6680685380488,812.7645054341782,615.4365713290288,639.1526233365486,1050.5034535333784,710.4875615283283,710.0486836061682,806.3684892279559,0.0,677.6378293866,779.4231043780835,900.3172519922489,870.8564964237951,947.7388653960237,1079.4374094017312,950.821719001942,791.8429791901711,1009.9881525514305,1076.7320228258188,953.167775429834,685.5334964576409,737.0776726168344,649.9764134739573,696.3562456545866,1165.4122683671017,741.9865442960955,886.1189351029619,695.6776438578722,1076.1280401126712,1209.5181822809584,1124.190645619009,998.0615959408645,827.1985218128409,819.3108628540734,868.2749073834028,755.5172223884325,846.9735776349848,656.2308404631248,663.8434084171158,1005.3356971684337,879.3414136026645,941.2305530015655,782.2219856542926
stroma_ad_dysplasia_FA_HN14_1_linfoides_mieloides.csv,903.0687296545798,607.2140423894783,807.330265783932,1348.2916736556458,1522.9966518118033,990.067300219023,885.4529451755922,700.3998650344416,977.178282710025,608.8623556528206,695.1631429196815,1070.321171766646,677.6378293866,0.0,821.7132393915197,811.3764061039574,900.3833263199745,957.1260879854142,1157.2399767842353,1066.4797848494254,893.7249262456766,1063.2505128433427,1379.6940968010717,870.4780405979413,886.6499652758151,829.1819567071773,805.5705154440517,696.5254534684123,1237.887130105345,693.7865250834435,769.4807762146351,823.5816182649173,1136.4041004547223,1251.0345371210403,1382.6900669402855,1053.7628541379688,803.9783545729007,1009.6435519840707,660.9713582934234,812.6098582987546,1040.315911947086,828.3950592995939,789.7788710353523,1020.5654383828768,1139.8770728837248,1115.6919043113198,958.4848249083225
stroma_ad_carcinoma_FA_HN14_4_linfoides_mieloides.csv,1133.8975420672048,648.3830116465076,1155.9630749201715,803.1478796639444,1375.8256688630001,1104.3546389914754,880.4338627908622,604.5340220424551,687.3189122690446,833.1247536456864,495.10475334297786,1098.707767260265,779.4231043780835,821.7132393915197,0.0,904.799268207301,528.9615774988324,1341.0201499615637,666.4787721483272,744.0730634996448,1191.6396344256352,539.1688463819487,1374.72180035617,694.3147848301081,930.0399696525803,1095.2541785808694,654.1906181342802,948.4590443183583,815.6454354775962,1119.279965673973,1097.177012077429,823.8807170699558,683.0052143105315,763.3844048349338,1247.903546800615,571.4316873092032,563.1870967076429,1153.8141447954,877.2153783005891,1028.7250512590467,776.3048682995351,701.6933316922116,853.0431834100931,562.9373529207203,1104.9286849642356,1305.4170972080638,745.0592208228281
stroma_ad_dysplasia_FA_HN15_2_linfoides_mieloides.csv,894.266825832824,906.1386128313344,830.1276533771018,1264.305081922011,1447.5729499752777,1126.4333485051739,989.6740824900676,837.3867792693109,1020.8763323613225,625.9389849152799,878.4328402613198,1149.4735449874117,900.3172519922489,811.3764061039574,904.799268207301,0.0,1045.553973706639,1031.102835874181,1031.7164155876098,1002.6569049437674,992.8071016252462,945.0637105743212,1310.7544011060559,998.3274865217294,951.1916959450978,856.4722035983128,912.2697123712079,752.0096329543223,1176.815056568505,800.0797572369898,866.3930996696891,760.3907554476119,1050.084808002971,1332.6687767294588,1398.4740267036336,985.5028341135163,970.1274695746852,969.4466178661812,702.9744068272829,826.7629059309892,1034.3732665855453,972.5954198880886,842.6400747351972,1089.0464802236215,1158.759747853785,1013.4578731651274,937.5141680956632
carcinoma_FA_HN14_1_linfoides_mieloides.csv,1242.684406960645,682.4788934887796,1221.520859979196,713.4026359675208,1326.9806400819925,1168.6879578584235,874.3826865460244,646.1197923163537,693.0549042426728,920.2928004178616,460.11869581111176,1223.6923081772666,870.8564964237951,900.3833263199745,528.9615774988324,1045.553973706639,0.0,1341.7410371668543,455.60812913579014,798.4930044879333,1175.148217229034,434.6894079202568,1353.2059353704249,775.6735575481653,923.2125120338881,1197.4794763213322,605.9505330672549,1000.0746447051392,531.3877562084191,1183.758119310061,1186.4088233857015,852.1871467088757,456.2045102861048,709.5692840259456,1222.76977633544,349.77788700590304,657.6466043394151,1203.1955649597871,900.7033735141475,1158.5792203019719,804.2925522826163,799.2915846713524,929.1623808086061,419.41648453832124,1196.7785197228577,1312.984537824012,810.667664309106
dysplasia_FA_HN15_1_linfoides_mieloides.csv,780.9813666707576,1170.599294286843,713.6601278572506,1813.4827697322241,1259.258562836205,976.7164077058069,921.2156477446714,1111.2792355852969,1558.460742518337,820.2188173290043,1179.5990313853856,1014.832543826841,947.7388653960237,957.1260879854142,1341.0201499615637,1031.102835874181,1341.7410371668543,0.0,1471.564436424693,1375.829629517945,707.7725118152807,1518.1318914850006,1079.4923369547173,1414.2533819787307,947.1706037858464,802.5665605004262,1066.565398151663,785.0899383993178,1529.5542421949517,693.9338546216734,886.4425508117976,925.3051024638112,1438.0121062445746,1848.6260877900665,1356.9452630162118,1416.0819361229733,1341.4946006794178,823.8846242054535,974.7286398605984,771.6772139215827,1280.2476922467938,1143.695775363574,884.6623461369461,1550.1491087138472,1050.9168585901145,700.1276807967905,1201.3216742430398
carcinoma_FA_HN14_3_linfoides_mieloides.csv,1355.2311308180085,936.4753089374074,1268.8377895278804,492.6594644864195,1167.4339597790133,1303.6311038156305,1001.2295653135714,795.62849980231,816.7938807186067,987.0522157883674,683.8885067180302,1300.5666653450298,1079.4374094017312,1157.2399767842353,666.4787721483272,1031.7164155876098,455.60812913579014,1471.564436424693,0.0,802.1915046041183,1300.738568904512,376.57035119018764,1199.7920427035315,974.2955006210232,1017.294290157284,1316.7875222076202,749.9203164912853,1043.7511199312723,272.8078336617941,1302.1029492457822,1276.6660738706616,792.7569038323835,174.09677042024578,703.3084942368296,1230.3394091577154,218.38163473072757,777.4772326271864,1214.7956475313824,976.8887689658623,1277.9406213351717,714.8898676914249,1005.0525856843312,989.1468307752892,505.8858331621822,1290.5443915732776,1203.8875985151437,768.531608764891
carcinoma_FA_HN11A_2_linfoides_mieloides.csv,1130.6352904423284,984.0953019667795,1169.6306039129568,1007.9165413498085,1207.5270600564638,1083.9218124248728,868.0515448456665,765.9637644501778,993.8784925513429,975.5098690617228,801.875745837916,1140.146276034381,950.821719001942,1066.4797848494254,744.0730634996448,1002.6569049437674,798.4930044879333,1375.829629517945,802.1915046041183,0.0,1164.5301485156808,734.9291776084568,1272.5088091868513,1062.6463262641196,920.5722597518619,1160.5102646154824,682.2148989584363,1002.3902808304435,934.8864958659531,1148.2972933065844,1298.507275918057,833.8665564791567,791.3026217495657,1053.6131532137883,1163.1266873908035,727.010572599135,819.3309439258077,1146.2690033146896,1079.9421635638896,1095.4473807156614,706.2472313748465,848.2603294651016,888.1862798006482,825.2742941699915,1110.5137228807218,1271.2059179806938,637.9289708174609
dysplasia_FA_HN11A_5_linfoides_mieloides.csv,765.5625967696521,1042.1366391761055,721.0718147661072,1672.8398415890526,1246.50258251692,924.7951444702143,798.404125433358,929.4915440557825,1432.7538515724598,755.3684564709786,1068.2670681437403,898.4547029514607,791.8429791901711,893.7249262456766,1191.6396344256352,992.8071016252462,1175.148217229034,707.7725118152807,1300.738568904512,1164.5301485156808,0.0,1370.5035243431,1012.6760264384661,1315.6248177582847,792.0333613318719,725.6619573052806,917.2947871806978,659.9383593601581,1282.9380602568033,714.6392051011924,874.9441596594168,800.2950209742489,1277.1739279266833,1689.245553510513,1252.7162575291284,1274.9638399867345,1220.9579754297552,826.1177636677396,905.4507078115264,801.5631350693022,1114.9591706331805,1020.4933051406408,736.3185617273589,1361.241657852318,989.3432887888011,761.2069332897404,1002.6282324149867
carcinoma_FA_HN14_2_linfoides_mieloides.csv,1298.4964238333173,847.7658921552821,1343.5080847456034,560.4098155249005,1367.3004882913585,1275.1418813673663,1011.0187908907701,774.2011602880845,658.1227153252399,995.609688108774,610.8338035738253,1298.2220724749625,1009.9881525514305,1063.2505128433427,539.1688463819487,945.0637105743212,434.6894079202568,1518.1318914850006,376.57035119018764,734.9291776084568,1370.5035243431,0.0,1426.4248819768318,847.1889121440969,1048.7049680883938,1338.6237243460243,768.7810609612404,1120.394598448845,566.8601076650816,1314.328181856328,1277.552920226875,904.0505677416328,437.36266086901526,621.5049785903345,1315.8424981896387,355.65198498833104,694.9675096022956,1262.7462084487652,982.8589511044876,1163.9037594398535,778.0432604395585,892.9835253543474,1007.407359750391,430.94719287810074,1192.790398187969,1388.540401678155,829.9419715723106
stroma_ad_dysplasia_FA_HN15_4_linfoides_mieloides.csv,1131.8573386720404,1470.0534733377447,965.5214981504446,1607.4607676192816,719.9547322284733,783.0471475197692,789.3735695132345,1121.028879507935,1714.7450586139066,1108.1914484038286,1295.0682786889179,816.9877711421943,1076.7320228258188,1379.6940968010717,1374.72180035617,1310.7544011060559,1353.2059353704249,1079.4923369547173,1199.7920427035315,1272.5088091868513,1012.6760264384661,1426.4248819768318,0.0,1632.616813861772,798.7565656546894,919.4520609045638,947.0669701096297,1024.3916896907779,1189.5321505266352,1076.4378355335343,1267.9408470501476,900.3436596225595,1151.0663049677753,1682.5196325223653,735.6711975277983,1296.1867643176688,1475.3614808253844,741.6474045586904,1353.9752632789334,1113.8421204991446,943.3602128150541,1147.8261848464815,971.8563560755066,1484.290824421265,889.0448879336157,730.4292703008414,1099.2210368959427
stroma_ad_carcinoma_FA_HN15_2_linfoides_mieloides.csv,1192.5497184923406,682.0027436871447,1280.0813559945784,1082.106221426303,1632.1402077504467,1281.0978626075141,1108.6131622644534,751.1902891688785,633.246024656818,963.2781744351662,605.2095824216158,1314.771601876147,953.167775429834,870.4780405979413,694.3147848301081,998.3274865217294,775.6735575481653,1414.2533819787307,974.2955006210232,1062.6463262641196,1315.6248177582847,847.1889121440969,1632.616813861772,0.0,1156.7739945711846,1253.708055395246,950.5898317881765,1089.4313495238625,1053.266166402563,1250.7112221709303,1092.8507808365227,1027.1380590137314,980.4540974421611,978.972589253584,1585.8229430851975,873.2636902804932,649.3839628816999,1367.6259846100866,875.8382964654079,1137.697925306607,1098.0093039341973,844.5460209671794,1025.4724872318611,780.5775835287009,1311.01139480596,1490.6900413542476,1042.6538151298635
stroma_ad_dysplasia_FA_HN11A_5_linfoides_mieloides.csv,880.4651691468932,913.4202467133482,793.9231063582573,1283.842766919962,911.5581465183024,664.1174716393132,524.7151954558835,698.9705593633576,1188.3004572821553,747.1030357753062,829.274696423644,687.7337551041535,685.5334964576409,886.6499652758151,930.0399696525803,951.1916959450978,923.2125120338881,947.1706037858464,1017.294290157284,920.5722597518619,792.0333613318719,1048.7049680883938,798.7565656546894,1156.7739945711846,0.0,690.07109211526,606.5622393519639,725.7409918869413,1092.5132352040428,812.9011157479665,1038.7282244947405,615.9510508986602,990.5440397143458,1322.7418288652434,832.7203765730237,1009.8086521985203,981.3085378079547,705.1223337720344,964.885047254248,823.6106025181003,740.814468381594,740.7952086822786,669.9619671215373,1077.1276069014123,767.0919946745744,774.1344179482942,808.8055575415316
stroma_ad_dysplasia_FA_HN11A_3_linfoides_mieloides.csv,839.2486345457191,967.9113228051611,587.086404554942,1618.6223677006763,1108.7166429776555,743.833065720442,665.0180172679939,880.2277324273114,1355.5649395527423,701.224066048407,1005.7161900604374,783.7305408407591,737.0776726168344,829.1819567071773,1095.2541785808694,856.4722035983128,1197.4794763213322,802.5665605004262,1316.7875222076202,1160.5102646154824,725.6619573052806,1338.6237243460243,919.4520609045638,1253.708055395246,690.07109211526,0.0,829.8187515923983,611.6864430445487,1374.7007452808707,599.478485417508,865.5375504569975,721.1762838469826,1274.8593055345466,1642.586493678236,1038.5991961855875,1264.519257133844,1161.809985366326,735.6787703217715,859.3199157065817,817.7881813195936,1043.138674420138,923.4635254972901,740.2028553195267,1359.198599697659,930.1962478499003,775.9675704890632,1021.0914692358726
carcinoma_FA_HN11A_1_linfoides_mieloides.csv,944.9490670524476,756.0744247094876,875.7703203535448,1001.313103361588,976.9442173382847,818.4108726776813,594.4474333502313,560.1116753658096,942.6708514643908,736.0339875839176,548.5942424273738,879.9145873766524,649.9764134739573,805.5705154440517,654.1906181342802,912.2697123712079,605.9505330672549,1066.565398151663,749.9203164912853,682.2148989584363,917.2947871806978,768.7810609612404,947.0669701096297,950.5898317881765,606.5622393519639,829.8187515923983,0.0,750.9696171080366,821.6797144017728,854.5275741900306,1006.6291285563262,544.1763544450079,729.2400539081304,1029.0517343204897,817.4421830640767,682.4889880795486,726.8464561918165,809.531300450508,861.6765328593042,885.1695599380707,619.3145014584567,593.3386526963229,659.6618072282614,776.5371935146156,888.2672061209482,913.872812812627,601.8594778688953
stroma_ad_carcinoma_FA_HN14_2_linfoides_mieloides.csv,783.8115397886959,820.0422683650389,538.5796145743705,1425.300215387231,1212.7291045474046,878.1379082561954,753.6645047325292,729.8080357200794,1197.22317696934,515.2228175819522,842.8256696089799,901.238103469259,696.3562456545866,696.5254534684123,948.4590443183583,752.0096329543223,1000.0746447051392,785.0899383993178,1043.7511199312723,1002.3902808304435,659.9383593601581,1120.394598448845,1024.3916896907779,1089.4313495238625,725.7409918869413,611.6864430445487,750.9696171080366,0.0,1093.3158543225377,558.8706457074719,742.5129511653232,623.6184140887818,1009.2270439497171,1465.6086425724122,1192.98827363937,1019.5344282585439,992.8698464037775,848.1754592420588,664.9179551022986,808.9208112030389,924.0899834197645,881.6283076604686,646.2086553933292,1166.3441955976796,1029.679142473057,843.2312436554905,853.3091150436895
dysplasia_FA_HN14_1_linfoides_mieloides.csv,1461.9285446295746,1048.7215123991111,1325.4683089054033,671.9503050397591,1246.0673347907643,1401.7315149471062,1101.6676341321222,839.9348792121668,938.7060328491551,1075.5109798840297,757.9912865634246,1414.4205673393674,1165.4122683671017,1237.887130105345,815.6454354775962,1176.815056568505,531.3877562084191,1529.5542421949517,272.8078336617941,934.8864958659531,1282.9380602568033,566.8601076650816,1189.5321505266352,1053.266166402563,1092.5132352040428,1374.7007452808707,821.6797144017728,1093.3158543225377,0.0,1356.3613444970329,1271.992000379462,878.9386068991149,262.48351143646545,789.5027608319584,1290.8317879620133,417.4224468711774,933.6832677740325,1291.4226523856582,1055.1731440464039,1386.6893334758797,815.4694088772433,1037.8581964564348,1108.7542817632668,628.3482753755374,1410.4075222902325,1276.5605174312454,827.3961755502013
stroma_ad_dysplasia_FA_HN11A_2_linfoides_mieloides.csv,757.4273960911714,956.3314274904224,538.6674562025282,1627.1047530043456,1332.4960530214546,925.4358439655686,834.2711828729837,896.7110280246192,1371.8462115317675,632.372438803862,979.1591680398209,979.3653503491383,741.9865442960955,693.7865250834435,1119.279965673973,800.0797572369898,1183.758119310061,693.9338546216734,1302.1029492457822,1148.2972933065844,714.6392051011924,1314.328181856328,1076.4378355335343,1250.7112221709303,812.9011157479665,599.478485417508,854.5275741900306,558.8706457074719,1356.3613444970329,0.0,748.2703431554894,743.8467482908709,1270.9825265102675,1633.569447213111,1235.488288879752,1237.304004756537,1161.5153635997835,804.6127237898129,766.784154552883,746.1156228598247,1082.5693007897141,957.4237409776572,764.0604868111176,1354.0282079286785,1075.3145457451449,796.4729338202206,995.8365924712729
stroma_ad_carcinoma_FA_HN15_1_linfoides_mieloides.csv,867.4395838558341,933.7645599384061,768.1323575411179,1521.0087246334701,1484.6711330861945,1093.2280285644106,1002.7826646461062,915.9665863371741,1220.3190686745522,690.399302106209,988.6085200893046,1145.261233371364,886.1189351029619,769.4807762146351,1097.177012077429,866.3930996696891,1186.4088233857015,886.4425508117976,1276.6660738706616,1298.507275918057,874.9441596594168,1277.552920226875,1267.9408470501476,1092.8507808365227,1038.7282244947405,865.5375504569975,1006.6291285563262,742.5129511653232,1271.992000379462,748.2703431554894,0.0,882.8954572060745,1264.442152770317,1494.5807407600514,1517.9396026547013,1219.398642803958,1062.2683911962733,1018.9557098069691,695.3693336621269,879.2581936004965,1123.9600368731572,952.3339050997268,832.5700418252237,1265.4352620044435,1196.139401744594,1023.633986531161,1043.644780772723
carcinoma_FA_HN11A_3_linfoides_mieloides.csv,857.127711810082,814.1460085719449,727.6977804393337,1169.8820620631302,998.5586968909299,862.9271187437286,653.015046954506,627.4587100944631,1075.542870834576,652.4459481730123,752.7037594074233,860.6873645854519,695.6776438578722,823.5816182649173,823.8807170699558,760.3907554476119,852.1871467088757,925.3051024638112,792.7569038323835,833.8665564791567,800.2950209742489,904.0505677416328,900.3436596225595,1027.1380590137314,615.9510508986602,721.1762838469826,544.1763544450079,623.6184140887818,878.9386068991149,743.8467482908709,882.8954572060745,0.0,802.416309863604,1250.7102434786327,970.1603167051966,794.1922410215379,914.2791350061055,755.8001595356166,787.8322415078536,794.5124118392646,745.4508708697151,707.0500233014852,589.3171807549595,993.0067916152661,946.8802390825635,786.5795957125735,612.9500359781363
dysplasia_FA_HN14_2_linfoides_mieloides.csv,1387.8529873398393,942.552714270676,1224.3424119106753,589.4306706158532,1203.4990884562592,1299.6945847490076,990.1222647029795,757.7466924501844,834.7921308158377,936.3527967670182,651.9541102605023,1291.347760549437,1076.1280401126712,1136.4041004547223,683.0052143105315,1050.084808002971,456.2045102861048,1438.0121062445746,174.09677042024578,791.3026217495657,1277.1739279266833,437.36266086901526,1151.0663049677753,980.4540974421611,990.5440397143458,1274.8593055345466,729.2400539081304,1009.2270439497171,262.48351143646545,1270.9825265102675,1264.442152770317,802.416309863604,0.0,683.2821085862145,1194.8377171068216,237.80462457602113,823.366749172191,1177.39787766263,947.5626913761862,1270.8701321381093,703.095911983422,969.6723590404856,1030.1622219262965,491.70075079332526,1307.6783362542744,1201.797595578595,755.5058560506043
stroma_ad_dysplasia_FA_HN14_3_linfoides_mieloides.csv,1603.721453889708,1057.3367550222235,1669.2384605673747,762.6789955771192,1640.1036322540235,1571.5240454388074,1330.1664481453147,978.0828756164459,822.0428529875503,1297.2225104261088,869.3412773890097,1570.5322632383572,1209.5181822809584,1251.0345371210403,763.3844048349338,1332.6687767294588,709.5692840259456,1848.6260877900665,703.3084942368296,1053.6131532137883,1689.245553510513,621.5049785903345,1682.5196325223653,978.972589253584,1322.7418288652434,1642.586493678236,1029.0517343204897,1465.6086425724122,789.5027608319584,1633.569447213111,1494.5807407600514,1250.7102434786327,683.2821085862145,0.0,1594.9443882280134,680.378344738076,823.4197068898047,1554.126806245852,1353.9221026646014,1467.4511560860028,1018.9875896130292,1020.8250967043588,1288.3173881484518,589.1226671551743,1439.1164338238489,1711.5423432768046,1053.9034199778157
stroma_ad_dysplasia_FA_HN15_5_linfoides_mieloides.csv,1356.9455958148553,1385.0235189722675,1146.7418438420357,1547.432027211409,803.5608776480179,806.4343131660085,827.0591402538008,1098.1622119512692,1601.254079278143,1241.3734050534865,1207.2926689673795,860.6885768561002,1124.190645619009,1382.6900669402855,1247.903546800615,1398.4740267036336,1222.76977633544,1356.9452630162118,1230.3394091577154,1163.1266873908035,1252.7162575291284,1315.8424981896387,735.6711975277983,1585.8229430851975,832.7203765730237,1038.5991961855875,817.4421830640767,1192.98827363937,1290.8317879620133,1235.488288879752,1517.9396026547013,970.1603167051966,1194.8377171068216,1594.9443882280134,0.0,1216.3311605288523,1355.7885626984857,988.4346777318877,1411.592226453681,1321.2460490704723,975.3325369256828,1085.8426039516955,1150.9191426800471,1379.5008709118931,1002.0456478515465,1102.495197931252,1090.8797560881528
carcinoma_FA_HN14_4_linfoides_mieloides.csv,1297.9073456645087,808.6874102155738,1236.1171068788883,527.0387676424867,1238.7064463600575,1237.720112475642,938.6078673555611,752.5560216572154,755.7257875838095,914.0034113286563,575.1372519298395,1269.3005984119611,998.0615959408645,1053.7628541379688,571.4316873092032,985.5028341135163,349.77788700590304,1416.0819361229733,218.38163473072757,727.010572599135,1274.9638399867345,355.65198498833104,1296.1867643176688,873.2636902804932,1009.8086521985203,1264.519257133844,682.4889880795486,1019.5344282585439,417.4224468711774,1237.304004756537,1219.398642803958,794.1922410215379,237.80462457602113,680.378344738076,1216.3311605288523,0.0,678.4293058615971,1208.2962849602077,911.5467388845879,1213.615422389092,722.1288052893508,920.6253719112657,965.2652758587179,411.9812769188306,1250.8924612226326,1294.1919830525978,754.765651870539
carcinoma_FA_HN15_2_linfoides_mieloides.csv,1193.9611873787348,592.7437723720085,1197.2373522981454,907.5770037952398,1474.6957836765705,1145.9629076105439,945.9923617446761,683.5754172484226,689.3298904132846,865.6493563237287,562.3785312693194,1152.17047430423,827.1985218128409,803.9783545729007,563.1870967076429,970.1274695746852,657.6466043394151,1341.4946006794178,777.4772326271864,819.3309439258077,1220.9579754297552,694.9675096022956,1475.3614808253844,649.3839628816999,981.3085378079547,1161.809985366326,726.8464561918165,992.8698464037775,933.6832677740325,1161.5153635997835,1062.2683911962733,914.2791350061055,823.366749172191,823.4197068898047,1355.7885626984857,678.4293058615971,0.0,1243.4584104072544,837.6322020613819,1062.7099615069674,863.3413702326212,701.3391603647019,948.5324333319471,608.6504890830508,1169.0982602778602,1363.2185124214961,871.4678971071307
stroma_ad_dysplasia_FA_HN15_1_linfoides_mieloides.csv,826.0364534748887,1181.9067011770176,804.4749372268872,1505.859911471989,933.1969734039591,801.4171259675499,713.5080759840549,957.6183063057938,1474.6861510652254,780.5800406575856,1099.1774576907005,727.3613102760305,819.3108628540734,1009.6435519840707,1153.8141447954,969.4466178661812,1203.1955649597871,823.8846242054535,1214.7956475313824,1146.2690033146896,826.1177636677396,1262.7462084487652,741.6474045586904,1367.6259846100866,705.1223337720344,735.6787703217715,809.531300450508,848.1754592420588,1291.4226523856582,804.6127237898129,1018.9557098069691,755.8001595356166,1177.39787766263,1554.126806245852,988.4346777318877,1208.2962849602077,1243.4584104072544,0.0,1083.7801327314705,756.1357667336265,966.6574261380423,915.6858562893339,764.6208445758965,1278.3970592459625,723.8668549893675,525.2105261101207,971.3388226332753
dysplasia_FA_HN15_2_linfoides_mieloides.csv,980.1109332228687,750.7297130543791,770.0102198867532,1285.7890066871428,1536.8851969483937,1092.3723878443225,957.8258460785103,812.4058533514245,1014.8197564839619,591.5204336956242,719.9518980189536,1161.998113048783,868.2749073834028,660.9713582934234,877.2153783005891,702.9744068272829,900.7033735141475,974.7286398605984,976.8887689658623,1079.9421635638896,905.4507078115264,982.8589511044876,1353.9752632789334,875.8382964654079,964.885047254248,859.3199157065817,861.6765328593042,664.9179551022986,1055.1731440464039,766.784154552883,695.3693336621269,787.8322415078536,947.5626913761862,1353.9221026646014,1411.592226453681,911.5467388845879,837.6322020613819,1083.7801327314705,0.0,930.1801042708214,1026.4289312690007,978.7685915787326,855.0436617014875,1011.5779897148531,1253.594307792681,1104.0434263085815,962.0469352491805
dysplasia_FA_HN11A_3_linfoides_mieloides.csv,712.733438881683,998.0919636052574,821.907253445774,1453.138292425709,1258.4661168486716,924.4215608795587,809.2987580885423,898.2702439952529,1203.9720197262045,726.9054218527544,987.8456390413716,910.4591069393177,755.5172223884325,812.6098582987546,1028.7250512590467,826.7629059309892,1158.5792203019719,771.6772139215827,1277.9406213351717,1095.4473807156614,801.5631350693022,1163.9037594398535,1113.8421204991446,1137.697925306607,823.6106025181003,817.7881813195936,885.1695599380707,808.9208112030389,1386.6893334758797,746.1156228598247,879.2581936004965,794.5124118392646,1270.8701321381093,1467.4511560860028,1321.2460490704723,1213.615422389092,1062.7099615069674,756.1357667336265,930.1801042708214,0.0,1022.39701321312,863.4693700814735,673.7913295538126,1203.995296263542,826.3939655466394,832.5189075425866,973.9394407926366
stroma_ad_dysplasia_FA_HN14_4_linfoides_mieloides.csv,1116.057788617711,967.6304591848132,1028.0740853830089,1023.7821375752017,1006.7471404401298,921.1673366671882,714.6595981526683,700.3492919767049,1106.516541921833,875.7992388381059,795.8371703276734,957.0464945136613,846.9735776349848,1040.315911947086,776.3048682995351,1034.3732665855453,804.2925522826163,1280.2476922467938,714.8898676914249,706.2472313748465,1114.9591706331805,778.0432604395585,943.3602128150541,1098.0093039341973,740.814468381594,1043.138674420138,619.3145014584567,924.0899834197645,815.4694088772433,1082.5693007897141,1123.9600368731572,745.4508708697151,703.095911983422,1018.9875896130292,975.3325369256828,722.1288052893508,863.3413702326212,966.6574261380423,1026.4289312690007,1022.39701321312,0.0,769.8966276042065,820.0649100312504,865.1279230904387,948.2575922284495,1050.519855088748,701.2371950929437
carcinoma_FA_HN11A_5_linfoides_mieloides.csv,968.6826596213307,769.9467719784918,992.3933219583778,1146.9343146356657,1180.2215273873458,904.8481017766403,716.2826030656812,583.3663455854618,863.060076669639,798.0498840834472,693.3045877204186,880.4320193609118,656.2308404631248,828.3950592995939,701.6933316922116,972.5954198880886,799.2915846713524,1143.695775363574,1005.0525856843312,848.2603294651016,1020.4933051406408,892.9835253543474,1147.8261848464815,844.5460209671794,740.7952086822786,923.4635254972901,593.3386526963229,881.6283076604686,1037.8581964564348,957.4237409776572,952.3339050997268,707.0500233014852,969.6723590404856,1020.8250967043588,1085.8426039516955,920.6253719112657,701.3391603647019,915.6858562893339,978.7685915787326,863.4693700814735,769.8966276042065,0.0,762.4241522306039,853.1586974142781,894.8641617376038,1099.413117175985,710.7941811967854
