,stroma_ad_carcinoma_FA_HN15_4_linfoides_mieloides.csv,carcinoma_FA_HN15_1_linfoides_mieloides.csv,stroma_ad_carcinoma_FA_HN14_1_linfoides_mieloides.csv,dysplasia_FA_HN15_3_linfoides_mieloides.csv,stroma_ad_carcinoma_FA_HN11A_1_linfoides_mieloides.csv,stroma_ad_dysplasia_FA_HN11A_4_linfoides_mieloides.csv,carcinoma_FA_HN11A_4_linfoides_mieloides.csv,stroma_ad_dysplasia_FA_HN14_2_linfoides_mieloides.csv,stroma_ad_dysplasia_FA_HN15_3_linfoides_mieloides.csv,stroma_ad_carcinoma_FA_HN14_3_linfoides_mieloides.csv,stroma_ad_carcinoma_FA_HN14_5_linfoides_mieloides.csv,dysplasia_FA_HN11A_1_linfoides_mieloides.csv,stroma_ad_dysplasia_FA_HN11A_1_linfoides_mieloides.csv,stroma_ad_dysplasia_FA_HN14_1_linfoides_mieloides.csv,stroma_ad_carcinoma_FA_HN14_4_linfoides_mieloides.csv,stroma_ad_dysplasia_FA_HN15_2_linfoides_mieloides.csv,carcinoma_FA_HN14_1_linfoides_mieloides.csv,dysplasia_FA_HN15_1_linfoides_mieloides.csv,carcinoma_FA_HN14_3_linfoides_mieloides.csv,carcinoma_FA_HN11A_2_linfoides_mieloides.csv,dysplasia_FA_HN11A_5_linfoides_mieloides.csv,carcinoma_FA_HN14_2_linfoides_mieloides.csv,stroma_ad_dysplasia_FA_HN15_4_linfoides_mieloides.csv,stroma_ad_carcinoma_FA_HN15_2_linfoides_mieloides.csv,stroma_ad_dysplasia_FA_HN11A_5_linfoides_mieloides.csv,stroma_ad_dysplasia_FA_HN11A_3_linfoides_mieloides.csv,carcinoma_FA_HN11A_1_linfoides_mieloides.csv,stroma_ad_carcinoma_FA_HN14_2_linfoides_mieloides.csv,dysplasia_FA_HN14_1_linfoides_mieloides.csv,stroma_ad_dysplasia_FA_HN11A_2_linfoides_mieloides.csv,stroma_ad_carcinoma_FA_HN15_1_linfoides_mieloides.csv,carcinoma_FA_HN11A_3_linfoides_mieloides.csv,dysplasia_FA_HN14_2_linfoides_mieloides.csv,stroma_ad_dysplasia_FA_HN14_3_linfoides_mieloides.csv,stroma_ad_dysplasia_FA_HN15_5_linfoides_mieloides.csv,carcinoma_FA_HN14_4_linfoides_mieloides.csv,carcinoma_FA_HN15_2_linfoides_mieloides.csv,stroma_ad_dysplasia_FA_HN15_1_linfoides_mieloides.csv,dysplasia_FA_HN15_2_linfoides_mieloides.csv,dysplasia_FA_HN11A_3_linfoides_mieloides.csv,stroma_ad_dysplasia_FA_HN14_4_linfoides_mieloides.csv,carcinoma_FA_HN11A_5_linfoides_mieloides.csv,stroma_ad_carcinoma_FA_HN11A_2_linfoides_mieloides.csv,stroma_ad_carcinoma_FA_HN15_3_linfoides_mieloides.csv,dysplasia_FA_HN11A_2_linfoides_mieloides.csv,dysplasia_FA_HN15_5_linfoides_mieloides.csv,dysplasia_FA_HN11A_4_linfoides_mieloides.csv
stroma_ad_carcinoma_FA_HN15_4_linfoides_mieloides.csv,1.492927837209594e-308,232.74705403968542,86.33133713738472,331.69712030045105,36.82019131350256,86.33133713738472,360.23321884117456,55.93795639825112,91.01927582913675,61.365518618934956,65.1258182458541,62.414470068321094,71.13922898407301,68.5038747051187,52.36967471539971,21.59819031203466,177.70097413973278,266.89969561156863,176.48726149019012,82.31925415621393,151.42272735556213,227.23240405688102,89.89504420261845,52.15138778524209,62.51245756920371,81.9368745788304,237.87888111520562,86.33133713738472,94.50866797807058,82.57028224013091,106.907926527519,226.36558175930446,112.97661061768082,116.10711616420645,63.10914718200482,227.690901233521,240.64659868707827,55.99417790089484,255.6561268307941,54.30393648180705,56.46918075704235,30.408463755749708,31.283879452865833,108.61810151579681,25.47587038735497,206.31033280768358,194.63464090190968
carcinoma_FA_HN15_1_linfoides_mieloides.csv,232.74705403968542,1.1218799494033615e-308,232.74705403968542,230.744182416022,232.74705403968542,232.74705403968542,254.9723296029783,232.74705403968542,201.8121579754647,232.74705403968542,232.74705403968542,232.74705403968542,232.74705403968542,232.74705403968542,232.74705403968542,232.74705403968542,110.09215979990529,140.75979220116022,112.51958509899066,210.51217964838747,141.4087064490393,92.7149576650391,202.93638960198297,232.74705403968542,232.74705403968542,232.74705403968542,34.670150815684735,232.74705403968542,209.3677272332091,232.74705403968542,185.92350727708242,154.88328542467454,179.8548231869206,176.724317640395,232.74705403968542,146.4148061257631,155.910699329412,232.74705403968542,167.48710914441975,232.74705403968542,232.74705403968542,232.74705403968542,232.74705403968542,184.21333228880462,232.74705403968542,130.37784101298126,118.99530830774563
stroma_ad_carcinoma_FA_HN14_1_linfoides_mieloides.csv,86.33133713738472,232.74705403968542,1.297304604461988e-308,331.69712030045105,104.741432794136,12.137890714281893,360.23321884117456,100.72177422325518,131.84097505195308,39.80385758887094,39.10034215433981,76.11235390328481,38.36375931346757,30.58316500941848,52.592472587419806,84.8734278500052,177.70097413973278,266.89969561156863,176.48726149019012,127.49096421549169,162.04270081516577,227.23240405688102,131.27885923869394,104.49825315074366,84.6468911698445,26.506349395824596,237.87888111520562,8.152536592595908,128.06319042308087,33.46488636214812,139.7853004011442,226.36558175930446,142.81964244622512,144.38489521948793,57.622713318933236,227.690901233521,240.64659868707827,46.2185831922816,255.6561268307941,110.66323451034543,114.05587284549223,96.84755398689083,84.53492232957765,140.6403878952831,89.69617547525928,206.31033280768358,194.63464090190968
dysplasia_FA_HN15_3_linfoides_mieloides.csv,331.69712030045105,230.744182416022,331.69712030045105,1.8544907217211407e-308,331.69712030045105,331.69712030045105,193.74283150259896,331.69712030045105,331.69712030045105,331.69712030045105,331.69712030045105,331.69712030045105,331.69712030045105,331.69712030045105,331.69712030045105,331.69712030045105,307.9922923214366,129.59484937776483,310.41971762052196,331.69712030045105,331.69712030045105,208.9294324871401,331.69712030045105,331.69712030045105,331.69712030045105,331.69712030045105,245.20740316260702,331.69712030045105,331.69712030045105,331.69712030045105,331.69712030045105,270.2553766326855,331.69712030045105,331.69712030045105,331.69712030045105,208.01243813386014,182.10104322674562,331.69712030045105,152.08198693931394,331.69712030045105,331.69712030045105,331.69712030045105,331.69712030045105,331.69712030045105,331.69712030045105,250.773574985535,274.12495879708274
stroma_ad_carcinoma_FA_HN11A_1_linfoides_mieloides.csv,36.82019131350256,232.74705403968542,104.741432794136,331.69712030045105,4.967661992253474e-309,104.741432794136,360.23321884117456,49.15409046840065,56.4180620497491,94.1206710056793,95.10946143505711,57.25815778170238,95.56076928108266,104.741432794136,81.33205600713043,39.736009888261606,145.91908269119355,266.89969561156863,143.4916573921082,78.41938381295722,114.60253604205955,227.23240405688102,60.82102510391138,63.968739128253105,52.89186055604984,104.741432794136,237.87888111520562,104.741432794136,97.99212904110811,100.4596422324021,73.52634170806506,226.36558175930446,86.93563649610401,102.65057658072358,76.30181527561699,227.690901233521,240.64659868707827,87.70594540226863,255.6561268307941,66.79701577262139,48.15386299304867,15.787757614490346,40.4130209291167,86.94095934912976,30.09051463775344,203.13780002709518,179.78641621554735
stroma_ad_dysplasia_FA_HN11A_4_linfoides_mieloides.csv,86.33133713738472,232.74705403968542,12.137890714281893,331.69712030045105,104.741432794136,1.6058679885730754e-308,360.23321884117456,100.72177422325518,131.84097505195308,33.829396676702245,35.501168038676596,70.69190990067915,32.38929840129887,26.98399089375526,46.61801167525111,84.8734278500052,177.70097413973278,266.89969561156863,176.4872614901901,127.49096421549169,162.04270081516577,227.23240405688102,131.27885923869394,104.49825315074366,84.6468911698445,20.531888483655905,237.87888111520562,11.909707292021935,128.06319042308087,27.490425449979423,139.7853004011442,226.36558175930446,142.81964244622512,144.38489521948793,51.64825240676454,227.690901233521,240.64659868707827,40.2441222801129,255.6561268307941,110.66323451034543,114.05587284549223,96.84755398689083,84.53492232957765,140.6403878952831,89.69617547525928,206.31033280768358,194.63464090190968
carcinoma_FA_HN11A_4_linfoides_mieloides.csv,360.23321884117456,254.9723296029783,360.23321884117456,193.74283150259896,360.23321884117456,360.23321884117456,1.0119221939926457e-308,360.23321884117456,360.23321884117456,360.23321884117456,360.23321884117456,360.23321884117456,360.23321884117456,360.23321884117456,360.23321884117456,360.23321884117456,360.23321884117456,186.66704645921186,360.23321884117456,360.23321884117456,360.23321884117456,266.0016295685871,360.23321884117456,360.23321884117456,360.23321884117456,360.23321884117456,244.70867545193795,360.23321884117456,360.23321884117456,360.23321884117456,360.23321884117456,267.73527416374026,360.23321884117456,360.23321884117456,360.23321884117456,265.0846352153071,239.17324030819265,360.23321884117456,209.15418402076097,360.23321884117456,360.23321884117456,360.23321884117456,360.23321884117456,360.23321884117456,360.23321884117456,307.84577206698197,331.19715587852977
stroma_ad_dysplasia_FA_HN14_2_linfoides_mieloides.csv,55.93795639825112,232.74705403968542,100.72177422325518,331.69712030045105,49.15409046840065,100.72177422325518,360.23321884117456,1.851521984453065e-308,67.1358118526676,86.08135386391766,87.07014429329547,49.21884063994074,87.52145213932103,97.28474887685962,73.29273886536878,46.44059537192621,153.9583998329552,266.89969561156863,155.32318404580735,108.58048400616912,122.64185318382121,227.23240405688102,97.51428410618888,87.29256624473717,32.149766106821374,99.37886205696398,237.87888111520562,100.72177422325518,123.4109105923261,92.42032509064046,108.77886670609841,226.36558175930446,112.25936224004064,124.70558330767949,68.26249813385535,227.690901233521,240.64659868707827,79.666628260507,255.6561268307941,80.80453273019198,94.94450345404756,53.78240628984395,39.84107908577565,122.19348434716312,63.27889051622097,206.31033280768358,187.825733357309
stroma_ad_dysplasia_FA_HN15_3_linfoides_mieloides.csv,91.01927582913675,201.8121579754647,131.84097505195308,331.69712030045105,56.4180620497491,131.84097505195308,360.23321884117456,67.1358118526676,1.4492801376038824e-308,131.84097505195308,131.84097505195308,111.45724229733655,131.84097505195308,131.84097505195308,131.84097505195308,93.93509440389579,129.55451580983066,266.89969561156863,134.06600168915537,45.81249523462279,60.40345152642538,190.7828580098559,62.35262060804497,54.68544380241886,94.38816776421719,131.84097505195308,212.07581212650507,131.84097505195308,72.0121711774949,131.84097505195308,70.40185754986126,189.04921341470276,62.94634868015831,86.32857415144233,130.5008997912512,193.0212267994974,217.61124727025037,131.84097505195308,247.63030355768205,42.355481083215324,45.02937883484486,69.98684213012451,94.61210544475088,83.81647519092596,84.28959915338763,172.810365374983,125.5873316999132
stroma_ad_carcinoma_FA_HN14_3_linfoides_mieloides.csv,61.365518618934956,232.74705403968542,39.80385758887094,331.69712030045105,94.1206710056793,33.829396676702245,360.23321884117456,86.08135386391766,131.84097505195308,7.61040905227386e-309,10.944405597629562,36.86251322397691,14.72951291979097,11.211848169288551,26.147687860102128,56.337813333767386,177.7009741397328,266.89969561156863,176.48726149019012,127.49096421549169,162.04270081516577,227.23240405688102,131.27885923869394,95.54295148703235,53.931587757096274,30.615390693098583,237.87888111520562,44.76368619218392,128.06319042308087,23.78406098199531,139.7853004011442,226.36558175930446,142.81964244622515,144.38489521948793,17.818855730062293,227.690901233521,240.64659868707827,11.81273067969827,255.6561268307941,105.96427443809816,112.74955110839176,78.33291339118895,57.26824529174705,140.64038789528314,72.66831820091265,206.31033280768358,194.63464090190968
stroma_ad_carcinoma_FA_HN14_5_linfoides_mieloides.csv,65.1258182458541,232.74705403968542,39.10034215433981,331.69712030045105,95.10946143505711,35.501168038676596,360.23321884117456,87.07014429329547,131.84097505195308,10.944405597629562,1.9671086902963176e-308,37.85130365335475,16.851885007033076,10.214604583564153,24.227968127343914,63.140679523700925,177.7009741397328,266.89969561156863,176.48726149019012,127.49096421549169,162.04270081516577,227.23240405688102,131.27885923869394,97.48320219961344,54.9203781864741,27.64953060179046,237.87888111520562,43.92717427826747,128.06319042308087,28.91750251618006,139.7853004011442,226.36558175930446,142.81964244622515,144.38489521948793,21.371736003060743,227.690901233521,240.64659868707827,19.1342920781469,255.6561268307941,106.95306486747597,113.73834153776957,79.32170382056678,55.91845142287204,140.64038789528314,79.97897466799569,206.31033280768358,194.63464090190968
dysplasia_FA_HN11A_1_linfoides_mieloides.csv,62.414470068321094,232.74705403968542,76.11235390328481,331.69712030045105,57.25815778170238,70.69190990067915,360.23321884117456,49.21884063994074,111.45724229733655,36.86251322397691,37.85130365335475,9.91347024968544e-309,38.30261149938028,48.0659082369189,30.984738319447374,44.391267338086436,177.70097413973278,266.89969561156863,176.4872614901901,103.39721250624322,162.04270081516577,227.23240405688102,110.33301067081828,89.46416816123119,17.069074533119363,50.16002141702326,237.87888111520562,76.11235390328481,123.67953526921698,43.20148445069974,127.34589299571883,226.36558175930446,133.41457708588064,136.54508263240626,19.04365749391462,227.690901233521,240.64659868707827,30.44778762056626,255.6561268307941,87.04786090918108,101.08134548003459,55.80863583571086,47.93070152578751,130.19842079669263,57.18897316461569,206.31033280768358,194.63464090190968
stroma_ad_dysplasia_FA_HN11A_1_linfoides_mieloides.csv,71.13922898407301,232.74705403968542,38.36375931346757,331.69712030045105,95.56076928108266,32.38929840129887,360.23321884117456,87.52145213932103,131.84097505195308,14.72951291979097,16.851885007033076,38.30261149938028,8.39929054263933e-309,9.76329673753861,26.94088387465949,66.11152369890543,177.70097413973278,266.89969561156863,176.48726149019012,127.49096421549169,162.04270081516577,227.23240405688102,131.27885923869394,99.5046280639857,55.37168603249965,23.101407423264323,237.87888111520562,43.32358791678055,128.06319042308087,15.877188526314953,139.7853004011442,226.36558175930446,142.81964244622515,144.38489521948793,21.648973925553165,227.690901233521,240.64659868707827,19.268584982010818,255.6561268307941,107.40437271350152,114.05587284549223,82.33570009679164,67.04195565688511,140.6403878952831,82.44202856605071,206.31033280768358,194.63464090190968
stroma_ad_dysplasia_FA_HN14_1_linfoides_mieloides.csv,68.5038747051187,232.74705403968542,30.58316500941848,331.69712030045105,104.741432794136,26.98399089375526,360.23321884117456,97.28474887685962,131.84097505195308,11.211848169288551,10.214604583564153,48.0659082369189,9.76329673753861,1.159704500798834e-308,24.64603734685795,65.58805613035966,177.70097413973278,266.89969561156863,176.48726149019012,127.49096421549169,162.04270081516577,227.23240405688102,131.27885923869394,104.49825315074366,65.13498277003826,28.143801192550963,237.87888111520562,35.40999713334614,128.06319042308087,20.40032537125873,139.7853004011442,226.36558175930446,142.81964244622515,144.38489521948793,29.022250743004275,227.690901233521,240.64659868707827,17.61812061635264,255.6561268307941,110.66323451034543,114.05587284549223,89.53630840413092,64.91104508950457,140.6403878952831,75.23355138086784,206.31033280768358,194.63464090190968
stroma_ad_carcinoma_FA_HN14_4_linfoides_mieloides.csv,52.36967471539971,232.74705403968542,52.592472587419806,331.69712030045105,81.33205600713043,46.61801167525111,360.23321884117456,73.29273886536878,131.84097505195308,26.147687860102128,24.227968127343914,30.984738319447374,26.94088387465949,24.64603734685795,1.322310740892498e-308,47.34196943023214,177.7009741397328,266.89969561156863,176.48726149019012,126.8311188498418,162.04270081516577,227.23240405688102,131.27885923869394,87.11903016309145,41.142972758547415,47.292280685732074,237.87888111520562,57.552301190732784,127.97557126502019,39.204512454164046,139.7853004011442,226.36558175930446,142.81964244622515,144.38489521948793,18.26633804244645,227.690901233521,240.64659868707827,19.155037939301163,255.6561268307941,93.17565943954928,108.83885547244206,65.54429839264009,48.272401388211804,140.64038789528314,63.672474297377406,206.31033280768358,194.63464090190968
stroma_ad_dysplasia_FA_HN15_2_linfoides_mieloides.csv,21.59819031203466,232.74705403968542,84.8734278500052,331.69712030045105,39.736009888261606,84.8734278500052,360.23321884117456,46.44059537192621,93.93509440389579,56.337813333767386,63.140679523700925,44.391267338086436,66.11152369890543,65.58805613035966,47.34196943023214,9.66183408769944e-309,177.7009741397328,266.89969561156863,176.48726149019012,85.23507273097297,154.33854593032115,227.23240405688102,92.8108627773775,50.198723190468286,50.1783654595754,77.05721676320795,237.87888111520562,84.8734278500052,97.61228769495983,78.17714120805243,109.82374510227805,226.36558175930446,115.89242919243986,119.02293473896549,44.46254977335228,227.690901233521,240.64659868707827,48.083859871454074,255.6561268307941,52.673118335775996,61.49688604220992,23.94825227377126,16.974475578070976,111.53392009055585,16.83829514429476,206.31033280768358,194.63464090190968
carcinoma_FA_HN14_1_linfoides_mieloides.csv,177.70097413973278,110.09215979990529,177.70097413973278,307.9922923214366,145.91908269119355,177.70097413973278,360.23321884117456,153.9583998329552,129.55451580983066,177.7009741397328,177.7009741397328,177.70097413973278,177.70097413973278,177.70097413973278,177.7009741397328,177.7009741397328,8.551777612529476e-309,178.39744294367173,36.81375850396833,100.42001984848221,106.14789620528403,99.06285983429649,105.7714198203935,146.40544197797823,177.70097413973278,177.70097413973278,120.35581395094567,177.70097413973278,99.27556743330382,177.70097413973278,75.83134747717713,153.067441106145,69.76266338701532,83.2775832045171,177.70097413973278,151.40195788983823,160.89785109348713,177.70097413973278,171.11879778147892,134.07547925877472,127.29020258848112,161.7068403056839,177.70097413973278,74.12117248889933,176.00959732894702,103.44816845506983,98.2882954791531
dysplasia_FA_HN15_1_linfoides_mieloides.csv,266.89969561156863,140.75979220116022,266.89969561156863,129.59484937776483,266.89969561156863,266.89969561156863,186.66704645921186,266.89969561156863,266.89969561156863,266.89969561156863,266.89969561156863,266.89969561156863,266.89969561156863,266.89969561156863,266.89969561156863,266.89969561156863,178.39744294367173,6.697736482218745e-309,180.82486824275713,266.89969561156863,218.29285816338316,99.6657757720019,266.89969561156863,266.89969561156863,266.89969561156863,266.89969561156863,141.32581218732724,266.89969561156863,266.89969561156863,266.89969561156863,254.22879042084887,218.2928581633832,248.16010633068709,245.02960078416146,266.89969561156863,94.64249639007997,55.95562805539704,266.89969561156863,121.72423122196739,266.89969561156863,266.89969561156863,266.89969561156863,266.89969561156863,252.51861543257107,266.89969561156863,121.17872560777016,180.97097800387428
carcinoma_FA_HN14_3_linfoides_mieloides.csv,176.48726149019012,112.51958509899066,176.48726149019012,310.41971762052196,143.4916573921082,176.4872614901901,360.23321884117456,155.32318404580735,134.06600168915537,176.48726149019012,176.48726149019012,176.4872614901901,176.48726149019012,176.48726149019012,176.48726149019012,176.48726149019012,36.81375850396833,180.82486824275713,1.100494611681232e-308,97.99259454939684,110.65938208460875,101.49028513338186,110.28290569971821,143.97801667889286,176.48726149019012,176.48726149019012,122.78323925003104,176.48726149019012,96.84814213421845,176.48726149019012,73.40392217809176,155.32318404580735,71.11965300899709,72.97327473839502,176.4872614901901,114.58819938586993,128.31867439377635,176.48726149019012,166.6073119021542,131.64805395968932,124.86277728939575,159.27941500659853,176.48726149019012,71.69374718981396,173.58217202986162,98.31348945661719,90.35771524664963
carcinoma_FA_HN11A_2_linfoides_mieloides.csv,82.31925415621393,210.51217964838747,127.49096421549169,331.69712030045105,78.41938381295722,127.49096421549169,360.23321884117456,108.58048400616912,45.81249523462279,127.49096421549169,127.49096421549169,103.39721250624322,127.49096421549169,127.49096421549169,126.8311188498418,85.23507273097297,100.42001984848221,266.89969561156863,97.99259454939684,1.1409150024776567e-308,69.1034731993482,199.48287968277867,66.9149777342878,46.61888073254694,108.5804840061691,127.49096421549169,220.77583379942786,127.49096421549169,55.606765617124026,127.49096421549169,49.65678074932052,197.74923508762555,41.577433034863276,52.929465223649046,121.80087811832837,200.39987403605863,226.31126894317316,127.49096421549169,255.6561268307941,38.844307804983075,63.187625791539716,82.8427827575386,85.91208377182807,38.00397995630317,77.91018938914388,157.63873718438379,134.287353372836
dysplasia_FA_HN11A_5_linfoides_mieloides.csv,151.42272735556213,141.4087064490393,162.04270081516577,331.69712030045105,114.60253604205955,162.04270081516577,360.23321884117456,122.64185318382121,60.40345152642538,162.04270081516577,162.04270081516577,162.04270081516577,162.04270081516577,162.04270081516577,162.04270081516577,154.33854593032115,106.14789620528403,218.29285816338316,110.65938208460875,69.1034731993482,1.31598629001714e-308,160.4885454600111,61.527683152943666,115.08889532884425,154.7916192906426,162.04270081516577,151.67236060007966,162.04270081516577,67.95902078416981,162.04270081516577,46.99523794531461,128.64576188827738,44.68419001741,62.92195454689568,162.04270081516577,191.5620650585961,208.10223867366753,162.04270081516577,238.62683999688446,102.7589326096407,95.97365593934711,130.3902936565499,155.01555697117624,60.40985558637931,144.69305067981298,149.4037457704364,65.18388017348781
carcinoma_FA_HN14_2_linfoides_mieloides.csv,227.23240405688102,92.7149576650391,227.23240405688102,208.9294324871401,227.23240405688102,227.23240405688102,266.0016295685871,227.23240405688102,190.7828580098559,227.23240405688102,227.23240405688102,227.23240405688102,227.23240405688102,227.23240405688102,227.23240405688102,227.23240405688102,99.06285983429649,99.6657757720019,101.49028513338186,199.48287968277867,160.4885454600111,9.01135131492713e-309,191.90708963637417,227.23240405688102,227.23240405688102,227.23240405688102,75.31605705332325,227.23240405688102,198.3384272676003,227.23240405688102,174.89420731147362,180.23776573350852,168.8255232213118,165.6950176747862,227.23240405688102,139.4249205261225,148.9208137297714,227.23240405688102,116.77814852675186,227.23240405688102,226.3530624227776,227.23240405688102,227.23240405688102,173.18403232319582,227.23240405688102,52.81546781451273,104.86079314412498
stroma_ad_dysplasia_FA_HN15_4_linfoides_mieloides.csv,89.89504420261845,202.93638960198297,131.27885923869394,331.69712030045105,60.82102510391138,131.27885923869394,360.23321884117456,97.51428410618888,62.35262060804497,131.27885923869394,131.27885923869394,110.33301067081828,131.27885923869394,131.27885923869394,131.27885923869394,92.8108627773775,105.7714198203935,266.89969561156863,110.28290569971821,66.9149777342878,61.527683152943666,191.90708963637417,2.0082827993322583e-308,67.4487115104825,98.97577291240172,131.27885923869394,213.20004375302335,131.27885923869394,75.95550463032019,131.27885923869394,46.618761560424076,190.17344504122104,58.08484295718016,94.83002109086965,129.3766681647329,192.82408398965413,218.73547889676863,131.27885923869394,248.75453518420034,54.34250146908134,41.53287024175337,68.86261050360625,93.48787381823259,74.13602865223078,83.16536752686935,150.06294713797925,126.71156332643147
stroma_ad_carcinoma_FA_HN15_2_linfoides_mieloides.csv,52.15138778524209,232.74705403968542,104.49825315074366,331.69712030045105,63.968739128253105,104.49825315074366,360.23321884117456,87.29256624473717,54.68544380241886,95.54295148703235,97.48320219961344,89.46416816123119,99.5046280639857,104.49825315074366,87.11903016309145,50.198723190468286,146.40544197797823,266.89969561156863,143.97801667889286,46.61888073254694,115.08889532884425,227.23240405688102,67.4487115104825,7.56435903795915e-309,91.03033633238636,104.49825315074366,237.87888111520562,104.49825315074366,51.85541678542535,99.97328294561743,70.57409450080112,226.36558175930446,76.64277859096293,79.77328413748856,90.90590371991694,227.690901233521,240.64659868707827,87.21958611548396,255.6561268307941,36.767369614287134,45.399142455135845,55.36991459582542,53.09955034808999,72.28426948907892,57.53308362432362,203.62415931387983,180.27277550233205
stroma_ad_dysplasia_FA_HN11A_5_linfoides_mieloides.csv,62.51245756920371,232.74705403968542,84.6468911698445,331.69712030045105,52.89186055604984,84.6468911698445,360.23321884117456,32.149766106821374,94.38816776421719,53.931587757096274,54.9203781864741,17.069074533119363,55.37168603249965,65.13498277003826,41.142972758547415,50.1783654595754,177.70097413973278,266.89969561156863,176.48726149019012,108.5804840061691,154.7916192906426,227.23240405688102,98.97577291240172,91.03033633238636,6.431980096993457e-309,67.22909595014262,237.87888111520562,84.6468911698445,123.41091059232612,60.2705589838191,118.16427827784486,226.36558175930446,116.34550255276127,131.45447027695081,36.112732027033985,227.690901233521,240.64659868707827,47.51686215368562,255.6561268307941,86.49585235081511,98.68227354169676,57.520176377493144,42.95613735874652,130.1984207966926,67.01666060387015,206.31033280768358,194.63464090190968
stroma_ad_dysplasia_FA_HN11A_3_linfoides_mieloides.csv,81.9368745788304,232.74705403968542,26.506349395824596,331.69712030045105,104.741432794136,20.531888483655905,360.23321884117456,99.37886205696398,131.84097505195308,30.615390693098583,27.64953060179046,50.16002141702326,23.101407423264323,28.143801192550963,47.292280685732074,77.05721676320795,177.70097413973278,266.89969561156863,176.48726149019012,127.49096421549169,162.04270081516577,227.23240405688102,131.27885923869394,104.49825315074366,67.22909595014262,1.9527941715398436e-308,237.87888111520562,31.466177999137585,128.06319042308087,11.042271129232972,139.7853004011442,226.36558175930446,142.81964244622512,144.38489521948793,42.53176116742129,227.690901233521,240.64659868707827,40.29431724250745,255.6561268307941,110.66323451034543,114.05587284549223,91.63042158423528,77.83960125164248,140.6403878952831,88.22168203111974,206.31033280768358,194.63464090190968
carcinoma_FA_HN11A_1_linfoides_mieloides.csv,237.87888111520562,34.670150815684735,237.87888111520562,245.20740316260702,237.87888111520562,237.87888111520562,244.70867545193795,237.87888111520562,212.07581212650507,237.87888111520562,237.87888111520562,237.87888111520562,237.87888111520562,237.87888111520562,237.87888111520562,237.87888111520562,120.35581395094567,141.32581218732724,122.78323925003104,220.77583379942786,151.67236060007966,75.31605705332325,213.20004375302335,237.87888111520562,237.87888111520562,237.87888111520562,1.069941707333048e-308,237.87888111520562,219.6313813842495,237.87888111520562,196.1871614281228,147.65167505138206,190.118477337961,186.98797179143537,237.87888111520562,181.08495694144784,190.58085014509675,237.87888111520562,181.9503298910048,237.87888111520562,237.87888111520562,237.87888111520562,237.87888111520562,194.476986439845,237.87888111520562,117.11334989742751,115.52097310245912
stroma_ad_carcinoma_FA_HN14_2_linfoides_mieloides.csv,86.33133713738472,232.74705403968542,8.152536592595908,331.69712030045105,104.741432794136,11.909707292021935,360.23321884117456,100.72177422325518,131.84097505195308,44.76368619218392,43.92717427826747,76.11235390328481,43.32358791678055,35.40999713334614,57.552301190732784,84.8734278500052,177.70097413973278,266.89969561156863,176.48726149019012,127.49096421549169,162.04270081516577,227.23240405688102,131.27885923869394,104.49825315074366,84.6468911698445,31.466177999137585,237.87888111520562,7.649784145468895e-309,128.06319042308087,38.424714965461106,139.7853004011442,226.36558175930446,142.81964244622515,144.38489521948793,62.58254192224622,227.690901233521,240.64659868707827,51.17841179559458,255.6561268307941,110.66323451034543,114.05587284549223,96.84755398689083,84.53492232957765,140.6403878952831,89.69617547525928,206.31033280768358,194.63464090190968
dysplasia_FA_HN14_1_linfoides_mieloides.csv,94.50866797807058,209.3677272332091,128.06319042308087,331.69712030045105,97.99212904110811,128.06319042308087,360.23321884117456,123.4109105923261,72.0121711774949,128.06319042308087,128.06319042308087,123.67953526921698,128.06319042308087,128.06319042308087,127.97557126502019,97.61228769495983,99.27556743330382,266.89969561156863,96.84814213421845,55.606765617124026,67.95902078416981,198.3384272676003,75.95550463032019,51.85541678542535,123.41091059232612,128.06319042308087,219.6313813842495,128.06319042308087,1.3736598537294925e-308,128.06319042308087,57.30529188897087,196.6047826724472,60.43977075612381,36.97961484988737,123.67953526921698,199.25542162088027,225.1668165279948,128.06319042308087,255.18587281542648,58.34345029997053,71.9396652218318,87.58573405954095,99.9296157590652,35.784481225811945,90.12945159513919,156.49428476920542,133.14290095765762
stroma_ad_dysplasia_FA_HN11A_2_linfoides_mieloides.csv,82.57028224013091,232.74705403968542,33.46488636214812,331.69712030045105,100.4596422324021,27.490425449979423,360.23321884117456,92.42032509064046,131.84097505195308,23.78406098199531,28.91750251618006,43.20148445069974,15.877188526314953,20.40032537125873,39.204512454164046,78.17714120805243,177.70097413973278,266.89969561156863,176.48726149019012,127.49096421549169,162.04270081516577,227.23240405688102,131.27885923869394,99.97328294561743,60.2705589838191,11.042271129232972,237.87888111520562,38.424714965461106,128.06319042308087,1.114995613790233e-308,139.7853004011442,226.36558175930446,142.81964244622512,144.38489521948793,34.19296712629312,227.690901233521,240.64659868707827,31.955523201379275,255.6561268307941,110.66323451034543,114.05587284549223,88.16851779649022,79.1075731660321,140.6403878952831,88.22168203111974,206.31033280768358,194.63464090190968
stroma_ad_carcinoma_FA_HN15_1_linfoides_mieloides.csv,106.907926527519,185.92350727708242,139.7853004011442,331.69712030045105,73.52634170806506,139.7853004011442,360.23321884117456,108.77886670609841,70.40185754986126,139.7853004011442,139.7853004011442,127.34589299571883,139.7853004011442,139.7853004011442,139.7853004011442,109.82374510227805,75.83134747717713,254.22879042084887,73.40392217809176,49.65678074932052,46.99523794531461,174.89420731147362,46.618761560424076,70.57409450080112,118.16427827784486,139.7853004011442,196.1871614281228,139.7853004011442,57.30529188897087,139.7853004011442,5.43847569678228e-309,173.1605627163205,40.05995514850679,56.91952421805871,139.7853004011442,175.81120166475358,201.7225965718681,139.7853004011442,231.7416528592998,58.24413178159758,51.45885511130398,85.8754928285068,110.50075614313315,36.22553177941984,100.17824985176989,133.05006481307873,109.69868100153093
carcinoma_FA_HN11A_3_linfoides_mieloides.csv,226.36558175930446,154.88328542467454,226.36558175930446,270.2553766326855,226.36558175930446,226.36558175930446,267.73527416374026,226.36558175930446,189.04921341470276,226.36558175930446,226.36558175930446,226.36558175930446,226.36558175930446,226.36558175930446,226.36558175930446,226.36558175930446,153.067441106145,218.2928581633832,155.32318404580735,197.74923508762555,128.64576188827738,180.23776573350852,190.17344504122104,226.36558175930446,226.36558175930446,226.36558175930446,147.65167505138206,226.36558175930446,196.6047826724472,226.36558175930446,173.1605627163205,9.884745527581735e-309,167.0918786261587,163.96137307963306,226.36558175930446,193.0212267994974,208.10223867366756,226.36558175930446,238.62683999688443,226.36558175930446,224.61941782762446,226.36558175930446,226.36558175930446,171.4503877280427,226.36558175930446,174.69536588872114,124.78090743236959
dysplasia_FA_HN14_2_linfoides_mieloides.csv,112.97661061768082,179.8548231869206,142.81964244622512,331.69712030045105,86.93563649610401,142.81964244622512,360.23321884117456,112.25936224004064,62.94634868015831,142.81964244622515,142.81964244622515,133.41457708588064,142.81964244622515,142.81964244622515,142.81964244622515,115.89242919243986,69.76266338701532,248.16010633068709,71.11965300899709,41.577433034863276,44.68419001741,168.8255232213118,58.08484295718016,76.64277859096293,116.34550255276127,142.81964244622512,190.118477337961,142.81964244622515,60.43977075612381,142.81964244622512,40.05995514850679,167.0918786261587,1.8173411801330777e-308,65.09821829573926,142.81964244622512,169.74251757459177,195.6539124817063,142.81964244622515,237.7269649111513,64.3128158717594,66.30094484773761,91.9441769186686,116.56944023329496,43.00605320061737,106.2469339419317,126.98138072291692,103.62999691136912
stroma_ad_dysplasia_FA_HN14_3_linfoides_mieloides.csv,116.10711616420645,176.724317640395,144.38489521948793,331.69712030045105,102.65057658072358,144.38489521948793,360.23321884117456,124.70558330767949,86.32857415144233,144.38489521948793,144.38489521948793,136.54508263240626,144.38489521948793,144.38489521948793,144.38489521948793,119.02293473896549,83.2775832045171,245.02960078416146,72.97327473839502,52.929465223649046,62.92195454689568,165.6950176747862,94.83002109086965,79.77328413748856,131.45447027695081,144.38489521948793,186.98797179143537,144.38489521948793,36.97961484988737,144.38489521948793,56.91952421805871,163.96137307963306,65.09821829573926,9.34752714438675e-309,144.38489521948793,166.61201202806615,192.52340693518067,144.38489521948793,222.54246322261235,67.44332141828502,90.87621947620231,95.07468246519421,119.69994577982057,41.41218951525168,109.37743948845731,123.8508751763913,100.4994913648435
stroma_ad_dysplasia_FA_HN15_5_linfoides_mieloides.csv,63.10914718200482,232.74705403968542,57.622713318933236,331.69712030045105,76.30181527561699,51.64825240676454,360.23321884117456,68.26249813385535,130.5008997912512,17.818855730062293,21.371736003060743,19.04365749391462,21.648973925553165,29.022250743004275,18.26633804244645,44.46254977335228,177.70097413973278,266.89969561156863,176.4872614901901,121.80087811832837,162.04270081516577,227.23240405688102,129.3766681647329,90.90590371991694,36.112732027033985,42.53176116742129,237.87888111520562,62.58254192224622,123.67953526921698,34.19296712629312,139.7853004011442,226.36558175930446,142.81964244622512,144.38489521948793,8.67327255292906e-309,227.690901233521,240.64659868707827,11.404130126651635,255.6561268307941,88.59904691636808,105.95943581556219,60.68672617123847,49.48188753297449,140.6403878952831,60.793054640497544,206.31033280768358,194.63464090190968
carcinoma_FA_HN14_4_linfoides_mieloides.csv,227.690901233521,146.4148061257631,227.690901233521,208.01243813386014,227.690901233521,227.690901233521,265.0846352153071,227.690901233521,193.0212267994974,227.690901233521,227.690901233521,227.690901233521,227.690901233521,227.690901233521,227.690901233521,227.690901233521,151.40195788983823,94.64249639007997,114.58819938586993,200.39987403605863,191.5620650585961,139.4249205261225,192.82408398965413,227.690901233521,227.690901233521,227.690901233521,181.08495694144784,227.690901233521,199.25542162088027,227.690901233521,175.81120166475358,193.0212267994974,169.74251757459177,166.61201202806615,227.690901233521,1.7991253419318187e-308,62.32111823859461,227.690901233521,94.63412655316358,227.690901233521,227.27005677605757,227.690901233521,227.690901233521,174.10102667647578,227.690901233521,106.1096900832083,138.35768756407316
carcinoma_FA_HN15_2_linfoides_mieloides.csv,240.64659868707827,155.910699329412,240.64659868707827,182.10104322674562,240.64659868707827,240.64659868707827,239.17324030819265,240.64659868707827,217.61124727025037,240.64659868707827,240.64659868707827,240.64659868707827,240.64659868707827,240.64659868707827,240.64659868707827,240.64659868707827,160.89785109348713,55.95562805539704,128.31867439377635,226.31126894317316,208.10223867366753,148.9208137297714,218.73547889676863,240.64659868707827,240.64659868707827,240.64659868707827,190.58085014509675,240.64659868707827,225.1668165279948,240.64659868707827,201.7225965718681,208.10223867366756,195.6539124817063,192.52340693518067,240.64659868707827,62.32111823859461,8.718001550753773e-309,240.64659868707827,104.13001975681249,240.64659868707827,240.64659868707827,240.64659868707827,240.64659868707827,200.0124215835903,240.64659868707827,115.60558328685721,160.58973902444302
stroma_ad_dysplasia_FA_HN15_1_linfoides_mieloides.csv,55.99417790089484,232.74705403968542,46.2185831922816,331.69712030045105,87.70594540226863,40.2441222801129,360.23321884117456,79.666628260507,131.84097505195308,11.81273067969827,19.1342920781469,30.44778762056626,19.268584982010818,17.61812061635264,19.155037939301163,48.083859871454074,177.70097413973278,266.89969561156863,176.48726149019012,127.49096421549169,162.04270081516577,227.23240405688102,131.27885923869394,87.21958611548396,47.51686215368562,40.29431724250745,237.87888111520562,51.17841179559458,128.06319042308087,31.955523201379275,139.7853004011442,226.36558175930446,142.81964244622515,144.38489521948793,11.404130126651635,227.690901233521,240.64659868707827,5.68413818350513e-309,255.6561268307941,99.54954883468749,109.58074591366399,71.9181877877783,49.014291829433745,140.6403878952831,64.41436473859935,206.31033280768358,194.63464090190968
dysplasia_FA_HN15_2_linfoides_mieloides.csv,255.6561268307941,167.48710914441975,255.6561268307941,152.08198693931394,255.6561268307941,255.6561268307941,209.15418402076097,255.6561268307941,247.63030355768205,255.6561268307941,255.6561268307941,255.6561268307941,255.6561268307941,255.6561268307941,255.6561268307941,255.6561268307941,171.11879778147892,121.72423122196739,166.6073119021542,255.6561268307941,238.62683999688446,116.77814852675186,248.75453518420034,255.6561268307941,255.6561268307941,255.6561268307941,181.9503298910048,255.6561268307941,255.18587281542648,255.6561268307941,231.7416528592998,238.62683999688443,237.7269649111513,222.54246322261235,255.6561268307941,94.63412655316358,104.13001975681249,255.6561268307941,1.220704699218469e-308,255.6561268307941,255.6561268307941,255.6561268307941,255.6561268307941,230.031477871022,255.6561268307941,127.86294821632657,221.63894167087685
dysplasia_FA_HN11A_3_linfoides_mieloides.csv,54.30393648180705,232.74705403968542,110.66323451034543,331.69712030045105,66.79701577262139,110.66323451034543,360.23321884117456,80.80453273019198,42.355481083215324,105.96427443809816,106.95306486747597,87.04786090918108,107.40437271350152,110.66323451034543,93.17565943954928,52.673118335775996,134.07547925877472,266.89969561156863,131.64805395968932,38.844307804983075,102.7589326096407,227.23240405688102,54.34250146908134,36.767369614287134,86.49585235081511,110.66323451034543,237.87888111520562,110.66323451034543,58.34345029997053,110.66323451034543,58.24413178159758,226.36558175930446,64.3128158717594,67.44332141828502,88.59904691636808,227.690901233521,240.64659868707827,99.54954883468749,255.6561268307941,1.1585916400999384e-308,48.51837902300721,68.17353598900611,61.17501497544846,59.95430676987539,63.24094262061138,191.2941965946763,167.9428127831285
