,stroma_ad_carcinoma_FA_HN15_4_linfoides_mieloides.csv,carcinoma_FA_HN15_1_linfoides_mieloides.csv,stroma_ad_carcinoma_FA_HN14_1_linfoides_mieloides.csv,dysplasia_FA_HN15_3_linfoides_mieloides.csv,stroma_ad_carcinoma_FA_HN11A_1_linfoides_mieloides.csv,stroma_ad_dysplasia_FA_HN11A_4_linfoides_mieloides.csv,carcinoma_FA_HN11A_4_linfoides_mieloides.csv,stroma_ad_dysplasia_FA_HN14_2_linfoides_mieloides.csv,stroma_ad_dysplasia_FA_HN15_3_linfoides_mieloides.csv,stroma_ad_carcinoma_FA_HN14_3_linfoides_mieloides.csv,stroma_ad_carcinoma_FA_HN14_5_linfoides_mieloides.csv,dysplasia_FA_HN11A_1_linfoides_mieloides.csv,stroma_ad_dysplasia_FA_HN11A_1_linfoides_mieloides.csv,stroma_ad_dysplasia_FA_HN14_1_linfoides_mieloides.csv,stroma_ad_carcinoma_FA_HN14_4_linfoides_mieloides.csv,stroma_ad_dysplasia_FA_HN15_2_linfoides_mieloides.csv,carcinoma_FA_HN14_1_linfoides_mieloides.csv,dysplasia_FA_HN15_1_linfoides_mieloides.csv,carcinoma_FA_HN14_3_linfoides_mieloides.csv,carcinoma_FA_HN11A_2_linfoides_mieloides.csv,dysplasia_FA_HN11A_5_linfoides_mieloides.csv,carcinoma_FA_HN14_2_linfoides_mieloides.csv,stroma_ad_dysplasia_FA_HN15_4_linfoides_mieloides.csv,stroma_ad_carcinoma_FA_HN15_2_linfoides_mieloides.csv,stroma_ad_dysplasia_FA_HN11A_5_linfoides_mieloides.csv,stroma_ad_dysplasia_FA_HN11A_3_linfoides_mieloides.csv,carcinoma_FA_HN11A_1_linfoides_mieloides.csv,stroma_ad_carcinoma_FA_HN14_2_linfoides_mieloides.csv,dysplasia_FA_HN14_1_linfoides_mieloides.csv,stroma_ad_dysplasia_FA_HN11A_2_linfoides_mieloides.csv,stroma_ad_carcinoma_FA_HN15_1_linfoides_mieloides.csv,carcinoma_FA_HN11A_3_linfoides_mieloides.csv,dysplasia_FA_HN14_2_linfoides_mieloides.csv,stroma_ad_dysplasia_FA_HN14_3_linfoides_mieloides.csv,stroma_ad_dysplasia_FA_HN15_5_linfoides_mieloides.csv,carcinoma_FA_HN14_4_linfoides_mieloides.csv,carcinoma_FA_HN15_2_linfoides_mieloides.csv,stroma_ad_dysplasia_FA_HN15_1_linfoides_mieloides.csv,dysplasia_FA_HN15_2_linfoides_mieloides.csv,dysplasia_FA_HN11A_3_linfoides_mieloides.csv,stroma_ad_dysplasia_FA_HN14_4_linfoides_mieloides.csv,carcinoma_FA_HN11A_5_linfoides_mieloides.csv,stroma_ad_carcinoma_FA_HN11A_2_linfoides_mieloides.csv,stroma_ad_carcinoma_FA_HN15_3_linfoides_mieloides.csv,dysplasia_FA_HN11A_2_linfoides_mieloides.csv,dysplasia_FA_HN15_5_linfoides_mieloides.csv,dysplasia_FA_HN11A_4_linfoides_mieloides.csv
stroma_ad_carcinoma_FA_HN15_4_linfoides_mieloides.csv,0.0,4486.640868058131,3592.98191456698,10886.24529252372,4105.417537988363,4437.214923653306,4628.744703318274,4947.681355753378,6974.284851836938,2973.9642446738726,4723.464714835615,3391.0651195524683,1654.6361236202952,2175.774683388919,5284.573438399862,4265.4350514959215,7510.6657850916545,3338.6336318486296,10910.756783086727,5430.864119215462,1623.9660163547283,9029.73424888989,6067.525670436318,6268.610961318509,4931.459867760364,4014.3891796747257,5765.681375523302,3169.3649039835973,9795.469708475484,3001.834625456138,2460.1972019389623,5188.342374245379,9924.30243365988,8960.41548337345,5671.066508142309,9325.009445969014,6179.870186390361,2665.1181311479368,5121.072210324384,1874.7713134169692,5809.730214733006,2403.631326340392,2176.3776921371364,8473.378118960278,1841.3060613531227,3269.259321924208,4881.456799039852
carcinoma_FA_HN15_1_linfoides_mieloides.csv,4486.640868058131,0.0,5981.224157884626,7827.6399296067975,5971.5439553685765,6599.696622269097,4083.782766119476,3046.1247029122537,4447.6834584663775,3220.565641599488,1745.905926893073,6051.587663774577,3831.624640231034,2914.666868484819,3017.4517040052583,1973.9762160568014,4321.439278891068,4657.1559712649,7700.169029632032,3057.2075140064635,4240.112785249624,5809.903729032925,7013.009581238541,3703.6416765511262,5210.918526704905,6172.116353223909,2760.9702254887707,4163.892280746152,7046.429840581605,4629.850632327937,3750.938887034269,2452.5562231999575,7026.339239512558,6077.019774582692,6606.185141876751,5547.325715739158,2443.863059799148,4067.9942550593696,1174.5733032142437,4464.913161429331,5001.064787908291,2959.2317515561344,3576.537001559182,5568.687868550334,4301.083431540264,4169.646967913065,2632.128156480384
stroma_ad_carcinoma_FA_HN14_1_linfoides_mieloides.csv,3592.98191456698,5981.224157884626,0.0,12333.457457261038,2438.1440934908082,1109.2798908677423,3660.6006039178164,5217.650699823748,9328.176085001538,3044.024896500619,5512.455026508546,1125.3564192511321,2573.0680301024445,3874.0544133913677,6407.240063424858,6654.345587548943,8588.809804168495,3647.164576151113,11318.033549117645,6658.991502388358,4348.754162453913,10447.552794996136,4452.108089489947,8990.150870988307,3320.5114079975806,720.8211640850808,5381.0280152178775,2000.7227745350544,10639.819439101537,1678.3791033667503,5859.151946310469,4340.981890195521,10551.259118075222,10903.398785867466,3842.2825000498415,9859.067599580427,8024.958287513888,2383.9255580861713,6178.986541049392,5265.075709301873,6449.342709289899,4066.270433854163,3604.9634713655673,10398.495844045374,2816.2329890931424,3342.1358807355214,5767.399013849491
dysplasia_FA_HN15_3_linfoides_mieloides.csv,10886.24529252372,7827.6399296067975,12333.457457261038,0.0,10899.244385904987,12490.75677265024,9314.614454947521,7307.118391096843,5438.580498061119,9683.347753483156,7586.088597699756,12210.16839287515,10849.810444386449,10261.34612813299,6158.993562157435,6949.248112257219,3878.2715381014227,10831.944993021189,5257.626120904945,5717.619977519431,9977.785125557613,2525.2101229214504,10745.182581774121,5866.483826430947,10106.234305753367,12271.0024681905,7609.830508635137,10632.999972768464,3458.50128301254,11359.578586337988,9390.125072928176,8338.621699055115,4417.110881080583,3243.7117376116785,10755.50722294724,3833.48985105618,5709.01574319796,10338.688027148111,7340.363591962252,9407.050023504915,6740.639182981521,9036.387425567198,9101.556563069451,3008.55939005059,9707.21997025208,9977.421245475112,6673.2884302262655
stroma_ad_carcinoma_FA_HN11A_1_linfoides_mieloides.csv,4105.417537988363,5971.5439553685765,2438.1440934908082,10899.244385904987,0.0,1926.409733672171,3402.370731532139,4343.381590235702,8527.33634205268,3233.8172501506974,5414.785907673276,2204.6221631812978,3412.0506015326314,4537.308457846629,5613.234874439707,6218.420551669369,7309.106126947069,5034.239143887472,9638.620491819855,5380.72778269591,4646.296255127496,9038.066722780919,2374.339089430698,8398.660134420466,2035.6289454115579,1918.6113800578673,4143.145923415097,2880.9433046295553,8865.194471394894,2283.9101869806923,5967.476743057432,4376.488723164359,8803.102763503495,9745.048175905438,2131.6934686164773,8617.566401647468,7431.739035743635,2421.0154351785177,6228.71312559863,5513.273764338703,4610.697769054542,4023.0121255120903,3305.8220624243345,9266.932895819684,2763.805563027724,4047.008153741217,4927.321962207389
stroma_ad_dysplasia_FA_HN11A_4_linfoides_mieloides.csv,4437.214923653306,6599.696622269097,1109.2798908677423,12490.75677265024,1926.409733672171,0.0,3799.0512098401746,5381.073480265863,9745.044003376297,3571.795329126452,5933.650452405833,1297.7019025720795,3308.499723607507,4601.144274850221,6666.844725962878,7225.879553540669,8757.240287667175,4681.853453155565,11323.74009737007,6830.46085676397,5189.668462131345,10601.153737804238,3725.436495138528,9542.206512817507,3006.2562396446706,704.7536297140906,5397.408717212888,2612.4890621960953,10658.301687333118,2160.305471532355,6662.65766563673,4519.042929425679,10542.789835525884,11170.928078116423,3067.76751821967,9991.27611526176,8528.754847538485,2857.9137729002123,6793.385167017903,6088.6266305478375,6342.872806927088,4820.348505735969,4182.402380883697,10678.356738283828,3446.5420538987505,4198.289551683353,6068.801801292382
carcinoma_FA_HN11A_4_linfoides_mieloides.csv,4628.744703318274,4083.782766119476,3660.6006039178164,9314.614454947521,3402.370731532139,3799.0512098401746,0.0,3661.781298657386,7678.4086797303025,2518.6098886346776,4082.1348717987416,4127.392847356553,3577.3081384662355,3511.261938541295,4741.5512043719145,5280.386962386018,6215.986783457284,3232.580300365824,8421.754069822366,4537.853192659926,4247.571296417284,7776.186323388073,4288.988367198288,7470.944216010314,3037.568202791632,3680.9012897437888,2359.213280602913,2526.4216474876207,8158.253627514805,3485.872484072861,4955.572048786878,2127.453788648976,7950.162053422722,8885.369851708449,4612.9568965957615,7136.099794560675,5791.0409620328655,3137.0444769167234,4097.541484242474,4909.731293795827,4806.186968394142,3053.9103664371682,3019.5181319311228,8362.423665963137,3404.0924346136017,2467.96099582025,3698.9393635955785
stroma_ad_dysplasia_FA_HN14_2_linfoides_mieloides.csv,4947.681355753378,3046.1247029122537,5217.650699823748,7307.118391096843,4343.381590235702,5381.073480265863,3661.781298657386,0.0,4682.9364199206575,2710.831757833331,1888.6443052914362,5143.892161974047,4051.785620150974,3754.712992318705,1593.6564447639016,3167.2980232874575,3616.0578225634254,5659.46630844361,6842.2611411586695,1932.2534742056532,4951.761363808283,5432.783517849249,4957.301394917793,4850.651060302963,3143.548934677828,5086.671699298775,2467.4974653795884,3445.637916856443,5919.950088586393,4135.380219340719,5126.694814854787,2502.2054311434945,5953.578304978966,5888.664246378568,4360.391766208011,4988.054215232725,3772.517193142117,3208.6140498821646,3189.394853768539,5280.524242900658,2271.6608450821445,3156.8488971392135,2986.031479841369,5396.050911295908,3735.051060303371,4598.851716729551,2049.666279870039
stroma_ad_dysplasia_FA_HN15_3_linfoides_mieloides.csv,6974.284851836938,4447.6834584663775,9328.176085001538,5438.580498061119,8527.33634205268,9745.044003376297,7678.4086797303025,4682.9364199206575,0.0,6314.98126228514,3930.3259135727517,9344.45587602277,7127.703041877164,6164.138216085743,3571.2514878339407,3036.2829794348704,4584.6229179667525,8750.68968920557,7645.71787914617,3870.7012454962905,6555.237578814277,5067.79974298956,8965.180579293583,1519.739530952009,7679.889321154961,9364.649519396233,5887.6535450605425,7421.027305595105,6004.384961283618,8028.301696472888,5532.903828279804,6028.001012867214,6533.43550317645,2517.161331653381,8937.91392958421,6395.168382190682,3148.486108053798,7156.269569256708,4843.238113661709,5817.842176019971,5448.8112707161945,5777.469583872325,5800.249267464076,3278.140236889907,6595.099446879992,7753.614274796839,4667.957712709718
stroma_ad_carcinoma_FA_HN14_3_linfoides_mieloides.csv,2973.9642446738726,3220.565641599488,3044.024896500619,9683.347753483156,3233.8172501506974,3571.795329126452,2518.6098886346776,2710.831757833331,6314.98126228514,0.0,2575.6498836216133,3268.9854294551183,1816.1630264086573,1679.1803971130298,3606.371733255743,3729.1232820510468,6021.352163853219,3613.1213505394808,9144.64322649842,4049.036187817886,2984.1581272139983,7768.0663487735765,4655.491358993122,6019.339743026762,2735.286250144194,3150.3315772887954,3475.0364543567484,1229.7373708427467,8337.735914420866,1923.2263578990644,3757.456523935475,2842.186564799749,8300.198557001093,7987.704639664113,3929.741585934823,7326.105840776246,5024.0442809659535,1509.4525783478969,3392.6514878007865,3614.8346887553826,4334.575358119607,1848.1563068180776,1425.5309509596361,7477.050663572192,2175.1350599524144,2683.146168678104,3336.4606840951633
stroma_ad_carcinoma_FA_HN14_5_linfoides_mieloides.csv,4723.464714835615,1745.905926893073,5512.455026508546,7586.088597699756,5414.785907673276,5933.650452405833,4082.1348717987416,1888.6443052914362,3930.3259135727517,2575.6498836216133,0.0,5669.131298726939,3514.8411885394144,2741.9451340758046,1546.372333575121,1931.7213553924937,4164.69009557729,5500.064131871429,7685.224360864862,2340.336321406751,4808.9286095759435,5649.56818748331,6377.458879169792,3725.6154736037247,4177.393637934172,5551.407110022313,2781.791320352834,3643.8976549184154,6764.017791243486,4292.120860001305,4079.288901674519,2446.0440318281376,6797.639378873272,5582.918372050529,5524.13566473815,5533.986649899499,2646.5857375730357,3551.1175871588503,2353.912425271432,4561.068850952419,4048.639004774749,2897.9672080585215,3192.7046150316814,5037.950828431431,3816.122148528547,4816.971128010951,2286.8916767842375
dysplasia_FA_HN11A_1_linfoides_mieloides.csv,3391.0651195524683,6051.587663774577,1125.3564192511321,12210.16839287515,2204.6221631812978,1297.7019025720795,4127.392847356553,5143.892161974047,9344.45587602277,3268.9854294551183,5669.131298726939,0.0,2676.5963049006996,3964.4271818680368,6405.490475256278,6670.946853011351,8484.378859274822,4160.3481364153595,11322.213438208899,6546.775752957845,4206.92163928076,10319.375058203568,4398.565730054718,9014.180210463548,3319.7230023160387,1292.3688880079224,5483.450839380211,2801.8711339218576,10511.976425918963,2056.926740380632,5690.228974921108,4812.93567590785,10466.68756026574,10856.380855612993,3462.717734104042,9742.89712387304,8089.151224637767,2434.502800881548,6275.1801539649605,5077.678909961912,6251.44501472836,4020.490033956417,3615.36332496029,10372.59454835433,2840.905120917523,3814.0232579706276,5714.851596285836
stroma_ad_dysplasia_FA_HN11A_1_linfoides_mieloides.csv,1654.6361236202952,3831.624640231034,2573.0680301024445,10849.810444386449,3412.0506015326314,3308.499723607507,3577.3081384662355,4051.785620150974,7127.703041877164,1816.1630264086573,3514.8411885394144,2676.5963049006996,0.0,1426.0146249173295,4722.088379072886,4302.835538184503,7226.933887515095,3451.928076771383,10686.067784328243,5296.198013728398,2556.2911099204466,8895.669678530669,5383.80400210669,6626.69177745878,3624.893627394345,2862.955722233668,5011.456145465926,1746.0981361447216,9752.162349454262,1575.2461670226417,3412.8386819217408,4066.473117059251,9781.166583063217,8981.895008512736,4409.229921366535,8585.4615497971,5800.921161309066,1290.3389317960098,4423.556664915983,2923.6557570055484,5496.049152847892,2174.1127912346337,1938.6336984093439,8459.058766317758,1387.1099310745226,3099.6260889218497,4652.118863821862
stroma_ad_dysplasia_FA_HN14_1_linfoides_mieloides.csv,2175.774683388919,2914.666868484819,3874.0544133913677,10261.34612813299,4537.308457846629,4601.144274850221,3511.261938541295,3754.712992318705,6164.138216085743,1679.1803971130298,2741.9451340758046,3964.4271818680368,1426.0146249173295,0.0,4162.457686953636,3414.0617288133326,6759.544111842105,3520.8592131953174,10254.50240819456,4841.606153621048,2504.3484857184562,8316.57960210265,6282.8965224922795,5427.1672982678665,4326.340809650282,4146.62501838633,4596.616430605892,2467.5690319871383,9323.845423822593,2677.14124513596,2327.065904913292,3774.0814714021417,9358.961767056617,8155.1186288756235,5362.901496362537,8120.1177194251795,4853.109988711298,2202.58929650354,3747.8978519732464,2459.218716678789,5531.984623460536,1905.3597827268798,1952.9906688182793,7671.8414134780905,2290.796729866013,3013.229745615863,4234.729859631505
stroma_ad_carcinoma_FA_HN14_4_linfoides_mieloides.csv,5284.573438399862,3017.4517040052583,6407.240063424858,6158.993562157435,5613.234874439707,6666.844725962878,4741.5512043719145,1593.6564447639016,3571.2514878339407,3606.371733255743,1546.372333575121,6405.490475256278,4722.088379072886,4162.457686953636,0.0,2315.6272746752247,3130.635296002229,6580.297399103083,6602.545348932904,1535.8383605170716,5434.73847458874,4263.1346477837615,6150.04737559184,3756.3868121085243,4501.531832153619,6344.249196190286,3029.649808316748,4622.875096296296,5571.557111508932,5345.207297068781,4776.438695211701,3208.0922634518424,5698.653016178213,4563.904708505497,5516.093717592832,4767.055955455366,2940.6586820895523,4364.272653626161,3205.000044917769,5074.493205844895,2994.8644753646754,3429.238592484227,3430.005485077825,4096.201975548895,4091.886343065289,5619.09791806267,2616.6560013839116
stroma_ad_dysplasia_FA_HN15_2_linfoides_mieloides.csv,4265.4350514959215,1973.9762160568014,6654.345587548943,6949.248112257219,6218.420551669369,7225.879553540669,5280.386962386018,3167.2980232874575,3036.2829794348704,3729.1232820510468,1931.7213553924937,6670.946853011351,4302.835538184503,3414.0617288133326,2315.6272746752247,0.0,4692.951812857897,6057.268713214631,8001.135246020433,2855.467627575704,4289.071137897181,5423.986394205841,7223.783883445703,2501.7954345604403,5592.553278165338,6811.972800329367,3753.7025440422767,4803.840432913214,6888.92702283712,5310.170967892688,3245.3535384731626,3507.0003428468913,7055.292418917379,4855.966072333188,6956.245190805574,6464.3561295391155,2819.296397549166,4478.973914082694,2668.103687280526,3642.1057788552475,4559.817347511387,2950.423671991672,3139.6512515495306,4434.2925341053915,4005.585486552684,5299.564862014461,2818.109632260932
carcinoma_FA_HN14_1_linfoides_mieloides.csv,7510.6657850916545,4321.439278891068,8588.809804168495,3878.2715381014227,7309.106126947069,8757.240287667175,6215.986783457284,3616.0578225634254,4584.6229179667525,6021.352163853219,4164.69009557729,8484.378859274822,7226.933887515095,6759.544111842105,3130.635296002229,4692.951812857897,0.0,7879.288531338234,3652.9929461251504,2796.5379097821046,7197.272837887144,1999.4350499759607,7330.152074611005,4873.321410033309,6445.508510755635,8544.16208765746,4068.9748502641673,6924.770199606528,2924.0620212735944,7660.173106181359,6805.530782189648,4701.942396854566,2973.0616636352947,3566.7183847364954,7215.242991782212,1961.3930014182515,3287.737765637349,6658.9812078562245,4196.60321662571,7285.466161568069,3489.8931038218793,5502.600257016571,5731.853116953762,2367.7055713800105,6319.642241270096,6801.152610039375,3825.4235512230566
dysplasia_FA_HN15_1_linfoides_mieloides.csv,3338.6336318486296,4657.1559712649,3647.164576151113,10831.944993021189,5034.239143887472,4681.853453155565,3232.580300365824,5659.46630844361,8750.68968920557,3613.1213505394808,5500.064131871429,4160.3481364153595,3451.928076771383,3520.8592131953174,6580.297399103083,6057.268713214631,7879.288531338234,0.0,10467.72878857967,6131.624399106705,2586.426809528276,9343.101963920672,6367.5356410114,8036.054931452556,5354.532277573763,4099.638747286283,4648.452034777445,3258.9115479066213,9982.562066460116,3755.736194162288,3816.857639279305,4137.330387479874,9987.184194366608,10016.04533414024,6582.308317611923,8801.424304550683,6188.089109452036,3867.633403895927,4352.3875033415125,3434.975374473573,7100.5952610328395,3309.807546810307,3912.344793195879,9542.99761394532,3830.3095974628036,1642.042629123786,4864.993555486587
carcinoma_FA_HN14_3_linfoides_mieloides.csv,10910.756783086727,7700.169029632032,11318.033549117645,5257.626120904945,9638.620491819855,11323.74009737007,8421.754069822366,6842.2611411586695,7645.71787914617,9144.64322649842,7685.224360864862,11322.213438208899,10686.067784328243,10254.50240819456,6602.545348932904,8001.135246020433,3652.9929461251504,10467.72878857967,0.0,6020.297696485116,9966.860277531849,3190.7310684271056,8898.919695880666,7961.997524887294,8918.591901721818,11261.337945045892,6164.135897975998,9838.57986909728,2399.6352955822235,10786.385364469466,10086.614961160805,7176.685146127521,1248.5529994894796,6411.51489445434,9604.36330438242,2618.0416121999046,6780.375082498496,9952.564020334068,7300.691862077613,10500.652160761923,6171.896074171955,8830.065778627752,9104.300628803961,4801.090459620163,9839.523393930835,9208.548112541868,6760.093030691625
carcinoma_FA_HN11A_2_linfoides_mieloides.csv,5430.864119215462,3057.2075140064635,6658.991502388358,5717.619977519431,5380.72778269591,6830.46085676397,4537.853192659926,1932.2534742056532,3870.7012454962905,4049.036187817886,2340.336321406751,6546.775752957845,5296.198013728398,4841.606153621048,1535.8383605170716,2855.467627575704,2796.5379097821046,6131.624399106705,6020.297696485116,0.0,4698.815134289649,4212.784077107063,5629.1502488577335,3751.709478732459,4532.595879021756,6601.959210882856,2495.7554393946784,4975.744846120592,4567.741356007457,5701.518909765663,4600.208421673041,3107.599605296341,4938.234294915849,4529.944204529595,5675.435190147849,4504.1091686795635,3116.1784932814357,4711.207476067344,3096.20748918608,4808.487591374844,2754.0385260487988,3480.365355768286,3731.000646995145,3989.110318732226,4334.095514401574,4858.9163490394,1559.8487150049416
dysplasia_FA_HN11A_5_linfoides_mieloides.csv,1623.9660163547283,4240.112785249624,4348.754162453913,9977.785125557613,4646.296255127496,5189.668462131345,4247.571296417284,4951.761363808283,6555.237578814277,2984.1581272139983,4808.9286095759435,4206.92163928076,2556.2911099204466,2504.3484857184562,5434.73847458874,4289.071137897181,7197.272837887144,2586.426809528276,9966.860277531849,4698.815134289649,0.0,8427.658443714547,6244.754347712723,5804.19268172225,5275.201830923802,4742.015125796128,5128.392429114957,3485.350902958407,8673.330199456834,3663.9087734236227,2051.0800228855655,4645.865143090491,8914.597828798775,8228.08563873196,6251.97048912805,8889.555157061344,5935.603810948431,3245.8412139680013,4568.069173532819,1217.8508362216523,5820.632610340821,2197.187845169603,2547.5296485589643,7738.799174467446,2570.3597679487075,2421.5666941336594,3921.4226847584227
carcinoma_FA_HN14_2_linfoides_mieloides.csv,9029.73424888989,5809.903729032925,10447.552794996136,2525.2101229214504,9038.066722780919,10601.153737804238,7776.186323388073,5432.783517849249,5067.79974298956,7768.0663487735765,5649.56818748331,10319.375058203568,8895.669678530669,8316.57960210265,4263.1346477837615,5423.986394205841,1999.4350499759607,9343.101963920672,3190.7310684271056,4212.784077107063,8427.658443714547,0.0,8938.711505849373,5402.61897330142,8220.077736495316,10387.112723304532,5714.825838865126,8752.214339593445,2346.410055130535,9478.412326169266,7729.82886918604,6411.012439073336,2583.8187619328028,3732.4377003072973,8912.783787606497,1644.0558885207824,4145.834246469444,8455.9506273391,5585.638427946255,8103.475618139828,4913.232375677726,7142.8700899737505,7232.028125578802,2189.2946428180085,7846.978117461867,8245.256753079133,5198.629198561503
stroma_ad_dysplasia_FA_HN15_4_linfoides_mieloides.csv,6067.525670436318,7013.009581238541,4452.108089489947,10745.182581774121,2374.339089430698,3725.436495138528,4288.988367198288,4957.301394917793,8965.180579293583,4655.491358993122,6377.458879169792,4398.565730054718,5383.80400210669,6282.8965224922795,6150.04737559184,7223.783883445703,7330.152074611005,6367.5356410114,8898.919695880666,5629.1502488577335,6244.754347712723,8938.711505849373,0.0,9066.68849871592,2261.460357177681,3880.413337480554,4419.069932394339,4273.203447736875,8471.371470355938,4128.847017359563,7379.5259771219535,5180.846677588221,8251.377122610125,9796.498849148793,1665.957283260021,8570.064166200036,8060.731274292405,4145.716663241451,7054.719906957578,7085.8714493813295,4182.852796398191,5587.093441849189,4802.99158077688,9301.196919362003,4548.421842398633,5187.492967537023,5546.754171335971
stroma_ad_carcinoma_FA_HN15_2_linfoides_mieloides.csv,6268.610961318509,3703.6416765511262,8990.150870988307,5866.483826430947,8398.660134420466,9542.206512817507,7470.944216010314,4850.651060302963,1519.739530952009,6019.339743026762,3725.6154736037247,9014.180210463548,6626.69177745878,5427.1672982678665,3756.3868121085243,2501.7954345604403,4873.321410033309,8036.054931452556,7961.997524887294,3751.709478732459,5804.19268172225,5402.61897330142,9066.68849871592,0.0,7699.531395248697,9138.543782653125,5719.170209118225,7130.403968858567,6088.766093797495,7651.031015247875,4642.699418468943,5717.865515215629,6825.1656289014545,3279.85151521766,9054.991950328475,6680.825029852972,2778.0797497030467,6816.9333998617385,4033.209850638777,4875.7686449941675,5855.35844553798,5184.924668007044,5469.189238040759,3596.297476279543,6260.112410863667,7182.459696201235,4348.543203798957
stroma_ad_dysplasia_FA_HN11A_5_linfoides_mieloides.csv,4931.459867760364,5210.918526704905,3320.5114079975806,10106.234305753367,2035.6289454115579,3006.2562396446706,3037.568202791632,3143.548934677828,7679.889321154961,2735.286250144194,4177.393637934172,3319.7230023160387,3624.893627394345,4326.340809650282,4501.531832153619,5592.553278165338,6445.508510755635,5354.532277573763,8918.591901721818,4532.595879021756,5275.201830923802,8220.077736495316,2261.460357177681,7699.531395248697,0.0,2989.204514595711,3269.5831897990684,2523.258588909225,8185.356287464701,2569.9593704106996,6290.161556425084,3473.341351586707,8115.110302123355,8914.04015793445,2001.242805895935,7641.7823136091365,6613.144287303814,2464.1238144775116,5323.078760559384,6020.332223309363,3534.009793844935,4197.4890668967355,3349.997596635683,8424.185728856452,3377.270882376603,4250.620075730418,4231.512852233424
stroma_ad_dysplasia_FA_HN11A_3_linfoides_mieloides.csv,4014.3891796747257,6172.116353223909,720.8211640850808,12271.0024681905,1918.6113800578673,704.7536297140906,3680.9012897437888,5086.671699298775,9364.649519396233,3150.3315772887954,5551.407110022313,1292.3688880079224,2862.955722233668,4146.62501838633,6344.249196190286,6811.972800329367,8544.16208765746,4099.638747286283,11261.337945045892,6601.959210882856,4742.015125796128,10387.112723304532,3880.413337480554,9138.543782653125,2989.204514595711,0.0,5334.28926057465,2127.222138671574,10586.663716325102,1727.7211872770936,6219.284663696329,4353.7435482900655,10494.718351768626,10844.242064105989,3281.258129248589,9813.31617665174,8135.394710725355,2457.881829853034,6372.781356580345,5657.165563716729,6239.147360326451,4363.097708662633,3755.679186547738,10353.874405643988,3018.13252255956,3642.5268726451122,5732.902912881507
carcinoma_FA_HN11A_1_linfoides_mieloides.csv,5765.681375523302,2760.9702254887707,5381.0280152178775,7609.830508635137,4143.145923415097,5397.408717212888,2359.213280602913,2467.4974653795884,5887.6535450605425,3475.0364543567484,2781.791320352834,5483.450839380211,5011.456145465926,4596.616430605892,3029.649808316748,3753.7025440422767,4068.9748502641673,4648.452034777445,6164.135897975998,2495.7554393946784,5128.392429114957,5714.825838865126,4419.069932394339,5719.170209118225,3269.5831897990684,5334.28926057465,0.0,3924.101384348622,5877.240776102009,4925.893565290356,5266.877600463506,1334.3162562742498,5664.422505858258,6818.077301495798,4937.646518883123,5125.287515060828,4129.979728934672,4323.7460976691345,2734.8117453109826,5683.344026912166,3543.269929303434,3564.4353630041696,3880.413209494882,6240.711200129669,4530.138083067482,3707.6138311173236,2209.5064341690586
stroma_ad_carcinoma_FA_HN14_2_linfoides_mieloides.csv,3169.3649039835973,4163.892280746152,2000.7227745350544,10632.999972768464,2880.9433046295553,2612.4890621960953,2526.4216474876207,3445.637916856443,7421.027305595105,1229.7373708427467,3643.8976549184154,2801.8711339218576,1746.0981361447216,2467.5690319871383,4622.875096296296,4803.840432913214,6924.770199606528,3258.9115479066213,9838.57986909728,4975.744846120592,3485.350902958407,8752.214339593445,4273.203447736875,7130.403968858567,2523.258588909225,2127.222138671574,3924.101384348622,0.0,9080.811528217833,1356.1460857782154,4608.473340673199,3012.5663209717604,9021.820059154095,9059.918493532896,3729.213722286232,8218.329857537206,6152.940754298681,1239.2406163684946,4362.416486711183,4246.877972583272,4834.805793303278,2620.6240805988273,1899.621814882124,8558.478292675343,2117.057288370627,2626.11916822816,4133.185024725063
dysplasia_FA_HN14_1_linfoides_mieloides.csv,9795.469708475484,7046.429840581605,10639.819439101537,3458.50128301254,8865.194471394894,10658.301687333118,8158.253627514805,5919.950088586393,6004.384961283618,8337.735914420866,6764.017791243486,10511.976425918963,9752.162349454262,9323.845423822593,5571.557111508932,6888.92702283712,2924.0620212735944,9982.562066460116,2399.6352955822235,4567.741356007457,8673.330199456834,2346.410055130535,8471.371470355938,6088.766093797495,8185.356287464701,10586.663716325102,5877.240776102009,9080.811528217833,0.0,9938.747885514918,8898.031566580274,6792.010097718658,1309.3777314580223,4373.787095777351,8743.15737439256,2521.381857987114,5907.251119023613,9028.115693192849,6747.8090113911485,8800.826629492849,5099.975151289616,7847.012149903316,8056.015744765655,3226.8415786437795,8771.579413362264,8605.741804022407,5461.7477126904505
stroma_ad_dysplasia_FA_HN11A_2_linfoides_mieloides.csv,3001.834625456138,4629.850632327937,1678.3791033667503,11359.578586337988,2283.9101869806923,2160.305471532355,3485.872484072861,4135.380219340719,8028.301696472888,1923.2263578990644,4292.120860001305,2056.926740380632,1575.2461670226417,2677.14124513596,5345.207297068781,5310.170967892688,7660.173106181359,3755.736194162288,10786.385364469466,5701.518909765663,3663.9087734236227,9478.412326169266,4128.847017359563,7651.031015247875,2569.9593704106996,1727.7211872770936,4925.893565290356,1356.1460857782154,9938.747885514918,0.0,4814.9195425160815,3944.8521009541946,9914.512865388664,9756.601522682917,3232.3605408063668,8955.80471150758,6720.1735350467725,1103.399245993275,4912.829787335563,4369.234664819008,5311.539324696964,2911.966027487693,2351.283041497161,9251.498899907383,2092.2060860738757,3291.464596160295,4884.836276295886
stroma_ad_carcinoma_FA_HN15_1_linfoides_mieloides.csv,2460.1972019389623,3750.938887034269,5859.151946310469,9390.125072928176,5967.476743057432,6662.65766563673,4955.572048786878,5126.694814854787,5532.903828279804,3757.456523935475,4079.288901674519,5690.228974921108,3412.8386819217408,2327.065904913292,4776.438695211701,3245.3535384731626,6805.530782189648,3816.857639279305,10086.614961160805,4600.208421673041,2051.0800228855655,7729.82886918604,7379.5259771219535,4642.699418468943,6290.161556425084,6219.284663696329,5266.877600463506,4608.473340673199,8898.031566580274,4814.9195425160815,0.0,4846.888066730927,9057.043048378331,7296.202633520657,7354.858421515238,8606.70263770931,4783.8866500894155,4201.382558017982,4472.361240980716,1363.8342584815102,6140.876934025609,2316.4613487061542,3036.199146730909,6843.3232541465,3331.271789149484,3588.030805088719,4053.7033008282883
carcinoma_FA_HN11A_3_linfoides_mieloides.csv,5188.342374245379,2452.5562231999575,4340.981890195521,8338.621699055115,4376.488723164359,4519.042929425679,2127.453788648976,2502.2054311434945,6028.001012867214,2842.186564799749,2446.0440318281376,4812.93567590785,4066.473117059251,3774.0814714021417,3208.0922634518424,3507.0003428468913,4701.942396854566,4137.330387479874,7176.685146127521,3107.599605296341,4645.865143090491,6411.012439073336,5180.846677588221,5717.865515215629,3473.341351586707,4353.7435482900655,1334.3162562742498,3012.5663209717604,6792.010097718658,3944.8521009541946,4846.888066730927,0.0,6575.146318591272,7346.27613909362,5229.553368224097,5820.255598031643,4292.478790671556,3543.30537471193,2613.9104937608167,5210.005724511557,4434.475073385656,2992.620231581234,3340.972611687404,6707.943047560939,4089.836761559363,3303.050468856029,2282.6922414448836
dysplasia_FA_HN14_2_linfoides_mieloides.csv,9924.30243365988,7026.339239512558,10551.259118075222,4417.110881080583,8803.102763503495,10542.789835525884,7950.162053422722,5953.578304978966,6533.43550317645,8300.198557001093,6797.639378873272,10466.68756026574,9781.166583063217,9358.961767056617,5698.653016178213,7055.292418917379,2973.0616636352947,9987.184194366608,1248.5529994894796,4938.234294915849,8914.597828798775,2583.8187619328028,8251.377122610125,6825.1656289014545,8115.110302123355,10494.718351768626,5664.422505858258,9021.820059154095,1309.3777314580223,9914.512865388664,9057.043048378331,6575.146318591272,0.0,5333.239772999949,8729.917924229561,2212.376164863988,6116.156098781057,9061.7557834172,6708.048447598852,9336.901099508214,5199.338813754992,7917.646205690939,8175.973713429321,3773.4271925930693,8889.240593606948,8694.56982050706,5889.744170148536
stroma_ad_dysplasia_FA_HN14_3_linfoides_mieloides.csv,8960.41548337345,6077.019774582692,10903.398785867466,3243.7117376116785,9745.048175905438,11170.928078116423,8885.369851708449,5888.664246378568,2517.161331653381,7987.704639664113,5582.918372050529,10856.380855612993,8981.895008512736,8155.1186288756235,4563.904708505497,4855.966072333188,3566.7183847364954,10016.04533414024,6411.51489445434,4529.944204529595,8228.08563873196,3732.4377003072973,9796.498849148793,3279.85151521766,8914.04015793445,10844.242064105989,6818.077301495798,9059.918493532896,4373.787095777351,9756.601522682917,7296.202633520657,7346.27613909362,5333.239772999949,0.0,9824.077830284536,5193.602531308835,4272.733212432749,8809.878488602004,6206.186707411759,7508.486386148383,5827.607775333745,7441.024361675082,7474.505959534285,2033.0426505115706,8175.514584850908,8833.415806613693,5439.59680859611
stroma_ad_dysplasia_FA_HN15_5_linfoides_mieloides.csv,5671.066508142309,6606.185141876751,3842.2825000498415,10755.50722294724,2131.6934686164773,3067.76751821967,4612.9568965957615,4360.391766208011,8937.91392958421,3929.741585934823,5524.13566473815,3462.717734104042,4409.229921366535,5362.901496362537,5516.093717592832,6956.245190805574,7215.242991782212,6582.308317611923,9604.36330438242,5675.435190147849,6251.97048912805,8912.783787606497,1665.957283260021,9054.991950328475,2001.242805895935,3281.258129248589,4937.646518883123,3729.213722286232,8743.15737439256,3232.3605408063668,7354.858421515238,5229.553368224097,8729.917924229561,9824.077830284536,0.0,8290.980980614064,7972.051678568845,3271.915635856021,6839.250713902552,6984.134223910029,4205.635716587083,5334.0008177257705,4467.54828311796,9342.19461180527,4220.934756252857,5668.793896436599,5637.246097729151
carcinoma_FA_HN14_4_linfoides_mieloides.csv,9325.009445969014,5547.325715739158,9859.067599580427,3833.48985105618,8617.566401647468,9991.27611526176,7136.099794560675,4988.054215232725,6395.168382190682,7326.105840776246,5533.986649899499,9742.89712387304,8585.4615497971,8120.1177194251795,4767.055955455366,6464.3561295391155,1961.3930014182515,8801.424304550683,2618.0416121999046,4504.1091686795635,8889.555157061344,1644.0558885207824,8570.064166200036,6680.825029852972,7641.7823136091365,9813.31617665174,5125.287515060828,8218.329857537206,2521.381857987114,8955.80471150758,8606.70263770931,5820.255598031643,2212.376164863988,5193.602531308835,8290.980980614064,0.0,4362.068188967063,8013.609402084772,5151.745937083311,9112.077279129908,5047.211403384067,7133.408393866665,7501.59003481936,3457.131704576818,8032.369551731745,7964.05881379803,5369.242105901449
carcinoma_FA_HN15_2_linfoides_mieloides.csv,6179.870186390361,2443.863059799148,8024.958287513888,5709.01574319796,7431.739035743635,8528.754847538485,5791.0409620328655,3772.517193142117,3148.486108053798,5024.0442809659535,2646.5857375730357,8089.151224637767,5800.921161309066,4853.109988711298,2940.6586820895523,2819.296397549166,3287.737765637349,6188.089109452036,6780.375082498496,3116.1784932814357,5935.603810948431,4145.834246469444,8060.731274292405,2778.0797497030467,6613.144287303814,8135.394710725355,4129.979728934672,6152.940754298681,5907.251119023613,6720.1735350467725,4783.8866500894155,4292.478790671556,6116.156098781057,4272.733212432749,7972.051678568845,4362.068188967063,0.0,5892.516160015907,2284.1344699725973,5642.342137709571,5064.468058431383,4562.325398110459,4911.711427402499,3720.6890894202525,5549.17399037299,5728.448136354979,3347.880666396748
stroma_ad_dysplasia_FA_HN15_1_linfoides_mieloides.csv,2665.1181311479368,4067.9942550593696,2383.9255580861713,10338.688027148111,2421.0154351785177,2857.9137729002123,3137.0444769167234,3208.6140498821646,7156.269569256708,1509.4525783478969,3551.1175871588503,2434.502800881548,1290.3389317960098,2202.58929650354,4364.272653626161,4478.973914082694,6658.9812078562245,3867.633403895927,9952.564020334068,4711.207476067344,3245.8412139680013,8455.9506273391,4145.716663241451,6816.9333998617385,2464.1238144775116,2457.881829853034,4323.7460976691345,1239.2406163684946,9028.115693192849,1103.399245993275,4201.382558017982,3543.30537471193,9061.7557834172,8809.878488602004,3271.915635856021,8013.609402084772,5892.516160015907,0.0,4502.097234341549,3802.264606023729,4465.372169729457,2234.3438867035006,1441.7862343771046,8326.458261410298,1334.2906026720386,3036.9305240257963,3940.172577996086
dysplasia_FA_HN15_2_linfoides_mieloides.csv,5121.072210324384,1174.5733032142437,6178.986541049392,7340.363591962252,6228.71312559863,6793.385167017903,4097.541484242474,3189.394853768539,4843.238113661709,3392.6514878007865,2353.912425271432,6275.1801539649605,4423.556664915983,3747.8978519732464,3205.000044917769,2668.103687280526,4196.60321662571,4352.3875033415125,7300.691862077613,3096.20748918608,4568.069173532819,5585.638427946255,7054.719906957578,4033.209850638777,5323.078760559384,6372.781356580345,2734.8117453109826,4362.416486711183,6747.8090113911485,4912.829787335563,4472.361240980716,2613.9104937608167,6708.048447598852,6206.186707411759,6839.250713902552,5151.745937083311,2284.1344699725973,4502.097234341549,0.0,5063.1953482219305,5134.791675252856,3374.8174041312723,4073.18389525378,5619.579366360257,4873.8808886611805,4079.66386362996,2738.847535679755
dysplasia_FA_HN11A_3_linfoides_mieloides.csv,1874.7713134169692,4464.913161429331,5265.075709301873,9407.050023504915,5513.273764338703,6088.6266305478375,4909.731293795827,5280.524242900658,5817.842176019971,3614.8346887553826,4561.068850952419,5077.678909961912,2923.6557570055484,2459.218716678789,5074.493205844895,3642.1057788552475,7285.466161568069,3434.975374473573,10500.652160761923,4808.487591374844,1217.8508362216523,8103.475618139828,7085.8714493813295,4875.7686449941675,6020.332223309363,5657.165563716729,5683.344026912166,4246.877972583272,8800.826629492849,4369.234664819008,1363.8342584815102,5210.005724511557,9336.901099508214,7508.486386148383,6984.134223910029,9112.077279129908,5642.342137709571,3802.264606023729,5063.1953482219305,0.0,6189.942139066104,2397.477775808069,2807.6537546626087,7052.600487809985,2873.205552090076,3218.174053016421,4339.226377336278
stroma_ad_dysplasia_FA_HN14_4_linfoides_mieloides.csv,5809.730214733006,5001.064787908291,6449.342709289899,6740.639182981521,4610.697769054542,6342.872806927088,4806.186968394142,2271.6608450821445,5448.8112707161945,4334.575358119607,4048.639004774749,6251.44501472836,5496.049152847892,5531.984623460536,2994.8644753646754,4559.817347511387,3489.8931038218793,7100.5952610328395,6171.896074171955,2754.0385260487988,5820.632610340821,4913.232375677726,4182.852796398191,5855.35844553798,3534.009793844935,6239.147360326451,3543.269929303434,4834.805793303278,5099.975151289616,5311.539324696964,6140.876934025609,4434.475073385656,5199.338813754992,5827.607775333745,4205.635716587083,5047.211403384067,5064.468058431383,4465.372169729457,5134.791675252856,6189.942139066104,0.0,4540.32124930437,3953.908451609978,5377.128826816467,4591.380384385242,5749.16146170815,3306.388795291664
carcinoma_FA_HN11A_5_linfoides_mieloides.csv,2403.631326340392,2959.2317515561344,4066.270433854163,9036.387425567198,4023.0121255120903,4820.348505735969,3053.9103664371682,3156.8488971392135,5777.469583872325,1848.1563068180776,2897.9672080585215,4020.490033956417,2174.1127912346337,1905.3597827268798,3429.238592484227,2950.423671991672,5502.600257016571,3309.807546810307,8830.065778627752,3480.365355768286,2197.187845169603,7142.8700899737505,5587.093441849189,5184.924668007044,4197.4890668967355,4363.097708662633,3564.4353630041696,2620.6240805988273,7847.012149903316,2911.966027487693,2316.4613487061542,2992.620231581234,7917.646205690939,7441.024361675082,5334.0008177257705,7133.408393866665,4562.325398110459,2234.3438867035006,3374.8174041312723,2397.477775808069,4540.32124930437,0.0,1231.2155456476632,6867.542211261865,1871.9998247959,2464.591129730412,2885.653494814139
