,topology_carcinoma_9_clean_t.csv,topology_carcinoma_20_clean_t.csv,topology_dysplasia_14_clean_t.csv,topology_dysplasia_15_clean_t.csv,topology_ad_carcinoma_13_clean_t.csv,topology_dysplasia_1_clean_t.csv,topology_ad_dysplasia_4_clean_t.csv,topology_carcinoma_14_clean_t.csv,topology_dysplasia_2_clean_t.csv,topology_ad_dysplasia_1_clean_t.csv,topology_ad_carcinoma_14_clean_t.csv,topology_dysplasia_12_clean_t.csv,topology_carcinoma_2_clean_t.csv,topology_ad_carcinoma_3_clean_t.csv,topology_ad_carcinoma_11_clean_t.csv,topology_dysplasia_5_clean_t.csv,topology_ad_dysplasia_10_clean_t.csv,topology_ad_dysplasia_8_clean_t.csv,topology_ad_carcinoma_4_clean_t.csv,topology_carcinoma_12_clean_t.csv,topology_ad_carcinoma_15_clean_t.csv,topology_ad_dysplasia_2_clean_t.csv,topology_carcinoma_13_clean_t.csv,topology_dysplasia_7_clean_t.csv,topology_carcinoma_18_clean_t.csv,topology_carcinoma_19_clean_t.csv,topology_ad_carcinoma_7_clean_t.csv,topology_carcinoma_7_clean_t.csv,topology_carcinoma_5_clean_t.csv,topology_carcinoma_6_clean_t.csv,topology_carcinoma_10_clean_t.csv,topology_dysplasia_4_clean_t.csv,topology_carcinoma_11_clean_t.csv,topology_ad_dysplasia_7_clean_t.csv,topology_ad_dysplasia_3_clean_t.csv,topology_ad_carcinoma_8_clean_t.csv,topology_carcinoma_16_clean_t.csv,topology_carcinoma_8_clean_t.csv,topology_dysplasia_10_clean_t.csv,topology_dysplasia_19_clean_t.csv,topology_ad_dysplasia_6_clean_t.csv,topology_ad_carcinoma_5_clean_t.csv,topology_ad_carcinoma_10_clean_t.csv,topology_ad_dysplasia_9_clean_t.csv,topology_ad_dysplasia_5_clean_t.csv,topology_carcinoma_1_clean_t.csv,topology_ad_carcinoma_2_clean_t.csv,topology_carcinoma_3_clean_t.csv,topology_dysplasia_17_clean_t.csv,topology_ad_carcinoma_9_clean_t.csv,topology_ad_carcinoma_12_clean_t.csv,topology_ad_carcinoma_1_clean_t.csv,topology_dysplasia_9_clean_t.csv,topology_dysplasia_8_clean_t.csv,topology_dysplasia_18_clean_t.csv,topology_dysplasia_13_clean_t.csv,topology_carcinoma_4_clean_t.csv,topology_dysplasia_3_clean_t.csv,topology_dysplasia_16_clean_t.csv,topology_dysplasia_11_clean_t.csv,topology_dysplasia_6_clean_t.csv,topology_carcinoma_17_clean_t.csv,topology_ad_carcinoma_6_clean_t.csv,topology_carcinoma_15_clean_t.csv
topology_carcinoma_9_clean_t.csv,1.4088197442902384e-308,168.6941530535751,139.2316061122719,136.66312029560885,151.79784208227682,78.91769991580696,168.69415305357512,120.72316167739129,80.7359254101857,120.92801367555666,168.69415305357512,162.3583318503321,82.39861579985063,101.87590446312447,42.44581072681841,103.74732417808329,95.4023010106196,168.69415305357512,168.69415305357512,130.15138090921135,434.4064584541783,126.65588391699563,134.3726841950787,108.71237527826653,69.51655930086804,30.666723687438548,146.08565150259426,52.02319519568948,54.56605570211485,62.8390767076645,31.603045099624623,44.039644635266654,95.36064154854844,135.82725269266172,108.55987843393854,168.69415305357512,168.69415305357512,82.5578758000438,157.58727549204127,116.83208703758984,138.06621357026148,168.69415305357512,168.69415305357512,145.6737573010438,168.69415305357512,110.71662760946961,99.73991254257356,61.06514651061815,132.76539037435055,138.9201253416204,102.59708077586171,118.25243467208264,117.99971103892159,125.74133848308287,130.21784336802176,109.29160375017327,47.38972464091472,125.66303139219056,138.7394551791241,127.82139109312416,120.89354255579235,168.69415305357512,151.79784208227682,80.05699391714
topology_carcinoma_20_clean_t.csv,168.6941530535751,1.3290861946890423e-308,65.1176754307242,114.96098507343599,88.78909252883662,143.01294391664237,42.11645874303616,80.12669390372739,112.51837612782252,78.67958793660853,37.0943468120713,47.45132308638293,121.13477379969743,96.02232396812755,175.42363527247272,133.85058717091246,97.85200052738864,49.563847709890965,35.709756055618136,87.8514139597566,434.4064584541783,150.3702276740671,58.881617342929495,108.7581505468068,169.53077419120194,153.36079120985582,91.79928961494204,170.67354609619724,185.2807119328006,193.82090692588545,158.76845259009866,165.84167940851174,112.96116256834952,57.42704884534651,94.49443263498378,18.575947427263486,36.22659159929785,122.55581214517969,48.82163568278921,81.59188978902498,67.49770115369168,28.371953128324137,31.410870300277082,51.93894049049911,43.21664201599016,86.94941830726297,147.4343761819124,132.1891550273901,70.69936631013503,58.61605769407916,160.73723959448142,104.07393279077894,77.69506943813872,142.13179528011253,103.04405396215256,113.0567364113245,144.99929073311773,74.39732396123858,64.22792440232251,84.00747073784189,72.36075898221587,19.19081822476481,72.01835815085886,149.93895080470514
topology_dysplasia_14_clean_t.csv,139.2316061122719,65.1176754307242,7.32738568499684e-309,60.93828964769966,76.67070017448961,88.99024849090603,46.75230677866722,33.32071661413288,58.704423230036014,47.532887384967765,91.70196937180154,38.022196606638246,72.67228052465444,41.99962854239121,152.69057055006715,86.93445348809675,43.829305101652295,75.14529600504915,46.18409682227045,48.52153558879523,434.4064584541783,102.58375535325587,41.84295693878171,54.73545512107046,140.9048483875256,108.56488242483334,39.0629889640136,143.19039219751613,172.40472387072293,189.4851138568926,119.38020518531903,146.2518540624933,64.49866929330653,37.21939329035136,40.471737209247436,56.62979440008803,48.539542568846656,82.10169647420426,42.7904476441265,22.399519074682047,22.315345416241158,64.70019736345881,40.43466831078828,67.19683289508137,75.37816090821315,63.913574948364484,96.7120523689465,84.31013411902737,27.87122405717816,31.14158158513841,123.31777919408455,50.051237365042596,55.93464334710009,88.10909985437621,49.021358536416216,57.118174673582075,109.13148612647169,51.5240460959118,43.197486687888954,43.19796926271263,40.370799394363715,58.77428748664909,97.87882419786465,101.72120161453199
topology_dysplasia_15_clean_t.csv,136.66312029560885,114.96098507343599,60.93828964769966,9.162409181517023e-309,62.68499905961326,69.42496826051581,107.69059642636688,43.83410299978766,67.74401069236504,44.177991137801214,129.54749482128898,84.06501538575986,86.00115642753602,59.16588636001859,138.07392102712936,100.76861047288008,54.06412617628379,112.91451015481084,103.43335763649912,44.69359508043813,434.4064584541783,41.645465705556205,56.079367730506505,54.756220630622934,79.96655873982593,113.00831828010547,40.67075431886664,151.73206676334758,111.46643422302327,147.34035044355898,125.14072662901759,157.11150580352347,74.17150469090211,57.53393622808949,35.35278668960646,96.38503764617252,96.15053658688143,94.32054145850358,79.29395902746907,45.29929888508525,59.77289710568925,115.16228855073419,98.8615502158672,63.0220445829369,116.22112712443527,73.62854885558664,95.12869679864917,99.2933136234204,54.47207390977832,60.62680887704818,62.37948954638489,58.47535820485237,55.073914081918716,31.673248250564058,49.14809337662939,76.76414550738477,118.17107358880071,51.01711806980559,60.446138714551864,63.532901704196405,42.60022609122012,102.02163064780666,78.55234980812014,72.76530325178948
topology_ad_carcinoma_13_clean_t.csv,151.79784208227682,88.78909252883662,76.67070017448961,62.68499905961326,6.182021060200873e-309,115.16573386636912,81.5187038817675,91.79630093278632,112.13485143592695,94.68254389599761,116.4615485489893,73.77860230827739,122.12711596255386,104.9066519658719,152.5032424480371,133.85058717091243,93.75615324509016,86.74261761021145,77.26146509189974,88.88569229810209,434.4064584541783,75.59202198830295,75.77742749825623,90.4827204906857,122.92551911437008,138.0096704836086,86.41151992471995,159.3323153161462,137.63832676762263,157.13645715625188,146.0366452489812,162.02203483623413,116.10151640053923,63.10158561952513,89.04901924463002,70.21314510157313,69.97864404228204,123.0245543618943,75.48766809013526,91.04006449093856,76.94587585560527,88.9903960061348,72.68965767126781,54.482561396265666,90.04923457983588,97.9127941619245,131.03063033379698,127.27780829118754,73.99894903862128,65.54524123456858,105.30593705282197,104.21612381070568,87.1432441400523,75.84503737128665,94.8888589824827,121.84835468816479,140.71939045417872,85.89236217405198,76.45775356093318,100.12229366331422,75.32632710133666,75.84973810320727,35.98909016321649,118.50606885764279
topology_dysplasia_1_clean_t.csv,78.91769991580696,143.01294391664237,88.99024849090603,69.42496826051581,115.16573386636912,7.57854181427605e-309,135.74255526957324,70.48180405602542,30.494567788819836,70.68665605419079,143.57347424289216,112.11697422896623,33.00203852162059,46.99061994851482,72.20556640497134,45.5002437078532,45.16094338925373,140.9664689980172,131.4853164797055,60.631885683470614,434.4064584541783,59.4177318819026,84.13132657371287,41.4742232431735,51.91459989661956,61.04033121303368,76.56615627685349,82.30709850283176,83.4144753798169,100.49486536598658,62.75058137309409,90.78255595878758,45.11928392718258,85.58589507129585,52.00151632860691,124.43699648937888,124.2024954300878,39.348665566658525,107.34591787067544,66.59072941622398,87.82485594889562,143.21424739394052,126.91350905907356,94.24206611342038,143.5734742428922,60.47526998810375,46.96403297171763,47.06302722110925,82.52403275298468,88.67876772025454,48.12674869258748,61.17419183793268,67.75835341755571,58.50318644798983,60.69834814228102,49.90098146514586,53.662188022765946,75.4216737708247,88.49809755775823,77.5800334717583,70.65218493442649,130.07358949101302,118.17876606473033,23.191614775919987
topology_ad_dysplasia_4_clean_t.csv,168.69415305357512,42.11645874303616,46.75230677866722,107.69059642636688,81.5187038817675,135.74255526957324,6.817540261773146e-309,65.58553464896758,105.24798748075341,67.86018354720517,47.25931216321236,43.69744868186925,110.31536941029407,88.75193532105843,175.42363527247272,124.57754237373638,90.58161188031951,44.77527487852092,17.532050468106135,80.58102531268747,434.4064584541783,149.3360621319231,51.611228695860376,101.48776189973768,169.53077419120194,153.36079120985585,84.52890096787291,170.67354609619724,185.2807119328006,193.82090692588548,158.76845259009866,165.84167940851177,102.14175817894616,50.15666019827739,87.22404398791465,34.20385595593734,48.37896010390307,114.40518254260883,45.31417636898402,69.15182585334927,47.91769932067763,24.40798278231823,32.28298150308834,44.66855184342998,30.935503699623965,78.69469627276126,143.46435914761372,124.91876638032096,59.87996192073169,47.7966533046758,160.73723959448142,96.80354414370981,67.9842018520175,134.86140663304343,95.77366531508343,103.8704814522493,139.42670154058442,63.577919571835224,47.244457711815016,71.38221357076688,65.09037033514676,31.867589937851022,64.74796950378973,148.4735083931992
topology_carcinoma_14_clean_t.csv,120.72316167739129,80.12669390372739,33.32071661413288,43.83410299978766,91.79630093278632,70.48180405602542,65.58553464896758,9.720739512311405e-309,43.56414559093008,29.216851538609404,108.33257221487946,41.6351701729408,53.03036986827405,23.491184107510605,134.18212611518652,58.9920077247688,25.320860666771694,78.31421612013008,66.5349526876953,38.709929615179306,434.4064584541783,84.07531091837527,30.574615243770182,36.22701068618986,122.39640395264499,90.05643798995274,49.039303936475704,124.68194776263553,153.8962794358423,170.97666942201198,100.87176075043843,118.30940829916537,45.220368845477935,42.66526793841551,36.66898356293474,71.63881287309121,54.58140678975525,72.47030009969382,44.85427299116827,18.733514187606374,36.4738702319157,82.29599190240054,56.43170500304814,68.38012909223173,91.22688743060817,48.916808410055324,78.2036079340659,63.91644960466766,29.51193490891697,41.94091208789112,104.80933475920395,40.80645670889638,46.19633112487172,69.60065541949561,44.06029315938159,38.609730238701474,81.18904036314373,38.896563653337566,53.20384777262967,30.912473894032757,26.45847551289748,73.78330595965227,105.38333343436625,83.21275717965139
topology_dysplasia_2_clean_t.csv,80.7359254101857,112.51837612782252,58.704423230036014,67.74401069236504,112.13485143592695,30.494567788819836,105.24798748075341,43.56414559093008,7.47176522458139e-309,40.192088265370955,128.32619034848224,81.62240644014639,26.16892654621782,36.72506386641285,94.19488984798096,37.58999488212305,43.112301129306516,110.47190120919737,100.99074869088565,63.86701080980089,434.4064584541783,56.39340777665697,53.63675878489303,38.44334081273132,82.4091676854394,64.89016254137545,79.80128140318376,85.33798093327394,113.90904316863674,130.98943315480642,60.88452448323284,90.71741997344984,33.04227662246552,61.77650337162906,53.10892175930195,94.19879570337719,93.70792764126796,51.14776688154083,76.8513500818556,49.495491654314435,63.693032012151264,113.0579693691086,96.41894127025371,84.979617408336,114.21317009236657,29.98070219928391,49.09588817497277,49.312518705924546,52.029464964164845,64.56062657562799,64.82209849199836,58.75844700044934,37.26378562873588,55.47230401754766,63.933473268611294,43.00723365076277,50.42706289643567,44.92710598200486,63.79663658530475,47.08546568293846,54.46692375659768,99.57902170219319,116.66332484950922,43.2255209124458
topology_ad_dysplasia_1_clean_t.csv,120.92801367555666,78.67958793660853,47.532887384967765,44.177991137801214,94.68254389599761,70.68665605419079,67.86018354720517,29.216851538609404,40.192088265370955,9.7469216538531e-309,108.23014621579678,41.43031817477544,44.09805846355562,26.317819873908576,134.38697811335192,59.749121099059494,31.50786380478265,81.32662760505067,68.33428371801875,35.379682241330414,434.4064584541783,84.28016291654063,22.972698878000813,36.431862684355224,122.60125595081035,90.26128998811811,51.31395283471329,124.8867997608009,154.1011314340077,171.18152142017738,101.0766127486038,116.09201642970288,43.81562560149743,47.03939092806104,49.49624003615074,68.82419924712414,53.515839375897,67.22234938779224,42.0396593652012,39.89803543537859,49.32527322764781,84.57064080063813,56.22685300488277,74.11375441401091,93.50153632884576,35.23736043263986,78.40845993223127,59.86286716493851,33.41528327147154,37.49493721866065,105.01418675736932,36.829497123087975,39.79199862810262,69.80550741766098,52.67125155961041,38.81458223686684,78.91439146490615,31.03766789431556,58.9001581377307,32.11625377696744,25.979595188127206,70.9686923336852,103.97602662138272,83.41760917781676
topology_ad_carcinoma_14_clean_t.csv,168.69415305357512,37.0943468120713,91.70196937180154,129.54749482128898,116.4615485489893,143.57347424289216,47.25931216321236,108.33257221487946,128.32619034848224,108.23014621579678,8.92232528534297e-309,72.33116809309536,127.49484515364979,120.07816426863477,175.42363527247272,135.06743094753514,120.99300254826531,39.14082173069647,48.62197424900819,115.99270926444929,434.4064584541783,150.3702276740671,95.9759641550008,126.44607755797439,169.53077419120194,153.36079120985585,117.96664709204201,170.67354609619724,185.2807119328006,193.82090692588545,158.76845259009866,165.84167940851174,121.01383227930089,94.52139565741783,119.31421860206288,55.67029423933479,58.89941340769478,127.41521515355322,72.76137285803824,110.27810953478019,94.08199509476901,36.89304333477312,56.29071530698952,89.03328730257041,35.83420476107204,113.3358392488403,147.4343761819124,138.16157979826602,97.583257975729,91.42852300845912,160.73723959448142,124.10396867996046,109.69429753411431,143.13289992462725,123.58902926564727,127.6374373342302,144.99929073311773,104.68561695788897,91.60919317095545,102.52725725695538,108.24738177567893,50.03370123770065,108.07618136000042,149.93895080470514
topology_dysplasia_12_clean_t.csv,162.3583318503321,47.45132308638293,38.022196606638246,84.06501538575986,73.77860230827739,112.11697422896623,43.69744868186925,41.6351701729408,81.62240644014639,41.43031817477544,72.33116809309536,1.5371485518205547e-308,80.35491154166695,65.12635428045141,175.42363527247272,95.1048876382522,66.9560308397125,72.40806631527562,41.361253413229704,56.955444272080456,434.4064584541783,125.71048109131607,27.98564765525336,77.86218085913066,164.0315741255858,131.69160816289354,60.9033199272659,166.31711793557633,185.2807119328006,193.82090692588548,142.50693092337923,156.65338456020538,69.68394766887067,33.594040314710114,63.59846294730764,35.97047115055753,33.19180703407635,87.78943792794598,15.102337158950206,45.52624481274225,42.871017419171096,53.342375950412546,35.13423911960399,68.58328737578023,62.273271478620174,51.64170424086248,119.8387781070067,101.29318533971394,29.592941475981547,23.438206508711687,146.44450493214475,73.1779631031028,44.3586208114105,111.23582559243641,72.14808427447642,80.24490041164228,114.96860720941737,36.69530045814153,55.45516470012555,44.840729523497885,41.46478929453974,36.478826937791695,84.35537338301853,124.8479273525922
topology_carcinoma_2_clean_t.csv,82.39861579985063,121.13477379969743,72.67228052465444,86.00115642753602,122.12711596255386,33.00203852162059,110.31536941029407,53.03036986827405,26.16892654621782,44.09805846355562,127.49484515364979,80.35491154166695,1.5823618894269096e-308,54.40570071484882,95.85758023764589,47.357898048818555,51.757110814861136,120.02961702113913,112.43234218157437,78.94856310605505,434.4064584541783,76.57016057945125,65.42788474108971,52.663548824974214,84.07185807510433,51.73189211241208,93.76913869780219,86.35740188509487,115.57173355830167,132.65212354447135,62.54721487289777,79.7898377473606,34.72996794021783,76.8354030647818,60.51062521786274,108.09601836766413,92.04523725160303,44.91949107728068,80.46333676707764,65.08001420537471,83.03484812246364,121.1970987396758,94.7562508805888,94.65887473272062,122.12711596255386,43.89789682060302,58.122241226621526,57.4830657423019,66.75451321013142,79.2017365913762,66.48478888166329,70.12210535695533,54.5133221872743,69.98941784650339,77.90133056322972,56.9750909453812,37.18454898324978,60.568291116028604,79.0211490892531,52.294029783849396,69.32032941608372,109.75831022998648,122.12711596255386,50.71594051968631
topology_ad_carcinoma_3_clean_t.csv,101.87590446312447,96.02232396812755,41.99962854239121,59.16588636001859,104.9066519658719,46.99061994851482,88.75193532105843,23.491184107510605,36.72506386641285,26.317819873908576,120.07816426863477,65.12635428045141,54.40570071484882,6.24283910570537e-309,110.69094200767594,63.82156462177471,23.347834126808138,93.97584904950239,84.49469653119067,32.796315475610726,434.4064584541783,60.58412681086466,37.14070662519805,31.215141342676276,98.90521984513438,81.56689365554098,44.20974703946979,101.19076365512493,130.4050953283317,147.48548531450137,84.463775698841,123.13896519617128,43.540354085846445,52.27068444572103,35.32399973224733,86.97059623332214,77.21187548157297,69.9663463162243,60.35529792216062,21.591042560363142,40.8342360003808,96.22362744542573,79.92288911055874,75.69628863883287,105.71896274144726,49.58325096408015,54.712423826555295,67.6978579107332,36.312238029059756,41.68814777173972,81.31815065169334,37.10476863873896,44.276271820826324,48.24410454749261,40.87667214545755,19.825650755470434,86.01859726014965,33.66168959366567,51.54813380291398,31.220670105696797,36.5724091656264,89.1150893198832,113.04922511448171,59.721573072140785
topology_ad_carcinoma_11_clean_t.csv,42.44581072681841,175.42363527247272,152.69057055006715,138.07392102712936,152.5032424480371,72.20556640497134,175.42363527247272,134.18212611518652,94.19488984798096,134.38697811335192,175.42363527247272,175.42363527247272,95.85758023764589,110.69094200767594,1.9547348921987045e-308,102.33775321367696,108.86126544841485,175.42363527247272,175.42363527247272,124.20646763283713,434.4064584541783,128.06668464851612,147.83164863287396,110.12317600978704,64.46959734532939,57.14839630851411,132.35602699480046,45.64637724319218,73.11225107993707,52.65883902355267,70.92564440792768,60.59908329997603,108.8196059863437,149.28621713045698,112.21883334081971,175.42363527247272,175.42363527247272,96.01684023783906,171.04623992983653,130.29105147538507,151.52517800805674,175.42363527247272,175.42363527247272,154.77432548530436,175.42363527247272,124.17559204726487,99.89694136341663,74.52411094841341,146.2243548121458,152.37908977941566,91.09548979163256,129.35597090619018,131.45867547671685,127.15213921460338,117.3502758636302,106.3139802241866,60.84868907870998,139.1219958299858,152.19841961691935,141.2803555309194,134.3525069935876,175.42363527247272,152.5032424480371,90.22900053555574
topology_dysplasia_5_clean_t.csv,103.74732417808329,133.85058717091246,86.93445348809675,100.76861047288008,133.85058717091243,45.5002437078532,124.57754237373638,58.9920077247688,37.58999488212305,59.749121099059494,135.06743094753514,95.1048876382522,47.357898048818555,63.82156462177471,102.33775321367696,6.717380284186425e-309,52.753222833643235,131.68106282844013,120.07051407464058,92.09704106786162,434.4064584541783,90.76137409426687,79.69005770453202,72.81786545553777,68.9266864873336,95.23715868981793,108.0313116612445,94.00953896950446,100.42656197053094,117.50695195670062,85.60243268920337,101.9817021229255,52.63658559280063,93.87340855858253,72.66536861120977,128.5733203461836,111.51591426284767,73.6519097923429,101.7887804642607,77.72552191237517,91.923062270212,133.85058717091243,111.0743464225481,109.77924747831506,133.85058717091243,60.107500769694894,36.87282685387581,67.50570738900043,72.51042704011212,80.96413484416482,51.33961729389256,63.25473982445021,62.109370075658624,89.8468286603541,92.16350352667203,71.23726390882351,72.8200286394567,65.93005662079241,80.73367449994188,61.88646809954204,82.69695401465842,130.71781343274466,133.85058717091243,42.00265407579025
topology_ad_dysplasia_10_clean_t.csv,95.4023010106196,97.85200052738864,43.829305101652295,54.06412617628379,93.75615324509016,45.16094338925373,90.58161188031951,25.320860666771694,43.112301129306516,31.50786380478265,120.99300254826531,66.9560308397125,51.757110814861136,23.347834126808138,108.86126544841485,52.753222833643235,1.453630067485891e-308,95.80552560876347,86.32437309045176,40.25654742950732,434.4064584541783,58.75445025160357,38.97038318445914,35.77501315240826,97.0755432858733,72.33980176493353,58.881173202971965,103.71667912411073,128.5754187690706,145.6558087552403,79.64372436354438,111.15789421275088,42.721457465957926,54.719471400695866,42.95794471109353,79.27605310012515,79.04155204083406,57.630302759467014,62.184974481421705,29.954622023328795,42.663912559641886,98.05330400468682,81.75256566981983,80.24807167889179,99.1121425783879,45.77467392695782,52.88274726729421,62.87780657543658,44.72097059238533,44.67928070626493,79.48847409243226,43.54482532727019,46.01328617423479,44.279794752723916,50.42778401304356,32.465541129308235,74.03752627672924,39.37473072926019,63.11909337237013,32.41909008250457,30.856460376304113,84.9126461017593,107.47397575409084,57.8918965128797
topology_ad_dysplasia_8_clean_t.csv,168.69415305357512,49.563847709890965,75.14529600504915,112.91451015481084,86.74261761021145,140.9664689980172,44.77527487852092,78.31421612013008,110.47190120919737,81.32662760505067,39.14082173069647,72.40806631527562,120.02961702113913,93.97584904950239,175.42363527247272,131.68106282844013,95.80552560876347,1.055984392179124e-308,45.19340085376339,85.80493904113143,434.4064584541783,150.3702276740671,70.16755262444966,106.71167562818164,169.53077419120194,153.36079120985585,89.75281469631688,170.67354609619724,185.2807119328006,193.82090692588548,158.76845259009866,165.84167940851177,112.17302831636363,55.380573926721354,92.44795771635862,50.95748402132024,65.73251994221303,122.55581214517969,73.77940347576026,76.70810972030358,63.15318054145152,44.627592243456505,51.36926177197954,49.89246557187394,36.421073252987455,95.78800892946799,147.4343761819124,130.14268010876492,69.59420953157675,64.64573324679168,160.73723959448142,102.02745787215378,76.01509196264544,140.0853203614874,100.9975790435274,109.09439518069325,143.81810197846835,79.90362659169347,60.53309993092955,89.85171333454264,72.66684421655191,54.16458965336754,69.9718832322337,149.93895080470514
topology_ad_carcinoma_4_clean_t.csv,168.69415305357512,35.709756055618136,46.18409682227045,103.43335763649912,77.26146509189974,131.4853164797055,17.532050468106135,66.5349526876953,100.99074869088565,68.33428371801875,48.62197424900819,41.361253413229704,112.43234218157437,84.49469653119067,175.42363527247272,120.07051407464058,86.32437309045176,45.19340085376339,5.999469790451183e-309,76.32378652281972,434.4064584541783,145.07882334205533,49.38267353639034,97.23052310986992,169.53077419120194,151.0599504136328,80.27166217800516,170.67354609619724,185.2807119328006,193.82090692588548,158.76845259009866,165.84167940851177,105.09437937745855,45.89942140840964,82.9668051980469,23.805574512515534,45.29384887516599,119.5367487051291,44.26038710213204,64.89458706348151,48.56412254523792,21.21748555252877,22.268082992194717,40.73094561080478,30.1483810807364,81.40456545096367,139.20712035774596,125.72449937745876,55.372933621635894,43.28962500558001,160.73723959448142,92.54630535384206,63.726963062149764,130.60416784317567,91.51642652521568,99.61324266238154,139.42670154058442,60.03588424187578,47.80434754002036,77.40184934948815,60.833131545279,22.514208108559014,60.49073071392198,144.21626960333145
topology_carcinoma_12_clean_t.csv,130.15138090921135,87.8514139597566,48.52153558879523,44.69359508043813,88.88569229810209,60.631885683470614,80.58102531268747,38.709929615179306,63.86701080980089,35.379682241330414,115.99270926444929,56.955444272080456,78.94856310605505,32.796315475610726,124.20646763283713,92.09704106786162,40.25654742950732,85.80493904113143,76.32378652281972,1.105946190730603e-308,434.4064584541783,68.75503681923561,28.969796616827097,33.74824330635752,107.07612985350534,109.13131839754132,35.78669940703837,124.71902572332894,138.57600533670268,155.65639532287236,109.83903213954201,151.41444164225817,73.60801908715379,36.2497247779512,49.6662377315909,70.94963656555231,69.04096547320201,91.13784898022885,52.184387913789664,42.62283003145055,49.38666835453604,88.05271743705478,71.75197910218779,63.371283638193674,89.69800307367743,49.918205160658914,62.88333383492625,92.24072030193943,32.972048767175664,33.51723776336877,89.4890606600643,28.842301243411413,29.98767099220299,54.28038132035596,51.8399243103774,33.61921881513601,114.29407370623656,31.09741826596047,57.17845617075946,49.03860947204515,20.583550529670944,74.91205953412724,105.03874528059679,67.89248308051174
topology_ad_carcinoma_15_clean_t.csv,434.4064584541783,434.4064584541783,434.4064584541783,434.4064584541783,434.4064584541783,434.4064584541783,434.4064584541783,434.4064584541783,434.4064584541783,434.4064584541783,434.4064584541783,434.4064584541783,434.4064584541783,434.4064584541783,434.4064584541783,434.4064584541783,434.4064584541783,434.4064584541783,434.4064584541783,434.4064584541783,1.3450932867525884e-308,434.4064584541783,434.4064584541783,434.4064584541783,434.4064584541783,434.4064584541783,434.4064584541783,434.4064584541783,434.4064584541783,434.4064584541783,434.4064584541783,434.4064584541783,434.4064584541783,434.4064584541783,434.4064584541783,434.4064584541783,434.4064584541783,434.4064584541783,434.4064584541783,434.4064584541783,434.4064584541783,434.4064584541783,434.4064584541783,434.4064584541783,434.4064584541783,434.4064584541783,434.4064584541783,434.4064584541783,434.4064584541783,434.4064584541783,434.4064584541783,434.4064584541783,434.4064584541783,434.4064584541783,434.4064584541783,434.4064584541783,434.4064584541783,434.4064584541783,434.4064584541783,434.4064584541783,434.4064584541783,434.4064584541783,434.4064584541783,434.4064584541783
topology_ad_dysplasia_2_clean_t.csv,126.65588391699563,150.3702276740671,102.58375535325587,41.645465705556205,75.59202198830295,59.4177318819026,149.3360621319231,84.07531091837527,56.39340777665697,84.28016291654063,150.3702276740671,125.71048109131607,76.57016057945125,60.58412681086466,128.06668464851612,90.76137409426687,58.75445025160357,150.3702276740671,145.07882334205533,68.75503681923561,434.4064584541783,1.112070047328354e-308,97.72483343606271,47.84830023218541,68.9112379811821,101.6577153643974,64.80716116405017,141.72483038473433,96.91763468530266,137.33311406494573,115.13349025040438,147.10426942491023,64.56043416231077,99.17940193364569,62.11201814400843,138.03050335172873,137.7960022924376,84.42668507508114,120.93942473302528,80.18423627857382,101.41836281124546,150.3702276740671,140.50701592142337,104.6675102884931,150.3702276740671,74.06877685045359,85.12146042003596,89.86231777533564,96.11753961533452,102.27227458260438,47.32750034657769,52.53251798821327,81.35186027990557,34.04462313063922,53.56239681683965,66.75690912877155,106.82047067309264,89.01518063317454,102.09160442010807,91.17354033410814,84.24569179677633,143.66709635336287,86.0164662040381,62.75806687317626
topology_carcinoma_13_clean_t.csv,134.3726841950787,58.881617342929495,41.84295693878171,56.079367730506505,75.77742749825623,84.13132657371287,51.611228695860376,30.574615243770182,53.63675878489303,22.972698878000813,95.9759641550008,27.98564765525336,65.42788474108971,37.14070662519805,147.83164863287396,79.69005770453202,38.97038318445914,70.16755262444966,49.38267353639034,28.969796616827097,434.4064584541783,97.72483343606271,6.91890312674843e-309,49.8765332038773,136.0459264703324,103.70596050764019,35.57953541228137,138.33147028032295,167.54580195352975,184.62619193969942,114.52128326812587,139.0074582789286,59.05499872276624,35.59397295236005,45.153151519486215,50.34897850806117,40.071168856374925,76.14667215086797,23.56443862613824,35.04786300262309,43.34717481792859,61.59794192263733,42.78218248536069,63.0035549903167,72.15252194022233,49.12717524679374,91.85313045175334,78.21347926423488,26.19044532588579,24.78863293658617,118.4588572768914,45.19231544784944,30.118808725390096,83.25017793718305,49.32476547891498,54.21987687262714,101.88709034290696,22.218746711765277,54.0789030791133,39.0315280954035,13.479141639286382,52.493471594622235,91.74507058635996,96.86227969733883
topology_dysplasia_7_clean_t.csv,108.71237527826653,108.7581505468068,54.73545512107046,54.756220630622934,90.4827204906857,41.4742232431735,101.48776189973768,36.22701068618986,38.44334081273132,36.431862684355224,126.44607755797439,77.86218085913066,52.663548824974214,31.215141342676276,110.12317600978704,72.81786545553777,35.77501315240826,106.71167562818164,97.23052310986992,33.74824330635752,434.4064584541783,47.84830023218541,49.8765332038773,9.47532679625892e-309,86.16939326645513,82.95734344385198,54.30639224124181,123.78132174600526,117.66926874965247,134.74965873582215,97.18998161167528,129.16076078618113,50.812705459076284,51.331101701460284,50.01142227990586,90.18220311954332,89.94770206025223,71.97351871147049,73.09112450083987,39.19310245003675,53.57006257906005,108.95945402410499,92.658715689238,73.43691928132446,110.01829259780607,30.89454066723752,67.17795178130686,65.9557060208586,48.26923938314911,54.42397435041897,68.58232407301409,38.89774657971057,33.50356004772016,33.693423253862335,54.85237465496371,48.813400490042454,88.12009875254722,41.16688040098913,63.89703079069281,43.32524010192273,36.39739156459092,95.81879612117746,97.15154696894464,46.985746493461534
topology_carcinoma_18_clean_t.csv,69.51655930086804,169.53077419120194,140.9048483875256,79.96655873982593,122.92551911437008,51.91459989661956,169.53077419120194,122.39640395264499,82.4091676854394,122.60125595081035,169.53077419120194,164.0315741255858,84.07185807510433,98.90521984513438,64.46959734532939,68.9266864873336,97.0755432858733,169.53077419120194,169.53077419120194,107.07612985350534,434.4064584541783,68.9112379811821,136.0459264703324,86.16939326645513,2.183117196607993e-308,57.85485688531804,103.1282541983199,72.81359240355226,46.44333038019657,68.42187608376366,49.757822153969215,86.40977923791078,97.03388382380214,137.50049496791542,100.43311117827815,169.53077419120194,169.53077419120194,84.2311180752975,159.26051776729497,118.50532931284354,139.73945584551518,169.53077419120194,169.53077419120194,142.9886033227628,169.53077419120194,112.38986988472331,49.471797187004256,62.73838878587185,134.43863264960424,140.5933676168741,58.32068707857849,90.853611022483,119.67295331417527,67.99669254726933,91.88348985110937,83.78667371394351,49.289411301889146,127.33627366744426,140.4126974543778,129.49463336837783,122.56678483104605,169.53077419120194,122.92551911437008,39.1836467729936
topology_carcinoma_19_clean_t.csv,30.666723687438548,153.36079120985582,108.56488242483334,113.00831828010547,138.0096704836086,61.04033121303368,153.36079120985585,90.05643798995274,64.89016254137545,90.26128998811811,153.36079120985585,131.69160816289354,51.73189211241208,81.56689365554098,57.14839630851411,95.23715868981793,72.33980176493353,153.36079120985585,151.0599504136328,109.13131839754132,434.4064584541783,101.6577153643974,103.70596050764019,82.95734344385198,57.85485688531804,2.214523181495348e-308,125.0655889909242,42.64528966507521,63.83984144588959,80.92023143205927,19.179397776348992,48.02472870525111,64.6939178611099,121.8842309736423,85.52163357255392,144.0116304233062,143.77712936401508,51.891152112605255,126.92055180460275,94.75979924205487,108.9573395998917,153.36079120985585,146.48814299300085,122.43288548157861,153.36079120985585,80.04990392203106,91.2297470543082,53.8883101377116,108.10345338397369,108.25340165418186,94.39317376738236,109.74226918381729,88.83149527963651,98.66114543731084,109.19778085635173,94.93626637398131,40.10645163556525,94.99630770475201,121.8410795528716,97.15466740568561,99.73123134433811,149.64822342494034,138.0096704836086,72.45788678638775
topology_ad_carcinoma_7_clean_t.csv,146.08565150259426,91.79928961494204,39.0629889640136,40.67075431886664,86.41151992471995,76.56615627685349,84.52890096787291,49.039303936475704,79.80128140318376,51.31395283471329,117.96664709204201,60.9033199272659,93.76913869780219,44.20974703946979,132.35602699480046,108.0313116612445,58.881173202971965,89.75281469631688,80.27166217800516,35.78669940703837,434.4064584541783,64.80716116405017,35.57953541228137,54.30639224124181,103.1282541983199,125.0655889909242,1.896928905580726e-308,140.65329631671182,134.62812968151724,151.70851966768691,125.77330273292489,157.9868855085952,85.59552746645429,34.372240769595514,42.19748940107539,73.22334218767854,72.98884112838746,103.08325834999454,56.132263568975105,36.85728020556438,36.61120164719529,92.00059309224022,75.69985475737323,49.681391324301615,93.0594316659413,78.2564374975922,71.1584848073687,106.13512417481545,43.33373120823981,37.46511341855421,85.54118500487886,44.77657183679429,53.48472642229938,50.332505665170515,34.27873963893249,36.794047752420994,130.22834429961944,54.611346594402434,38.20701640321124,68.16079034620196,37.767320152471456,78.85993518931268,103.80165909390573,68.23634301201659
topology_carcinoma_7_clean_t.csv,52.02319519568948,170.67354609619724,143.19039219751613,151.73206676334758,159.3323153161462,82.30709850283176,170.67354609619724,124.68194776263553,85.33798093327394,124.8867997608009,170.67354609619724,166.31711793557633,86.35740188509487,101.19076365512493,45.64637724319218,94.00953896950446,103.71667912411073,170.67354609619724,170.67354609619724,124.71902572332894,434.4064584541783,141.72483038473433,138.33147028032295,123.78132174600526,72.81359240355226,42.64528966507521,140.65329631671182,1.9012974878005424e-308,59.84336776768481,46.29472165937648,47.43485727752426,49.64517574108184,99.31942763379269,144.83686484905002,123.62882490167726,170.67354609619724,170.67354609619724,86.51666188528804,161.5460615772855,120.79087312283409,142.02499965550572,170.67354609619724,170.67354609619724,159.3323153161462,170.67354609619724,114.67541369471385,79.27954799660256,65.02393259586239,136.7241764595948,142.87891142686465,95.91299876101434,115.17799108783075,121.95849712416583,140.8102849508216,124.78548818213935,103.85924856429082,52.18489525772931,129.62181747743477,142.69824126436833,131.78017717836838,129.13858956895535,170.67354609619724,159.3323153161462,82.32126579355588
topology_carcinoma_5_clean_t.csv,54.56605570211485,185.2807119328006,172.40472387072293,111.46643422302327,137.63832676762263,83.4144753798169,185.2807119328006,153.8962794358423,113.90904316863674,154.1011314340077,185.2807119328006,185.2807119328006,115.57173355830167,130.4050953283317,73.11225107993707,100.42656197053094,128.5754187690706,185.2807119328006,185.2807119328006,138.57600533670268,434.4064584541783,96.91763468530266,167.54580195352975,117.66926874965247,46.44333038019657,63.83984144588959,134.62812968151724,59.84336776768481,7.20237394818379e-309,43.195508655900056,53.024518685403905,50.677470497813886,128.53375930699946,169.00037045111276,131.93298666147547,185.2807119328006,185.2807119328006,115.73099355849484,185.2807119328006,150.00520479604086,171.23933132871252,185.2807119328006,185.2807119328006,174.48847880596014,185.2807119328006,143.88974536792063,76.6970558887451,94.23826426906919,165.9385081328016,172.09324310007145,80.94848560249994,122.35348650568034,151.17282879737263,96.0030892513899,123.38336533430672,115.28654919714086,80.56284239936576,158.83614915064157,171.91257293757513,160.99450885157518,154.0666603142434,185.2807119328006,154.4090611456004,70.68352225619094
topology_carcinoma_6_clean_t.csv,62.8390767076645,193.82090692588545,189.4851138568926,147.34035044355898,157.13645715625188,100.49486536598658,193.82090692588548,170.97666942201198,130.98943315480642,171.18152142017738,193.82090692588545,193.82090692588548,132.65212354447135,147.48548531450137,52.65883902355267,117.50695195670062,145.6558087552403,193.82090692588548,193.82090692588548,155.65639532287236,434.4064584541783,137.33311406494573,184.62619193969942,134.74965873582215,68.42187608376366,80.92023143205927,151.70851966768691,46.29472165937648,43.195508655900056,1.0763515237398605e-308,70.10490867157358,55.95845503474743,145.61414929316913,186.08076043728244,149.01337664764515,193.82090692588548,193.82090692588548,132.81138354466452,193.82090692588548,167.08559478221053,188.3197213148822,193.82090692588548,193.82090692588548,191.56886879212982,193.82090692588548,160.9701353540903,92.77306148794611,111.31865425523887,183.01889811897126,189.17363308624113,91.52128244122574,139.43387649185001,168.2532187835423,136.418568631033,140.46375532047637,132.36693918331054,97.64323238553544,175.91653913681125,188.9929629237448,178.07489883774485,171.14705030041307,193.82090692588548,171.48945113177007,87.76391224236062
topology_carcinoma_10_clean_t.csv,31.603045099624623,158.76845259009866,119.38020518531903,125.14072662901759,146.0366452489812,62.75058137309409,158.76845259009866,100.87176075043843,60.88452448323284,101.0766127486038,158.76845259009866,142.50693092337923,62.54721487289777,84.463775698841,70.92564440792768,85.60243268920337,79.64372436354438,158.76845259009866,158.76845259009866,109.83903213954201,434.4064584541783,115.13349025040438,114.52128326812587,97.18998161167528,49.757822153969215,19.179397776348992,125.77330273292489,47.43485727752426,53.024518685403905,70.10490867157358,8.728458553307774e-309,41.575409502716184,75.50924062159558,118.24552471472003,97.03748476734728,154.8269531837919,154.59245212450077,62.70647487309094,137.7358745650884,96.98068611063698,118.21481264330862,158.76845259009866,157.30346575348653,134.15136363445254,158.76845259009866,90.86522668251675,76.72273463352263,56.06625565986698,112.91398944739768,119.06872441466754,95.21540746511047,106.77088480752965,98.14831011196871,114.21894481649161,109.90549459835242,88.9792549805039,37.1961813999621,105.8116304652377,118.88805425217123,107.9699901661713,102.5472494346254,158.76845259009866,146.0366452489812,80.7740155036785
