,topology_carcinoma_9_clean_t.csv,topology_carcinoma_20_clean_t.csv,topology_dysplasia_14_clean_t.csv,topology_dysplasia_15_clean_t.csv,topology_ad_carcinoma_13_clean_t.csv,topology_dysplasia_1_clean_t.csv,topology_ad_dysplasia_4_clean_t.csv,topology_carcinoma_14_clean_t.csv,topology_dysplasia_2_clean_t.csv,topology_ad_dysplasia_1_clean_t.csv,topology_ad_carcinoma_14_clean_t.csv,topology_dysplasia_12_clean_t.csv,topology_carcinoma_2_clean_t.csv,topology_ad_carcinoma_3_clean_t.csv,topology_ad_carcinoma_11_clean_t.csv,topology_dysplasia_5_clean_t.csv,topology_ad_dysplasia_10_clean_t.csv,topology_ad_dysplasia_8_clean_t.csv,topology_ad_carcinoma_4_clean_t.csv,topology_carcinoma_12_clean_t.csv,topology_ad_carcinoma_15_clean_t.csv,topology_ad_dysplasia_2_clean_t.csv,topology_carcinoma_13_clean_t.csv,topology_dysplasia_7_clean_t.csv,topology_carcinoma_18_clean_t.csv,topology_carcinoma_19_clean_t.csv,topology_ad_carcinoma_7_clean_t.csv,topology_carcinoma_7_clean_t.csv,topology_carcinoma_5_clean_t.csv,topology_carcinoma_6_clean_t.csv,topology_carcinoma_10_clean_t.csv,topology_dysplasia_4_clean_t.csv,topology_carcinoma_11_clean_t.csv,topology_ad_dysplasia_7_clean_t.csv,topology_ad_dysplasia_3_clean_t.csv,topology_ad_carcinoma_8_clean_t.csv,topology_carcinoma_16_clean_t.csv,topology_carcinoma_8_clean_t.csv,topology_dysplasia_10_clean_t.csv,topology_dysplasia_19_clean_t.csv,topology_ad_dysplasia_6_clean_t.csv,topology_ad_carcinoma_5_clean_t.csv,topology_ad_carcinoma_10_clean_t.csv,topology_ad_dysplasia_9_clean_t.csv,topology_ad_dysplasia_5_clean_t.csv,topology_carcinoma_1_clean_t.csv,topology_ad_carcinoma_2_clean_t.csv,topology_carcinoma_3_clean_t.csv,topology_dysplasia_17_clean_t.csv,topology_ad_carcinoma_9_clean_t.csv,topology_ad_carcinoma_12_clean_t.csv,topology_ad_carcinoma_1_clean_t.csv,topology_dysplasia_9_clean_t.csv,topology_dysplasia_8_clean_t.csv,topology_dysplasia_18_clean_t.csv,topology_dysplasia_13_clean_t.csv,topology_carcinoma_4_clean_t.csv,topology_dysplasia_3_clean_t.csv,topology_dysplasia_16_clean_t.csv,topology_dysplasia_11_clean_t.csv,topology_dysplasia_6_clean_t.csv,topology_carcinoma_17_clean_t.csv,topology_ad_carcinoma_6_clean_t.csv,topology_carcinoma_15_clean_t.csv
topology_carcinoma_9_clean_t.csv,1.6049936876782206e-308,129.42303606028423,129.42303606028423,129.42303606028423,129.42303606028423,129.42303606028423,129.42303606028423,129.42303606028423,129.42303606028423,129.42303606028423,129.42303606028423,129.42303606028423,129.42303606028423,129.42303606028423,129.42303606028423,129.42303606028423,129.42303606028423,129.42303606028423,129.42303606028423,129.42303606028423,129.42303606028423,129.42303606028423,129.42303606028423,129.42303606028423,129.42303606028423,47.018638644854036,129.42303606028423,89.4797120306855,107.48252946505104,129.42303606028423,103.87650760818883,114.02540367565211,129.42303606028423,129.42303606028423,129.42303606028423,129.42303606028423,129.42303606028423,129.42303606028423,129.42303606028423,129.42303606028423,129.42303606028423,129.42303606028423,129.42303606028423,129.42303606028423,129.42303606028423,109.70454435383851,129.42303606028423,128.1728174611249,129.42303606028423,129.42303606028423,129.42303606028423,129.42303606028423,127.79554238419848,129.42303606028423,129.42303606028423,129.42303606028423,129.42303606028423,129.42303606028423,129.42303606028423,129.42303606028423,129.42303606028423,129.42303606028423,129.42303606028423,129.42303606028423
topology_carcinoma_20_clean_t.csv,129.42303606028423,1.193746845147167e-308,101.38726862507747,50.941365987947506,54.886776309916314,113.53341479321415,57.67542982001848,100.34251350569082,145.95749206410562,62.968165121347,49.44882649973687,62.09655461631323,98.83737725307012,153.58220539155923,56.56995462408962,69.50740716555367,55.59104658264056,65.94610724495462,63.022614230152584,95.31295369933386,57.143164626428074,66.38452593135378,84.90905990011018,59.144620793352004,69.44444515062182,128.67917801798808,59.68056360101684,87.74055203914583,163.5354339119986,73.16698977954022,92.16962314433923,81.90482299407205,79.95229871889674,67.95746986471903,92.46942566131696,69.55953347145385,99.54553094981986,55.74614512968185,97.57517307171699,70.19386591183945,52.144793867241106,44.1270473495824,39.29993220430549,65.94610724495462,60.07525789418719,77.48471689903138,69.4798177163382,63.38940416255025,97.46669911599375,112.69955658597101,54.886776309916314,52.144793867241106,96.70211036539558,72.20184124512741,127.6013003045787,75.56838536739346,87.40495895512379,76.21334952201627,60.32465136620331,108.93780477370098,79.71974538030133,74.84512841036559,65.94610724495462,121.3948265451344
topology_dysplasia_14_clean_t.csv,129.42303606028423,101.38726862507747,1.16780005334025e-308,90.49241744135503,101.38726862507747,71.21092856788607,101.38726862507747,53.45288931945464,110.76709840164727,45.89738878076798,76.10090781247948,62.0982004757368,74.30233564865861,128.1659129939615,82.74588991060295,51.57939235488038,55.59104658264056,101.38726862507747,101.38726862507747,57.054259211863354,49.2793400409617,39.98508447226823,55.51128701213861,57.369634330031545,80.44485343715667,128.67917801798808,61.40623591941721,87.74055203914583,163.5354339119986,66.70719175256465,92.16962314433925,76.59838276632212,56.927764844465514,90.73728094720491,41.220600742717096,67.33204541446156,73.75152624012588,74.49653211437092,39.67505259279676,50.8929336085946,93.36769447446846,101.38726862507747,92.77601294602908,95.64314810312527,101.38726862507747,68.22996867501885,51.44304619942329,80.4702289443768,69.54164228570448,43.8893235732741,85.78455246793305,78.19228566198007,91.34908531075263,48.884958275306644,67.97992798545391,58.42786003071319,74.16600371994451,66.60722276975872,101.38726862507747,64.16203641546036,60.641333886583425,50.949346877565844,101.38726862507747,97.51954832753256
topology_dysplasia_15_clean_t.csv,129.42303606028423,50.941365987947506,90.49241744135503,1.272399914849778e-308,67.57138579427357,102.56429883037436,67.57138579427357,88.71432380328525,145.95749206410562,61.97273968258497,51.76661896768225,57.38091533835424,74.80039312890932,153.58220539155923,51.35029288953379,45.67096337942627,52.93610531934135,57.05316449196434,42.630204491847934,88.53704701131011,57.143164626428074,52.88105269492638,59.83400673161367,51.7245532762046,69.44444515062182,128.67917801798808,32.93321536156935,87.74055203914583,163.5354339119986,66.70719175256465,92.16962314433923,76.59838276632212,51.408769754707976,74.18593197411414,71.554336867035,56.12320245384687,91.5864240175286,51.34204387718543,70.14055200078332,44.07263301085092,43.502749488341706,48.52949009214197,42.071252138737165,67.57138579427357,67.57138579427357,58.94699480821936,39.04937124193174,63.38940416255025,95.59859919748249,88.65575344596374,50.82847125681266,42.52244152707303,91.34908531075263,63.72101411766408,109.01906231111951,61.843748720682584,80.66907354822109,68.29285330277389,54.93967279521431,101.51298113806428,61.40588432930812,69.84388857736573,67.57138579427357,97.51954832753256
topology_ad_carcinoma_13_clean_t.csv,129.42303606028423,54.886776309916314,101.38726862507747,67.57138579427357,7.662843644706454e-309,113.53341479321415,29.230138973860512,100.34251350569082,145.95749206410562,67.06533143654846,69.20595529114186,73.94937806161045,98.83737725307012,153.58220539155923,38.733742703478526,79.52192916883374,57.09727365959965,38.733742703478526,30.6542957031956,95.31295369933386,57.14316462642806,66.38452593135378,84.90905990011018,59.144620793352004,69.44444515062182,128.67917801798808,70.36992283128947,87.74055203914583,163.5354339119986,73.16698977954022,92.16962314433923,81.90482299407205,79.95229871889674,74.08241459710953,92.46942566131696,109.28965830781814,108.19551341637012,55.746145129681835,97.57517307171699,72.16748689936301,47.93573736703763,27.499170017555002,52.90643159302877,38.733742703478526,25.993771866780264,77.48471689903138,69.4798177163382,63.38940416255022,97.46669911599375,112.69955658597101,24.61419686282852,48.39957405009906,96.70211036539558,74.73999681268683,127.6013003045787,84.2943735245158,87.40495895512379,76.21334952201627,38.733742703478526,108.93780477370098,84.43433676623988,76.94589337470202,32.32437787656531,121.3948265451344
topology_dysplasia_1_clean_t.csv,129.42303606028423,113.53341479321415,71.21092856788607,102.56429883037436,113.53341479321415,1.256065795099933e-308,113.53341479321415,71.21092856788607,45.55374429387683,104.33793939746417,113.53341479321415,113.53341479321415,38.26903956731047,62.95255888619107,90.30668140584274,102.2729639210634,73.25712983780056,113.53341479321415,113.53341479321415,68.51632116089752,108.90119290499965,105.19843858003867,95.8717648175118,78.61732111942456,81.8007336326749,128.67917801798808,113.53341479321415,89.7086460990719,125.60254987102627,63.50081768572812,89.07981682703934,58.28661688295762,67.24648756910688,76.55083425530131,76.55083425530131,113.53341479321415,75.25712737815235,75.75343401500581,85.56521954834216,113.53341479321415,113.53341479321415,113.53341479321415,113.53341479321415,113.53341479321415,113.53341479321415,56.784228835846534,113.53341479321415,78.5742160180628,71.21092856788607,71.21092856788607,113.53341479321415,113.53341479321415,80.57932714439443,113.53341479321415,69.84453215628906,99.11200866860958,43.14336976410485,66.64988239084494,113.53341479321415,58.22223569541018,105.09210309603267,111.45502521783891,113.53341479321415,38.21280152573087
topology_ad_dysplasia_4_clean_t.csv,129.42303606028423,57.67542982001848,101.38726862507747,67.57138579427357,29.230138973860512,113.53341479321415,1.281948466941819e-308,100.34251350569082,145.95749206410562,67.06533143654846,80.22299398368253,73.94937806161045,98.83737725307012,153.58220539155923,34.047534869502115,79.52192916883374,57.09727365959965,30.944054362581966,31.389067963774096,95.31295369933386,57.14316462642806,66.38452593135378,84.90905990011018,60.53474755201705,69.44444515062182,128.67917801798808,70.36992283128947,87.74055203914583,163.5354339119986,73.16698977954022,92.16962314433923,81.90482299407205,79.95229871889674,96.90666182643582,92.46942566131696,109.28965830781814,108.19551341637012,55.746145129681835,97.57517307171699,72.16748689936301,47.93573736703763,37.69564971625306,70.11547931572017,19.87893469472006,20.13934459846898,77.48471689903138,69.4798177163382,63.38940416255022,97.46669911599375,112.69955658597101,33.08095723641577,57.35303187395358,96.70211036539558,74.73999681268683,127.6013003045787,84.2943735245158,87.40495895512379,76.21334952201627,19.87893469472006,108.93780477370098,84.43433676623988,76.94589337470202,30.60566940299568,121.3948265451344
topology_carcinoma_14_clean_t.csv,129.42303606028423,100.34251350569082,53.45288931945464,88.71432380328525,100.34251350569082,71.21092856788607,100.34251350569082,1.8671284643902694e-308,65.24673655003403,91.80611184950658,100.34251350569082,100.34251350569082,72.56051216810272,76.80253391328017,77.77485385788515,89.7411363731058,59.40715481071146,100.34251350569082,100.34251350569082,67.44749184374945,96.36936535704206,91.34846355294957,82.0217897904227,65.52040509831835,69.44444515062185,128.67917801798808,100.34251350569082,77.17681855111431,139.45252489811537,54.56094557836525,89.07981682703934,76.1102674928398,43.127803524215636,77.37348516621915,62.66981213204315,100.34251350569082,89.23294320255152,63.22160646704822,71.71524452125306,100.34251350569082,100.34251350569082,100.34251350569082,100.34251350569082,100.34251350569082,100.34251350569082,58.94699480821936,100.34251350569082,66.04238847010521,52.48099267878089,77.91412923663304,100.34251350569082,100.34251350569082,68.90157266541559,100.24833735598799,62.91478982616184,85.26203364152047,67.79878817757111,68.29285330277389,100.34251350569082,32.94344831262316,92.56027554807508,97.60505019074981,100.34251350569082,66.6068503053578
topology_dysplasia_2_clean_t.csv,129.42303606028423,145.95749206410562,110.76709840164727,145.95749206410562,145.95749206410562,45.55374429387683,145.95749206410562,65.24673655003403,1.2593440091643714e-308,123.63234964537025,145.95749206410562,145.95749206410562,82.7779322435224,44.06879262244604,130.8883754980115,122.49333425077486,118.8108741316774,145.95749206410562,145.95749206410562,111.89561346003228,128.19560315290573,145.95749206410562,141.42550911138864,124.17106541330139,108.84427253267222,128.67917801798808,145.95749206410562,109.00305634697798,80.04880557714944,109.05456197960496,89.07981682703934,74.68592209009779,96.70927336954321,92.13593763212367,100.59995939179095,145.95749206410562,120.81087167202918,107.50997625943126,123.66193437558678,145.95749206410562,145.95749206410562,145.95749206410562,145.95749206410562,145.95749206410562,145.95749206410562,102.33797312972337,145.95749206410562,107.2607776793352,65.24673655003403,112.60376239703857,145.95749206410562,145.95749206410562,100.72781046127926,145.95749206410562,67.800935549352,144.6657529624864,67.4489695760301,112.20362668472177,145.95749206410562,67.81770357909772,124.38651334393876,145.95749206410562,145.95749206410562,59.76770297411434
topology_ad_dysplasia_1_clean_t.csv,129.42303606028423,62.968165121347,45.89738878076798,61.97273968258497,67.06533143654846,104.33793939746417,67.06533143654846,91.80611184950658,123.63234964537025,1.210699030547935e-308,67.74338166345674,48.3689612400039,70.95666552030261,133.48744715234938,46.932983001084494,47.33203121186867,50.13526268786728,67.06533143654846,67.06533143654846,44.76887372238298,61.97273968258497,57.172161383128525,35.28693236044954,59.56618699571813,69.44444515062182,128.67917801798808,61.97273968258497,87.74055203914583,163.5354339119986,59.37966954510688,89.07981682703934,76.59838276632212,59.955213812872046,81.23866238659693,67.06533143654849,77.85728539243249,66.40472235005649,46.29332249256345,45.65934343806779,28.460834686796673,61.97273968258497,67.06533143654846,61.658020452963925,67.06533143654846,67.06533143654846,54.912468565981214,61.97273968258497,63.38940416255025,79.17020767591521,56.281970403695766,67.06533143654846,54.571742204590066,91.34908531075263,38.314355937849996,88.86355163306325,40.18653856971952,73.97625300343671,52.511255877721595,67.06533143654846,96.19803705074787,60.641333886583425,56.5779217654882,67.06533143654846,96.89678420830091
topology_ad_carcinoma_14_clean_t.csv,129.42303606028423,49.44882649973687,76.10090781247948,51.76661896768225,69.20595529114186,113.53341479321415,80.22299398368253,100.34251350569082,145.95749206410562,67.74338166345674,2.046103334436843e-308,53.54483941575447,77.70825807097816,153.58220539155923,57.661954443451876,45.67096337942627,64.18831697870718,70.73097336466509,64.90826823192958,74.97239275409447,72.64500154267537,57.47312696330475,58.27583004241703,43.37208723574764,69.44444515062185,128.67917801798808,55.07385310615379,87.74055203914583,163.5354339119986,73.16698977954024,92.16962314433923,81.90482299407205,79.95229871889677,67.95746986471903,86.2680468223358,49.91332647134996,67.12545052122255,72.72448454121024,55.74904237190776,64.7647715283201,54.167590202216076,64.02565242046145,34.916307425043954,84.05434178650322,84.05434178650322,68.22996867501885,53.925359521752114,63.38940416255025,97.46669911599375,74.26424381708819,51.76661896768225,45.3546631957995,91.34908531075263,58.87445823146743,119.06707066477475,45.091830364261185,87.40495895512379,74.66437952940498,77.01551295648252,108.93780477370098,60.641333886583425,41.127617872948804,84.05434178650322,121.3948265451344
topology_dysplasia_12_clean_t.csv,129.42303606028423,62.09655461631323,62.0982004757368,57.38091533835424,73.94937806161045,113.53341479321415,73.94937806161045,100.34251350569082,145.95749206410562,48.3689612400039,53.54483941575447,1.3848050432574903e-308,77.70825807097816,153.58220539155923,65.04745017375876,45.67096337942627,55.59104658264056,73.94937806161045,68.21071192314693,60.9696854173518,65.04745017375876,64.71677439931241,48.05773485140338,50.06301048822277,69.44444515062185,128.67917801798808,67.07093710784827,87.74055203914583,163.5354339119986,66.70719175256465,92.16962314433923,81.90482299407205,76.15602550784087,73.94937806161047,72.26533948559313,67.07093710784827,52.0544272053549,58.4043218879535,44.82534209215194,46.4897457386044,65.04745017375876,73.94937806161045,60.41278223391771,73.94937806161045,73.94937806161045,68.22996867501885,67.07093710784827,63.38940416255025,97.46669911599375,60.41278223391771,73.94937806161045,63.8050820291796,91.34908531075263,33.12539998028825,105.06436332803207,43.18848952332638,87.40495895512379,60.66167219266231,73.94937806161045,108.93780477370098,60.641333886583425,53.54483941575447,73.94937806161045,113.09759590326973
topology_carcinoma_2_clean_t.csv,129.42303606028423,98.83737725307012,74.30233564865861,74.80039312890932,98.83737725307012,38.26903956731047,98.83737725307012,72.56051216810272,82.7779322435224,70.95666552030261,77.70825807097816,77.70825807097816,8.72885232897472e-309,99.1632019465494,72.56051216810272,68.89169004390183,68.13766955129398,98.83737725307012,98.83737725307012,67.1548833513848,75.51991902783809,77.70825807097816,65.41477706645765,68.558719228092,68.558719228092,128.67917801798808,77.70825807097816,76.3919601582457,161.8131929313846,61.58305164096035,89.07981682703934,63.68633226522684,66.49684496594642,86.45434218543033,77.70825807097816,77.70825807097816,75.24391688443654,85.08877368280196,72.56051216810272,77.70825807097816,77.70825807097816,98.83737725307012,77.70825807097816,98.83737725307012,98.83737725307012,54.912468565981214,77.70825807097816,78.10326910670395,72.56051216810272,77.70825807097816,96.37679403636409,82.79388125920607,73.27538430880838,75.82927281576661,75.09007848492297,68.558719228092,49.00744708500861,44.419354089596254,98.83737725307012,63.68633226522684,71.71082921887111,73.18598565052844,98.83737725307012,60.24851673953384
topology_ad_carcinoma_3_clean_t.csv,129.42303606028423,153.58220539155923,128.1659129939615,153.58220539155923,153.58220539155923,62.95255888619107,153.58220539155923,76.80253391328017,44.06879262244604,133.48744715234938,153.58220539155923,153.58220539155923,99.1632019465494,2.154256483960447e-308,148.28719009032574,139.8921488430891,136.20968872399163,153.58220539155923,153.58220539155923,129.29442805234652,126.04621521549873,153.58220539155923,153.58220539155923,141.56988000561563,106.69488459526522,128.67917801798808,153.58220539155923,106.85366840957099,73.11148726304003,126.4533765719192,85.55664839791001,92.08473668241203,114.10808796185745,94.85508977515622,117.99877398410518,153.58220539155923,138.20968626434342,124.8271240993003,141.06074896790102,153.58220539155923,153.58220539155923,153.58220539155923,153.58220539155923,153.58220539155923,153.58220539155923,119.7367877220376,153.58220539155923,105.1113897419282,69.91825851908294,130.0025769893528,153.58220539155923,153.58220539155923,98.57842252387226,153.58220539155923,85.19975014166624,153.58220539155923,84.84778416834433,129.602441277036,153.58220539155923,64.00387657850115,122.23712540653176,153.58220539155923,153.58220539155923,77.16651756642858
topology_ad_carcinoma_11_clean_t.csv,129.42303606028423,56.56995462408962,82.74588991060295,51.35029288953379,38.733742703478526,90.30668140584274,34.047534869502115,77.77485385788515,130.8883754980115,46.932983001084494,57.661954443451876,65.04745017375876,72.56051216810272,148.28719009032574,1.2774052828720755e-308,59.78229104294067,47.67907482249606,34.047534869502115,34.047534869502115,81.61737485221795,37.91418760525602,42.76080543833473,58.27583004241703,60.30410346122926,69.44444515062182,128.67917801798808,51.305121932389,87.74055203914583,156.84900511070612,73.07464906422297,85.61214442525772,76.59838276632212,74.29997833287428,97.49039651182741,92.46942566131696,90.31544428190861,95.00784412978965,55.746145129681835,64.6612519343985,44.38694775771347,46.488516801694644,48.664114320683,55.68991614795138,34.047534869502115,34.047534869502115,58.94699480821936,39.56172198249254,58.28626005889714,78.3689315712428,80.90922591521166,33.850974867385304,29.152333727211698,91.34908531075263,52.46140882298653,125.71205276289822,76.17564743013762,74.13027627196885,76.21334952201627,34.047534869502115,84.28331351182459,60.641333886583425,72.82965589071867,38.5464980056737,120.24346358992074
topology_dysplasia_5_clean_t.csv,129.42303606028423,69.50740716555367,51.57939235488038,45.67096337942627,79.52192916883374,102.2729639210634,79.52192916883374,89.7411363731058,122.49333425077486,47.33203121186867,45.67096337942627,45.67096337942627,68.89169004390183,139.8921488430891,59.78229104294067,2.206226645640773e-308,48.75491965576089,79.52192916883374,79.52192916883374,69.29021449245022,52.147501492463306,45.67096337942627,55.582677170275446,51.56348157859952,68.55863631103176,128.67917801798808,45.76855663806239,68.399852496726,132.50998696234052,66.00180755550974,90.07995039030158,69.46640355500051,65.63721738698445,79.52192916883374,61.74653136473671,59.48333197206864,83.69631067897922,52.83256453677012,45.67096337942627,45.67096337942627,45.67096337942627,79.52192916883374,53.60378106246381,79.52192916883374,79.52192916883374,61.67270467079692,36.21273509365628,66.05102091096609,77.10523219951443,49.74272835948909,79.52192916883374,61.11098424879674,76.67509838242472,46.014739707022954,94.54555520717565,53.9536353821332,71.91127752703594,56.760023365440816,79.52192916883374,94.1330615743471,53.016395499765224,45.67096337942627,79.52192916883374,102.57878778241331
topology_ad_dysplasia_10_clean_t.csv,129.42303606028423,55.59104658264056,55.59104658264056,52.93610531934135,57.09727365959965,73.25712983780056,57.09727365959965,59.40715481071146,118.8108741316774,50.13526268786728,64.18831697870718,55.59104658264056,68.13766955129398,136.20968872399163,47.67907482249606,48.75491965576089,1.062440446868745e-308,57.09727365959965,55.59104658264056,47.29427728629929,55.59104658264056,53.528267439664575,46.18152752659475,58.18099594840521,69.44444515062182,128.67917801798808,55.59104658264056,87.74055203914583,163.5354339119986,49.62342347189377,89.07981682703934,76.59838276632212,32.96568992418088,86.61368921509813,55.545843417466415,77.49269515300224,64.16694690914971,38.48834918089699,58.067474751843235,51.399646483418564,55.59104658264056,57.09727365959965,55.59104658264056,57.09727365959965,57.09727365959965,54.912468565981214,55.59104658264056,63.38940416255022,66.29143020490869,72.94077418396637,57.09727365959965,55.59104658264056,91.34908531075263,42.42615651544867,91.38895519697957,43.52709413557574,67.79878817757111,47.27495539410188,57.09727365959965,72.20581214549048,60.641333886583425,61.30371978631952,57.09727365959965,84.52599855007247
topology_ad_dysplasia_8_clean_t.csv,129.42303606028423,65.94610724495462,101.38726862507747,57.05316449196434,38.733742703478526,113.53341479321415,30.944054362581966,100.34251350569082,145.95749206410562,67.06533143654846,70.73097336466509,73.94937806161045,98.83737725307012,153.58220539155923,34.047534869502115,79.52192916883374,57.09727365959965,1.783820468321212e-308,22.90948364665556,95.31295369933386,57.14316462642806,66.38452593135378,84.90905990011018,59.144620793352004,69.44444515062182,128.67917801798808,70.36992283128947,87.74055203914583,163.5354339119986,73.16698977954022,92.16962314433923,81.90482299407205,79.95229871889674,106.02194419203221,92.46942566131696,96.01831588433916,108.19551341637012,55.746145129681835,97.57517307171699,72.16748689936301,51.38382786451656,48.664114320683,64.64561215417226,20.858061818828148,32.19252823220877,77.48471689903138,69.4798177163382,63.38940416255022,97.46669911599375,112.69955658597101,23.588936617398332,38.134734780608625,96.70211036539558,74.73999681268683,127.6013003045787,84.2943735245158,87.40495895512379,76.21334952201627,21.339043517881507,108.93780477370098,84.43433676623988,76.94589337470202,38.5464980056737,121.3948265451344
topology_ad_carcinoma_4_clean_t.csv,129.42303606028423,63.022614230152584,101.38726862507747,42.630204491847934,30.6542957031956,113.53341479321415,31.389067963774096,100.34251350569082,145.95749206410562,67.06533143654846,64.90826823192958,68.21071192314693,98.83737725307012,153.58220539155923,34.047534869502115,79.52192916883374,55.59104658264056,22.90948364665556,1.431138728657297e-308,95.31295369933386,57.14316462642806,66.38452593135378,84.90905990011018,59.144620793352004,69.44444515062182,128.67917801798808,70.36992283128947,87.74055203914583,163.5354339119986,73.16698977954022,92.16962314433923,81.90482299407205,79.95229871889674,102.25384623656993,92.46942566131696,81.59535588422276,104.43743719933579,55.746145129681835,97.57517307171699,72.16748689936301,43.979493291671446,41.32348212821907,58.82290702143676,32.751397604873205,30.980894385254118,77.48471689903138,69.4798177163382,63.38940416255022,97.46669911599375,112.69955658597101,29.958916002569097,32.31202964787312,96.70211036539558,74.73999681268683,127.6013003045787,75.56838536739346,87.40495895512379,76.21334952201627,30.380832391623997,108.93780477370098,84.43433676623988,76.94589337470202,32.751397604873205,121.3948265451344
topology_carcinoma_12_clean_t.csv,129.42303606028423,95.31295369933386,57.054259211863354,88.53704701131011,95.31295369933386,68.51632116089752,95.31295369933386,67.44749184374945,111.89561346003228,44.76887372238298,74.97239275409447,60.9696854173518,67.1548833513848,129.29442805234652,81.61737485221795,69.29021449245022,47.29427728629929,95.31295369933386,95.31295369933386,1.7977704286384666e-308,93.96239533284879,79.92482624010779,37.34194746761267,57.238164580909256,79.31633837877166,128.67917801798808,93.96239533284879,87.74055203914583,163.5354339119986,66.53996457854703,89.07981682703934,76.59838276632212,50.61541524452244,83.30609618108463,93.96239533284879,74.67700920273131,56.3943896877191,69.04598734954271,56.96175178974295,58.31490715506368,92.20163792888576,95.31295369933386,91.64749788764408,93.96239533284879,95.31295369933386,54.912468565981214,92.73643982176537,82.26444372373868,59.37616953326358,49.78198524472117,93.96239533284879,77.32440706156933,91.34908531075263,47.75644321692164,46.18550104897756,42.37918395762563,67.79878817757111,49.05035642062768,95.31295369933386,65.29055147384537,60.641333886583425,50.230366063996996,95.31295369933386,71.46917574749597
topology_ad_carcinoma_15_clean_t.csv,129.42303606028423,57.143164626428074,49.2793400409617,57.143164626428074,57.14316462642806,108.90119290499965,57.14316462642806,96.36936535704206,128.19560315290573,61.97273968258497,72.64500154267537,65.04745017375876,75.51991902783809,126.04621521549873,37.91418760525602,52.147501492463306,55.59104658264056,57.14316462642806,57.14316462642806,93.96239533284879,2.143913815011987e-308,41.80402014741526,58.27583004241703,57.31169427246117,41.02943647817011,128.67917801798808,41.80402014741526,72.68051697753339,160.16014625762443,66.70719175256465,89.07981682703934,76.59838276632212,63.33716507306576,88.95396606614918,59.44647905081803,98.49535341176554,99.54553094981986,38.48834918089699,51.93654229018787,42.59342954499941,44.088354433506765,57.14316462642806,55.68991614795138,56.434280146788154,57.14316462642806,68.22996867501885,41.80402014741526,63.38940416255022,83.73346118345069,63.67010787351552,46.57568451159594,51.838620301632574,80.78628897387208,66.57687900174153,95.03500058093982,75.56838536739346,78.53950651097219,69.4396299816002,57.14316462642806,100.76129055828335,61.40588432930812,64.29322544504043,57.14316462642806,100.27873546849463
topology_ad_dysplasia_2_clean_t.csv,129.42303606028423,66.38452593135378,39.98508447226823,52.88105269492638,66.38452593135378,105.19843858003867,66.38452593135378,91.34846355294957,145.95749206410562,57.172161383128525,57.47312696330475,64.71677439931241,77.70825807097816,153.58220539155923,42.76080543833473,45.67096337942627,53.528267439664575,66.38452593135378,66.38452593135378,79.92482624010779,41.80402014741526,1.4531003922179637e-308,58.27583004241703,53.16492487607029,69.44444515062182,128.67917801798808,36.246300585018474,87.74055203914583,163.5354339119986,66.70719175256465,92.16962314433923,76.59838276632212,54.04290950437229,92.33644616821323,50.152223482124555,67.58703069228048,86.60561104834841,44.47613119919177,42.74807524902991,41.05491475196345,53.38261000220024,66.38452593135378,52.79092847376086,65.62274718794612,66.38452593135378,68.22996867501885,29.543605528621413,63.38940416255025,97.46669911599375,54.481640832357556,55.7641515527539,42.18123877559589,91.34908531075263,58.74020114848389,95.03500058093982,56.86293575150239,83.3032132978854,68.47660231404535,66.38452593135378,104.14712088772859,60.641333886583425,67.32848906407884,66.38452593135378,97.51954832753256
topology_carcinoma_13_clean_t.csv,129.42303606028423,84.90905990011018,55.51128701213861,59.83400673161367,84.90905990011018,95.8717648175118,84.90905990011018,82.0217897904227,141.42550911138864,35.28693236044954,58.27583004241703,48.05773485140338,65.41477706645765,153.58220539155923,58.27583004241703,55.582677170275446,46.18152752659475,84.90905990011018,84.90905990011018,37.34194746761267,58.27583004241703,58.27583004241703,1.947603258548069e-308,33.017517807683475,69.44444515062185,128.67917801798808,58.27583004241703,87.74055203914583,163.5354339119986,48.6928033323361,92.16962314433923,76.59838276632212,52.52828755810174,84.90905990011021,58.27583004241703,69.63005215465478,56.713178658093966,72.1985253741777,50.14736916256834,33.48343480602642,62.709283764727104,84.90905990011018,62.11760223628772,84.90905990011018,84.90905990011018,54.912468565981214,56.00413997554435,65.2130207980797,88.90606518461993,55.51128701213861,83.48654572773984,69.90363295058182,91.34908531075263,37.1598727127394,73.62457356203663,32.86040877599487,73.97653953535854,43.20277622480063,84.90905990011018,94.82044712520172,60.641333886583425,55.51128701213861,84.90905990011018,81.65780613727429
topology_dysplasia_7_clean_t.csv,129.42303606028423,59.144620793352004,57.369634330031545,51.7245532762046,59.144620793352004,78.61732111942456,60.53474755201705,65.52040509831835,124.17106541330139,59.56618699571813,43.37208723574764,50.06301048822277,68.558719228092,141.56988000561563,60.30410346122926,51.56348157859952,58.18099594840521,59.144620793352004,59.144620793352004,57.238164580909256,57.31169427246117,53.16492487607029,33.017517807683475,2.03565708804151e-308,63.37760228814409,128.67917801798808,52.900837517168895,63.777631098147594,151.25726037823864,63.37760228814409,91.209832706734,58.435681397090036,62.045529573307476,59.144620793352004,66.44266253485205,71.45252294317282,63.91894938914987,63.377602288144075,40.93744647230599,49.88992330177271,58.28750942968519,59.144620793352004,44.29642690619892,63.377602288144075,59.144620793352004,59.33817526051085,61.52342912818884,63.37760228814409,71.65162148653269,54.43885952960443,59.10459559081205,46.96828484275585,65.64437622451425,52.584410383212344,99.24168637729099,42.55922222427023,69.71366033477881,55.94919310011639,61.93864724138851,77.56600342711448,45.991240836204156,38.67681611287267,63.377602288144075,107.27491895252865
topology_carcinoma_18_clean_t.csv,129.42303606028423,69.44444515062182,80.44485343715667,69.44444515062182,69.44444515062182,81.8007336326749,69.44444515062182,69.44444515062185,108.84427253267222,69.44444515062182,69.44444515062185,69.44444515062185,68.558719228092,106.69488459526522,69.44444515062182,68.55863631103176,69.44444515062182,69.44444515062182,69.44444515062182,79.31633837877166,41.02943647817011,69.44444515062182,69.44444515062185,63.37760228814409,1.0491928388183836e-308,128.67917801798808,69.44444515062185,56.01011678562867,124.23062687144483,65.38464598014241,85.55664839791001,52.66855583645395,62.14402327480104,76.42741719589753,76.12545983153294,79.18615876135016,71.76275797853248,63.24648821269068,69.44444515062185,69.44444515062185,69.44444515062182,69.44444515062182,69.44444515062185,69.44444515062182,69.44444515062182,58.15615183542798,69.44444515062185,47.42562514808537,66.19119621235336,78.60818944176538,69.44444515062182,69.44444515062182,70.03757128754864,69.44444515062185,113.59018527561744,69.44444515062185,59.18817589073868,69.44444515062185,69.44444515062182,80.74941594036483,41.02943647817011,69.44444515062185,69.44444515062182,93.1440051814912
topology_carcinoma_19_clean_t.csv,47.018638644854036,128.67917801798808,128.67917801798808,128.67917801798808,128.67917801798808,128.67917801798808,128.67917801798808,128.67917801798808,128.67917801798808,128.67917801798808,128.67917801798808,128.67917801798808,128.67917801798808,128.67917801798808,128.67917801798808,128.67917801798808,128.67917801798808,128.67917801798808,128.67917801798808,128.67917801798808,128.67917801798808,128.67917801798808,128.67917801798808,128.67917801798808,128.67917801798808,1.4142383593065525e-308,128.67917801798808,96.26293957285986,100.69930192287669,128.67917801798808,95.60556398142216,105.75446004888545,128.67917801798808,128.67917801798808,128.67917801798808,128.67917801798808,128.67917801798808,128.67917801798808,128.67917801798808,128.67917801798808,128.67917801798808,128.67917801798808,128.67917801798808,128.67917801798808,128.67917801798808,101.43360072707185,128.67917801798808,119.90187383435824,128.67917801798808,128.67917801798808,128.67917801798808,128.67917801798808,119.52459875743182,128.67917801798808,128.67917801798808,128.67917801798808,128.67917801798808,128.67917801798808,128.67917801798808,128.67917801798808,128.67917801798808,128.67917801798808,128.67917801798808,128.67917801798808
topology_ad_carcinoma_7_clean_t.csv,129.42303606028423,59.68056360101684,61.40623591941721,32.93321536156935,70.36992283128947,113.53341479321415,70.36992283128947,100.34251350569082,145.95749206410562,61.97273968258497,55.07385310615379,67.07093710784827,77.70825807097816,153.58220539155923,51.305121932389,45.76855663806239,55.59104658264056,70.36992283128947,70.36992283128947,93.96239533284879,41.80402014741526,36.246300585018474,58.27583004241703,52.900837517168895,69.44444515062185,128.67917801798808,7.988237462507563e-309,87.74055203914583,163.5354339119986,66.70719175256465,92.16962314433923,81.90482299407205,75.46406095152128,73.0733662744091,71.57337492927354,67.96050108262031,99.13258777178271,55.74614512968185,52.27720329524507,43.47378588692317,44.070806378535295,70.36992283128947,52.270123174290404,70.36992283128947,70.36992283128947,68.22996867501885,42.14100124008897,63.38940416255025,97.46669911599375,59.56957192402592,70.36992283128947,51.28414068425991,91.34908531075263,60.81195294930862,104.37239877171248,75.27770648132548,87.40495895512379,68.29285330277389,70.36992283128947,108.93780477370098,60.641333886583425,54.24204480410583,70.36992283128947,112.40563134695014
topology_carcinoma_7_clean_t.csv,89.4797120306855,87.74055203914583,87.74055203914583,87.74055203914583,87.74055203914583,89.7086460990719,87.74055203914583,77.17681855111431,109.00305634697798,87.74055203914583,87.74055203914583,87.74055203914583,76.3919601582457,106.85366840957099,87.74055203914583,68.399852496726,87.74055203914583,87.74055203914583,87.74055203914583,87.74055203914583,72.68051697753339,87.74055203914583,87.74055203914583,63.777631098147594,56.01011678562867,96.26293957285986,87.74055203914583,1.331006089153114e-308,87.47962928009105,66.16550992757578,84.77761699386065,67.25509838715618,72.80335945629628,91.56041700661146,87.74055203914583,87.74055203914583,87.74055203914583,67.42458700967495,87.74055203914583,87.74055203914583,87.74055203914583,87.74055203914583,87.74055203914583,87.74055203914583,87.74055203914583,82.68898563420407,72.22758143256357,56.01011678562867,64.72395393511513,87.74055203914583,87.74055203914583,87.74055203914583,70.92432636905164,87.74055203914583,98.42565009295043,87.74055203914583,68.89762405043825,87.74055203914583,87.74055203914583,81.5687437523556,56.01011678562867,87.74055203914583,87.74055203914583,106.4588826681881
topology_carcinoma_5_clean_t.csv,107.48252946505104,163.5354339119986,163.5354339119986,163.5354339119986,163.5354339119986,125.60254987102627,163.5354339119986,139.45252489811537,80.04880557714944,163.5354339119986,163.5354339119986,163.5354339119986,161.8131929313846,73.11148726304003,156.84900511070612,132.50998696234052,163.5354339119986,163.5354339119986,163.5354339119986,163.5354339119986,160.16014625762443,163.5354339119986,163.5354339119986,151.25726037823864,124.23062687144483,100.69930192287669,163.5354339119986,87.47962928009105,1.0442429111442177e-308,145.0287711578805,84.29246032335206,110.83051888401303,160.28298873638732,157.50508075999142,163.5354339119986,163.5354339119986,163.5354339119986,145.86434280553573,163.5354339119986,163.5354339119986,163.5354339119986,163.5354339119986,163.5354339119986,163.5354339119986,163.5354339119986,146.7991200998186,136.3377158981781,111.37697579939416,132.56824950391814,163.5354339119986,163.5354339119986,163.5354339119986,88.53780862257622,163.5354339119986,147.84974112650144,163.5354339119986,132.79804678349575,163.5354339119986,163.5354339119986,126.65386756333635,126.29460858825513,163.5354339119986,163.5354339119986,139.81650855126378
topology_carcinoma_6_clean_t.csv,129.42303606028423,73.16698977954022,66.70719175256465,66.70719175256465,73.16698977954022,63.50081768572812,73.16698977954022,54.56094557836525,109.05456197960496,59.37966954510688,73.16698977954024,66.70719175256465,61.58305164096035,126.4533765719192,73.07464906422297,66.00180755550974,49.62342347189377,73.16698977954022,73.16698977954022,66.53996457854703,66.70719175256465,66.70719175256465,48.6928033323361,63.37760228814409,65.38464598014241,128.67917801798808,66.70719175256465,66.16550992757578,145.0287711578805,2.185157117295818e-308,85.55664839791001,67.2320609858503,46.74835048449029,81.14150703640809,66.70719175256465,73.16698977954024,73.22074938678765,44.38646881489149,69.45003228318336,60.64405334065816,73.16698977954022,73.16698977954022,73.16698977954022,73.16698977954022,73.16698977954022,54.912468565981214,66.70719175256465,61.34218367644303,57.047023347669096,75.45204998970772,72.89464675226907,73.16698977954022,74.4407558132745,53.74350876364221,67.61499461982402,52.771500992815334,56.817226068091486,38.74475760617142,73.16698977954022,62.449499993418044,65.6142845355744,66.70719175256465,73.16698977954022,49.28685900549061
topology_carcinoma_10_clean_t.csv,103.87650760818883,92.16962314433923,92.16962314433925,92.16962314433923,92.16962314433923,89.07981682703934,92.16962314433923,89.07981682703934,89.07981682703934,89.07981682703934,92.16962314433923,92.16962314433923,89.07981682703934,85.55664839791001,85.61214442525772,90.07995039030158,89.07981682703934,92.16962314433923,92.16962314433923,89.07981682703934,89.07981682703934,92.16962314433923,92.16962314433923,91.209832706734,85.55664839791001,95.60556398142216,92.16962314433923,84.77761699386065,84.29246032335206,85.55664839791001,1.214256047963393e-308,65.48003770459019,89.07981682703934,89.07981682703934,89.07981682703934,105.00775643405501,92.16962314433925,85.55664839791001,91.2485505151135,92.16962314433923,92.16962314433923,92.16962314433923,92.16962314433923,92.16962314433923,92.16962314433923,83.72927174823838,92.16962314433923,65.15350666542116,89.07981682703934,92.16962314433925,92.16962314433923,92.16962314433923,87.88726361438216,92.16962314433923,92.16962314433925,92.16962314433923,68.17927293692918,89.07981682703934,92.16962314433923,89.07981682703934,89.07981682703934,92.16962314433923,92.16962314433923,89.07981682703934
