,topology_carcinoma_10_clean.csv,topology_dysplasia_18_clean.csv,topology_ad_carcinoma_2_clean.csv,topology_carcinoma_2_clean.csv,topology_ad_carcinoma_10_clean.csv,topology_ad_carcinoma_9_clean.csv,topology_dysplasia_5_clean.csv,topology_ad_carcinoma_3_clean.csv,topology_dysplasia_14_clean.csv,topology_ad_carcinoma_1_clean.csv,topology_dysplasia_13_clean.csv,topology_ad_dysplasia_7_clean.csv,topology_dysplasia_17_clean.csv,topology_carcinoma_8_clean.csv,topology_dysplasia_10_clean.csv,topology_carcinoma_20_clean.csv,topology_dysplasia_11_clean.csv,topology_ad_carcinoma_8_clean.csv,topology_carcinoma_13_clean.csv,topology_ad_carcinoma_4_clean.csv,topology_carcinoma_9_clean.csv,topology_ad_carcinoma_12_clean.csv,topology_carcinoma_4_clean.csv,topology_ad_carcinoma_15_clean.csv,topology_ad_carcinoma_5_clean.csv,topology_ad_dysplasia_8_clean.csv,topology_dysplasia_7_clean.csv,topology_carcinoma_17_clean.csv,topology_dysplasia_19_clean.csv,topology_carcinoma_5_clean.csv,topology_dysplasia_8_clean.csv,topology_carcinoma_7_clean.csv,topology_carcinoma_19_clean.csv,topology_ad_carcinoma_11_clean.csv,topology_dysplasia_2_clean.csv,topology_carcinoma_18_clean.csv,topology_dysplasia_9_clean.csv,topology_carcinoma_11_clean.csv,topology_carcinoma_16_clean.csv,topology_dysplasia_12_clean.csv,topology_ad_dysplasia_1_clean.csv,topology_dysplasia_1_clean.csv,topology_ad_dysplasia_3_clean.csv,topology_ad_carcinoma_6_clean.csv,topology_dysplasia_16_clean.csv,topology_dysplasia_15_clean.csv,topology_dysplasia_4_clean.csv,topology_ad_dysplasia_2_clean.csv,topology_ad_carcinoma_7_clean.csv,topology_ad_carcinoma_13_clean.csv,topology_ad_dysplasia_6_clean.csv,topology_dysplasia_3_clean.csv,topology_ad_dysplasia_9_clean.csv,topology_ad_carcinoma_14_clean.csv,topology_carcinoma_3_clean.csv,topology_carcinoma_6_clean.csv,topology_ad_dysplasia_4_clean.csv,topology_dysplasia_6_clean.csv,topology_ad_dysplasia_10_clean.csv,topology_ad_dysplasia_5_clean.csv,topology_carcinoma_14_clean.csv,topology_carcinoma_12_clean.csv,topology_carcinoma_15_clean.csv,topology_carcinoma_1_clean.csv
topology_carcinoma_10_clean.csv,0.0,1031.2582350147889,1538.3585045894163,782.0773168909169,1489.0354322805583,1371.1279605634845,571.9489015696628,1875.66426941867,888.2924677093434,1954.3616584181718,638.1838488216735,1971.9858224432749,1515.2539002658636,1128.2302053269373,1112.2077196391267,1213.066397828877,907.1650798511713,2275.681426227673,775.3027402962763,1918.4180265277398,851.661595014167,1201.933213915739,526.1231423823091,1183.8070594339347,1983.006691134901,1621.3648447910734,1521.7660827409513,1190.7864971906733,753.6342335778537,960.4431117664946,1544.8312267857032,1042.2794146784263,658.2959835875532,1159.7688120962857,1197.0615182797474,639.1377896158751,inf,673.8471882685627,752.6049928178246,913.6415629088772,1423.5790983256031,735.8941454920573,1005.4022261445904,1901.3862281598588,1308.118060518925,1074.936303245422,686.0478735238552,1120.546459229071,2197.8781226500523,1892.1593488574952,1092.2792240129934,inf,1513.8357998625456,1491.9630910351145,722.1937951034981,1479.507878489203,1243.626851981083,1458.4961279237134,1108.7545921801398,1883.6402848143246,980.6397948648163,1039.6963754632898,898.0590856256817,912.3251472434604
topology_dysplasia_18_clean.csv,1031.2582350147889,0.0,1258.975205046902,596.9090329173557,1158.7076660991927,1084.1398837480742,783.001931766438,1528.6278169432915,546.3329348985584,1573.6774520953975,719.6089608871418,1718.3283945072083,781.6369201656312,567.22342160252,683.0938713123966,635.1040301321852,528.7329970421852,1927.6520834408102,618.5594561457883,1565.1883172748078,576.8452985924195,1123.3351806750854,927.8536715943662,811.5826267646282,1603.5702714941526,1546.5860980138443,844.3491604166298,580.2249768768573,687.100124945659,537.1892320403872,881.7833120900682,470.87877332709286,1238.6418492813832,1298.7537764404328,1120.3891300593652,1072.692163867778,inf,891.2794930118953,1103.0663872408718,1186.2526530714142,1045.9852729805052,652.9440326578554,1101.3412134149744,1548.6553041651132,745.8557002271301,547.3696892193093,650.8580159829683,936.4101616897649,1780.1524887812768,1553.4419201987935,1239.702245354174,inf,1453.1814258028498,1132.4734336855588,730.6480610840713,740.2673654663772,1027.1989360267885,782.8610051651603,1188.626139255947,1491.8105955908197,867.3189063495224,679.5160705084629,678.360745313399,542.2509124632211
topology_ad_carcinoma_2_clean.csv,1538.3585045894163,1258.975205046902,0.0,1450.4958751154454,489.1894810577482,521.6890360288131,1411.3004039282619,645.646930048099,1447.9387724808976,619.9185012954594,1213.1225387530544,754.7022726356115,1276.7396123042945,1133.6892637397764,1282.4095764568108,1124.2420886375623,1128.5051932201018,910.4701309224001,1253.665104937583,625.1357333541632,1282.5145400904275,583.2342270581588,1469.450887280952,810.8020061635444,663.6612017314714,890.7773884987946,1137.0476366571106,1188.076712100276,1474.331644891366,1393.7930848371698,1085.135562085078,1303.3129217649482,1580.8042373114574,943.9556164581466,765.1662786925982,1758.799055889122,inf,1248.1840344025654,1922.5499054537938,1120.62559183253,610.6345661292754,1517.0335742776151,837.7301901935282,664.3161122947216,983.3282061253256,1111.096957954384,1392.4773459755656,685.2983530953796,829.9280670707864,593.6764633359844,1014.3648544494802,inf,777.3703709153491,463.1816097241823,1555.591375194543,1446.1606707705648,580.4741006300773,1082.603945022239,911.536783949515,595.6068211878426,834.8497108226987,906.3486995048999,1110.407743576943,1414.3720462443566
topology_carcinoma_2_clean.csv,782.0773168909169,596.9090329173557,1450.4958751154454,0.0,1329.3084190363406,1285.585077811171,654.7123300143907,1760.931194976939,511.400771498892,1791.2486139421162,651.6868189882226,1881.0415343413044,979.1289728273088,721.0207393528708,885.84378465153,856.1276287802997,590.4357928297659,2129.241994552366,545.9815603542586,1761.9158192555446,668.6184675758913,1238.759185487756,751.5365482088961,996.6150008639008,1813.7198335721282,1566.7758513739623,1116.4888051479136,824.3110709471899,452.19945722938724,473.89002767046514,1171.5006015698584,556.4008051722078,1053.0973399552558,1367.7317100704722,1169.6075101556048,782.5644075958353,inf,862.3626672569437,830.2940093150931,1155.620010600041,1321.386707721786,434.425028795215,1169.8007578215397,1741.5074657739792,932.9512950029371,728.5174132351468,471.6121350658785,1102.3036321600634,2012.3228887133225,1741.518222114717,1299.8048609568234,inf,1529.2076973967585,1343.2393920613251,590.8368571513267,890.6740916657235,1153.3998638940857,1024.3160836354136,1303.1474349891134,1694.5503341438102,920.9424453942786,765.5372619238885,656.7820382687762,465.2437782615783
topology_ad_carcinoma_10_clean.csv,1489.0354322805583,1158.7076660991927,489.1894810577482,1329.3084190363406,0.0,452.24521015233773,1336.9955961106025,650.080845582005,1329.9997971743958,649.4125747793934,1159.0293892527932,748.8721063595441,1070.0987000691416,979.9138708112989,1205.7048343001347,1015.2006201784013,1011.7399934408827,958.0822449548205,1155.9899363986297,629.3660010875805,1169.8063377256601,649.0554669858402,1385.5240606857442,700.2203395489781,693.2646830666898,890.9827454006057,958.1682265489843,1041.1203515196871,1355.6431621102947,1225.6528322835009,891.4795356359508,1167.2070419362456,1549.7030186529296,1010.2099335092504,787.787168942846,1685.822273807496,inf,1222.6892628960416,1806.6395408619487,1128.7548689991056,610.4350314574771,1411.116249731132,855.9463345909315,602.1292434057278,761.5126347366097,994.0137831473005,1282.8668803391006,633.7374208107417,858.84148475107,590.8206074450547,1033.2826959347979,inf,820.955380193955,380.6733054751576,1479.666630016404,1210.212811528798,518.7667764575796,892.420833958741,910.4273184563848,593.8898577059903,758.3203317173245,777.0343735940259,1003.4271456530777,1240.9392561342202
topology_ad_carcinoma_9_clean.csv,1371.1279605634845,1084.1398837480742,521.6890360288131,1285.585077811171,452.24521015233773,0.0,1218.5630328814598,782.9498015431236,1278.4638443078265,810.8377034036955,1046.8846676462736,891.367757691266,1114.7732570816443,991.3571639074328,1119.961694116926,928.8635375753274,957.4963661555774,1125.4312101244207,1064.8596641259064,770.0461153894837,1097.8348953883026,543.7076934298373,1301.219105158454,698.7752767492033,838.4208639412924,950.733047478709,1041.9290897398146,1003.3501150906228,1307.6309677779664,1220.7247609438052,915.2536329900511,1136.6838632407596,1436.722188907116,847.2874418903707,755.0177991696972,1589.7311994950164,inf,1133.504856229648,1721.1244107765904,1043.4438745369287,581.4622301500299,1328.7879947540991,731.8849002321952,772.0077086183994,806.7317795213412,945.2016088540215,1218.188437181217,520.8884710344216,1016.7895319704127,733.9096353207799,924.934736381476,inf,801.7840410611357,457.28953859251817,1405.6094331651266,1260.2069021585116,496.6805541638215,924.7069001953042,789.9696693289212,745.3029413511356,728.9403451502988,785.071627050479,950.1228953898512,1226.4722433130453
topology_dysplasia_5_clean.csv,571.9489015696628,783.001931766438,1411.3004039282619,654.7123300143907,1336.9955961106025,1218.5630328814598,0.0,1748.0810345142502,712.3917276397116,1808.5581448984233,518.5096772294017,1878.2148716626175,1279.87940019115,900.6116235904349,869.3640013157176,987.5906065895183,696.6353289943886,2154.0277382394424,533.3068164267563,1800.0215401755513,637.0451503425733,1106.502569372385,537.119378424088,990.0149758657345,1837.722127081247,1577.1158796943366,1301.6745440834968,941.887644492211,676.83634010378,784.8811561351132,1296.7853657949513,816.1953920211167,719.2008916128284,1083.2038155901275,1123.9393908541842,676.2870443897594,inf,637.9970424635227,751.2144180754668,940.447438734208,1243.2985194445198,622.7362191556225,884.8226806152927,1770.1911847886124,1070.1952635062066,840.1391504032528,590.7236222124475,955.1793889152232,2055.8115596966145,1750.6171258522072,1035.7416977566681,inf,1464.6166083107366,1333.5672511841951,602.4159449396648,1208.794637243697,1121.9062481138294,1189.1675237990507,1024.134144565643,1738.3177982039613,868.979828139067,844.6517069770433,708.4653458416849,728.4956446705131
topology_ad_carcinoma_3_clean.csv,1875.66426941867,1528.6278169432915,645.646930048099,1760.931194976939,650.080845582005,782.9498015431236,1748.0810345142502,0.0,1680.7282254079119,572.9018852259276,1575.9871558119032,706.256275609042,1410.8471130414382,1335.0973262976318,1411.2235837709143,1352.4740667008793,1416.9841883520703,789.6200831328036,1599.6795431357252,567.810214682547,1510.8671886589177,956.1739558156659,1812.295543060018,1070.7923139875652,644.604542922988,1049.7301378724276,1197.458926685407,1309.971985604917,1790.3848376173585,1661.1399486617956,1130.2330625228751,1524.9118162738007,1938.070761368832,1276.3283312579156,997.2891492308943,2123.419075151697,inf,1595.1830731418795,2249.3692282987754,1352.9755524764255,812.4802687289892,1815.6512389549882,1194.852655913786,599.3736052415964,1133.3129202238313,1360.1984910611827,1741.799991212847,1005.063173836951,695.8556544928348,585.754283131235,1315.542160948612,inf,998.8180605260325,641.4320624663251,1885.6891361584385,1557.9023107469407,842.0348444918301,1238.126798769385,1158.2305263482274,553.3607444830086,1116.0244956018364,1185.5387676561345,1408.4456787729066,1677.2237766819535
topology_dysplasia_14_clean.csv,888.2924677093434,546.3329348985584,1447.9387724808976,511.400771498892,1329.9997971743958,1278.4638443078265,712.3917276397116,1680.7282254079119,0.0,1763.9813923903287,665.1417853925981,1848.824074747303,928.7463693788402,708.1696675160716,718.3987770799881,748.3009061033109,620.5820542547153,2122.1020390111166,592.1095359605442,1747.8962559055622,533.4774578095029,1245.001108533585,825.3428757297063,936.6949881849815,1785.908487365572,1674.5967906386522,966.0308988042606,708.0010729721694,623.6148017784851,540.4250247754671,1019.8747811582309,562.8821985171724,1114.443147357729,1360.4987877456058,1166.2616540099727,927.2621967268033,inf,908.3089415544908,965.0289155302105,1149.5844579566833,1233.3772751012239,557.6082482938457,1166.7923945295581,1717.5822691576875,893.9693305416046,662.2909306741572,584.1591725765334,1040.4088579531742,1979.9474565141231,1725.7044721551335,1269.896970400025,inf,1631.2309336066678,1330.8386745364119,607.6398972115963,821.4581997964281,1182.2173638238137,923.616480381927,1228.4464801529787,1672.9158213324113,922.7286862284096,768.7891930518457,674.3556913169098,497.90201144994774
topology_ad_carcinoma_1_clean.csv,1954.3616584181718,1573.6774520953975,619.9185012954594,1791.2486139421162,649.4125747793934,810.8377034036955,1808.5581448984233,572.9018852259276,1763.9813923903287,0.0,1618.9915316689455,580.4393659154389,1424.3540397810264,1367.1310163379785,1580.3701709879902,1400.9328708403118,1448.4580473910519,532.3110821022306,1622.5489808889556,396.30880988951435,1588.5170369442394,945.8635111363074,1840.3076476045637,1087.703361887471,418.86558161215265,911.1366679280252,1274.4916528878966,1441.274880988841,1825.385965637896,1689.0011626201947,1202.7788203754117,1588.9032651109376,2001.691572824274,1342.0344281631296,1024.806469663776,2171.3143753639233,inf,1666.7964685982818,2294.3567006096414,1506.0386733141072,829.0294043991943,1861.70168964636,1244.952049230746,457.09229964585097,1147.4598210544393,1408.877957345099,1772.8229503986486,1061.1610558019718,462.5572264465566,439.7416585702992,1442.3911342582146,inf,882.0132989597008,627.9582406823977,1921.9943286398689,1582.8441661284037,861.6788839476372,1231.8266055671038,1271.0787077733005,385.47973725814046,1139.8043399134074,1200.848729132381,1461.4958610048611,1700.3545389556466
topology_dysplasia_13_clean.csv,638.1838488216735,719.6089608871418,1213.1225387530544,651.6868189882226,1159.0293892527932,1046.8846676462736,518.5096772294017,1575.9871558119032,665.1417853925981,1618.9915316689455,0.0,1698.7982124504429,1133.4640947932453,787.0213901552138,767.1468261994953,854.3790297288335,597.0351209543301,1955.040409569995,526.9293497088572,1588.4099350667525,575.7946682682134,915.5316878593726,569.6358477080358,810.000277375133,1639.8071258534596,1461.9064463113682,1164.6594345920153,867.1869323292752,687.4178700650515,746.8779313878591,1175.9943328139889,776.7283347558684,820.9401513172083,1005.8623347686048,918.8390414947919,786.9092941566928,inf,578.1862736700757,913.901436847563,838.0237512892702,1073.6284757588505,672.0212737595917,831.162597481249,1578.307191119333,958.5229262217356,711.2366565592775,571.125704479706,811.0901500009942,1849.2838569560345,1560.7217791120704,962.4437437936564,inf,1339.2445508666249,1157.9937648026394,631.3168703105698,1112.933414956131,961.1793390650244,1050.8747106269182,918.460026505253,1541.758031351242,672.851403120152,683.6243718274645,589.4824155038999,693.8581334420505
topology_ad_dysplasia_7_clean.csv,1971.9858224432749,1718.3283945072083,754.7022726356115,1881.0415343413044,748.8721063595441,891.367757691266,1878.2148716626175,706.256275609042,1848.824074747303,580.4393659154389,1698.7982124504429,0.0,1612.7711289055644,1508.2679453345766,1717.025650103959,1555.8868327285295,1578.001014702778,588.0487750350276,1739.2063200888608,474.7210023966219,1700.8844364280392,982.9827598566371,1930.1421728395437,1268.8696628647192,443.2008007930524,773.6746956413199,1446.4450432813487,1573.469721127509,1920.4826190878855,1803.189938638427,1376.4035451935724,1690.9707963804242,2023.4013744947817,1329.0424311658269,1056.2835639741004,2220.5029575697567,inf,1718.8275475736395,2370.270885316605,1470.5373611832756,1049.663628194414,1968.4820390907457,1261.8035788758018,505.6597922670209,1273.4232131185377,1551.6688492577553,1847.77065492016,1156.1207088732544,567.9108171335519,473.1183808419856,1463.9291605264777,inf,805.1294783104677,782.499671653442,2039.820918554548,1728.756871951723,948.4443045226972,1455.5142821744128,1305.9909096840047,519.1403919345643,1250.2592343922124,1325.206640590451,1548.1921913692763,1809.6329457337665
topology_dysplasia_17_clean.csv,1515.2539002658636,781.6369201656312,1276.7396123042945,979.1289728273088,1070.0987000691416,1114.7732570816443,1279.87940019115,1410.8471130414382,928.7463693788402,1424.3540397810264,1133.4640947932453,1612.7711289055644,0.0,652.7142168198384,937.0322660716738,606.8669542886804,818.4790539130511,1740.870299344511,1019.9597059131313,1381.051039461687,958.2834866631615,1296.7049964239402,1411.0309474601993,880.8646568479248,1482.0971652979133,1556.57090897388,613.0653024558595,659.381250689946,1154.0797885085196,911.783608270041,661.86114527835,755.1239064009516,1741.2974024069547,1583.3580437863754,1336.9616527200042,1576.7977382870959,inf,1378.4493900964721,1601.0144453962523,1603.7004109299212,1059.2574181573314,1082.4190020452013,1379.5425964945196,1349.5675778951274,610.9926819245111,683.8172704122129,1073.0264825131012,1069.4316138045397,1571.3605323250372,1436.4285663265016,1507.7049057752401,inf,1545.547884267581,1088.6322914955858,1154.534081117142,514.3523493208255,1112.6653255515987,509.4803557108045,1411.6503894227465,1333.7345476390042,1106.0347122134897,870.3004842756353,969.6947645334787,862.7125011966423
topology_carcinoma_8_clean.csv,1128.2302053269373,567.22342160252,1133.6892637397764,721.0207393528708,979.9138708112989,991.3571639074328,900.6116235904349,1335.0973262976318,708.1696675160716,1367.1310163379785,787.0213901552138,1508.2679453345766,652.7142168198384,0.0,660.91124031308,597.694874662482,519.03016492175,1714.668676289385,693.013284876593,1354.58459962467,638.3970023477675,1043.248330738611,1017.7531858678085,675.4781380814652,1414.9301087388399,1453.3335330278921,707.4429671117101,571.6003627603952,814.9932558799055,616.4657747371597,767.7951722783134,544.2848354070887,1333.820646089824,1290.5169409447897,967.5889457885285,1231.709633273822,inf,944.8944306778304,1281.4372601942805,1195.9607699529752,928.3728142657139,802.6813512960059,1095.0102267575785,1332.4457111232498,639.9351850957543,499.81418090763077,771.0911734321521,853.7509079864199,1565.1794088839902,1365.3377359704866,1209.9412416663047,inf,1375.7884193367831,972.7294613804887,867.3255739220774,672.4136335921153,897.5197796214379,619.6015015712421,1172.165191597834,1281.6451123178517,750.0992317255669,573.7839553527026,617.4076650273988,604.6559549661555
topology_dysplasia_10_clean.csv,1112.2077196391267,683.0938713123966,1282.4095764568108,885.84378465153,1205.7048343001347,1119.961694116926,869.3640013157176,1411.2235837709143,718.3987770799881,1580.3701709879902,767.1468261994953,1717.025650103959,937.0322660716738,660.91124031308,0.0,694.1844368613721,666.0366743388935,1928.4574568857436,750.9280772075181,1572.2794004987527,611.6224205732756,1091.142343055143,1043.3603387690696,777.8935809625149,1616.2271973866914,1594.9492112634891,902.8565318941412,648.7436949758836,964.8946699291919,860.1037190722874,893.0485434997049,750.5829794659404,1257.1384786272015,1115.9118125237044,1067.232291041838,1255.7197463987613,inf,900.756666906736,1304.2356030599217,1064.5051723859838,998.0642853962156,933.5057291313465,1034.6422582170617,1527.4907101140882,852.4455032113184,625.995306879999,889.8061567576575,888.300236574903,1774.744838658019,1583.6529667729983,1022.2126433259846,inf,1463.2195203156207,1182.2817727253987,891.424855894675,946.3687233547298,1053.837325832718,827.3472627953018,942.0163499901498,1486.7584736440992,859.516798647444,757.6747451739114,727.5251769615586,813.5673462110891
topology_carcinoma_20_clean.csv,1213.066397828877,635.1040301321852,1124.2420886375623,856.1276287802997,1015.2006201784013,928.8635375753274,987.5906065895183,1352.4740667008793,748.3009061033109,1400.9328708403118,854.3790297288335,1555.8868327285295,606.8669542886804,597.694874662482,694.1844368613721,0.0,685.4514457767298,1766.959216895303,795.9289949021049,1405.5106198118451,693.5566544475273,1088.2974545736854,1134.0039106966622,699.1844913151589,1445.7113819948827,1515.7988507633793,677.9674530689515,545.796232086101,978.152322821012,800.0550565768413,668.5498564367774,671.4774200970114,1418.238034845463,1249.430994083468,1104.188865878234,1354.4618421142204,inf,1076.9072176840357,1395.0548509282282,1267.2297105070863,859.6263167105449,942.544080178043,1085.9458299964988,1367.3494634828187,666.7904033763523,545.7939613077434,910.0629957142129,831.33477217187,1618.9179125731469,1391.1968467003344,1165.7462726550825,inf,1420.7562849484762,1004.2291044146423,984.7920253433185,699.7217939942694,990.2740497236111,585.2056732485312,1078.6649569957228,1318.216586557757,881.2832736780273,715.0713323144906,701.0393371366009,756.1618090403826
topology_dysplasia_11_clean.csv,907.1650798511713,528.7329970421852,1128.5051932201018,590.4357928297659,1011.7399934408827,957.4963661555774,696.6353289943886,1416.9841883520703,620.5820542547153,1448.4580473910519,597.0351209543301,1578.001014702778,818.4790539130511,519.03016492175,666.0366743388935,685.4514457767298,0.0,1815.83148630004,527.0306850602444,1431.3451383244155,577.4036751419821,943.0826360122505,825.7245617182455,684.2927588303402,1484.0786008297173,1335.671140957024,852.9289427021495,558.2071579201139,687.5874730586401,588.2518379974692,857.8171873987205,527.8717159719844,1089.9420092472917,1125.5323307916087,938.1307647801575,1008.5660000066383,inf,800.0602559728161,1123.0434564452792,1037.420534002629,965.2412328279466,668.8400520718793,936.5772980754471,1415.6842504110505,657.4026493098606,487.86488390797285,630.1251028275705,783.0140813875705,1690.0004957987198,1427.3485357662719,1062.575560112642,inf,1259.9251336119735,1000.4276894151113,719.3073619069692,809.4207942806289,842.7501102593639,758.8135496530373,1050.0602770679363,1376.0133904454067,679.7974895391116,542.7348365829554,524.974903637616,606.6596248169908
topology_ad_carcinoma_8_clean.csv,2275.681426227673,1927.6520834408102,910.4701309224001,2129.241994552366,958.0822449548205,1125.4312101244207,2154.0277382394424,789.6200831328036,2122.1020390111166,532.3110821022306,1955.040409569995,588.0487750350276,1740.870299344511,1714.668676289385,1928.4574568857436,1766.959216895303,1815.83148630004,0.0,1975.431597095101,516.6657551067401,1960.580432926698,1239.1606449989981,2190.9660234258963,1447.4049465958558,533.0637896685525,1026.0454394335086,1636.9975260109884,1809.9795054802923,2174.2257313380396,2046.3844219833334,1574.3118312950965,1940.91192277634,2320.5639928654264,1607.1621305717997,1266.7989345923909,2499.086816465218,inf,1983.005669208511,2636.463375863757,1764.2168461228598,1179.2602355203865,2220.157557475213,1547.926654410553,570.3050402369745,1488.1973788596297,1768.2272191773288,2108.829445507647,1404.3995813466865,410.0241812278015,570.4068688955958,1749.806090910759,inf,1055.127220824576,942.8634232612728,2277.6755312926016,1909.591909077203,1166.6282673062194,1581.9442162176224,1597.7232989933434,594.1152351797365,1465.5354797305606,1533.6881973447867,1819.4946590089003,2047.297417235148
topology_carcinoma_13_clean.csv,775.3027402962763,618.5594561457883,1253.665104937583,545.9815603542586,1155.9899363986297,1064.8596641259064,533.3068164267563,1599.6795431357252,592.1095359605442,1622.5489808889556,526.9293497088572,1739.2063200888608,1019.9597059131313,693.013284876593,750.9280772075181,795.9289949021049,527.0306850602444,1975.431597095101,0.0,1609.3971103201527,544.2450330117997,1035.4967775953182,651.0187379285229,813.4551736645456,1650.084111398357,1471.5922159571937,1069.1561161904328,745.4175145032557,605.377059515868,611.991277922136,1067.0484024065559,638.9045282516071,925.5440580404284,1126.2770114695923,1001.0316815249196,819.2894138730228,inf,770.5285473008707,900.0701194616784,991.686055244762,1079.340709435169,588.4601155827884,924.3821220697171,1585.386933543461,812.7467133908035,607.4727435873685,522.1034261042329,833.6980467165341,1857.1812601088939,1571.8299123533154,1056.5327109720356,inf,1396.2334890343816,1157.9659493853496,627.2111491264793,937.0725918823317,1005.8875010529773,937.0151610201692,1040.4186757852272,1557.4809289256616,765.2641708238872,620.0991786063486,524.1495641960696,563.3561365151439
topology_ad_carcinoma_4_clean.csv,1918.4180265277398,1565.1883172748078,625.1357333541632,1761.9158192555446,629.3660010875805,770.0461153894837,1800.0215401755513,567.810214682547,1747.8962559055622,396.30880988951435,1588.4099350667525,474.7210023966219,1381.051039461687,1354.58459962467,1572.2794004987527,1405.5106198118451,1431.3451383244155,516.6657551067401,1609.3971103201527,0.0,1588.891064947269,922.7859543297205,1827.2756547896463,1089.5116656312032,417.92379890383893,808.5174907683413,1289.1834266410888,1427.310476490783,1811.1261922591998,1674.1836136900179,1210.9905078039153,1569.4165451979832,1974.609333687872,1286.633241574535,1014.3781718066655,2146.1756353937417,inf,1644.4153098121615,2284.096524558792,1472.6929420254646,853.410720596203,1841.9717975112358,1216.9922209208519,383.7154637378229,1113.137946772507,1398.5324441429475,1735.9799405206654,1028.2270992839221,451.3425648070055,421.5745492779263,1409.5051486557197,inf,812.1852188012721,612.9666826489602,1909.325225257398,1543.2048861710218,831.7487069999021,1234.2350522959443,1248.0721303440669,397.2107761909625,1136.4119523171587,1175.0965714020801,1451.5530233631214,1683.3345288058915
topology_carcinoma_9_clean.csv,851.661595014167,576.8452985924195,1282.5145400904275,668.6184675758913,1169.8063377256601,1097.8348953883026,637.0451503425733,1510.8671886589177,533.4774578095029,1588.5170369442394,575.7946682682134,1700.8844364280392,958.2834866631615,638.3970023477675,611.6224205732756,693.5566544475273,577.4036751419821,1960.580432926698,544.2450330117997,1588.891064947269,0.0,1066.2284619710522,762.491040683655,758.1536298795877,1619.1680000498172,1557.9881032014532,931.8548667394714,635.6100606401205,742.706716820632,674.2312107395167,921.5886591356542,667.204578478433,1008.6716211975597,1158.1053511591597,999.9417487316175,980.7630057318634,inf,789.0562647439315,1031.5252875037006,979.338388054343,1038.0509106669651,674.9984117283323,988.7841562376948,1549.5552104885119,796.0982162715721,567.0034600509284,667.276882397492,874.4968207982347,1809.3792853504835,1564.7611915657133,1087.176764536594,inf,1471.7800503652616,1159.8238350272368,674.1414376257178,892.976373574311,1051.4170971983563,861.8926381348539,1018.8630771836176,1508.7832563419784,768.1066178178193,673.7441478274387,562.0833413018609,576.7639193616549
topology_ad_carcinoma_12_clean.csv,1201.933213915739,1123.3351806750854,583.2342270581588,1238.759185487756,649.0554669858402,543.7076934298373,1106.502569372385,956.1739558156659,1245.001108533585,945.8635111363074,915.5316878593726,982.9827598566371,1296.7049964239402,1043.248330738611,1091.142343055143,1088.2974545736854,943.0826360122505,1239.1606449989981,1035.4967775953182,922.7859543297205,1066.2284619710522,0.0,1158.662484702782,720.853119875875,975.4593969835691,896.9823695888671,1224.3512008677367,1096.5560351050963,1260.2776929318777,1227.6434783687043,1148.4489329478677,1172.4218296688405,1238.0043579665044,652.8857028950242,684.0844476579075,1434.3102084647217,inf,943.45709259313,1580.6653339767688,858.6168045611639,686.5973854194286,1279.526894600368,521.0840265772804,943.7856737688284,991.3821548110584,948.6760424766586,1141.7643815775327,535.127004054556,1173.94985854803,893.5671577036776,726.6015564833531,inf,745.8186629701256,588.0263999482245,1287.8012120327019,1427.4383512756283,485.2907335020785,1116.963950311717,652.5829228293122,896.3197838807854,662.4644056521537,830.2474629488814,939.9353341788625,1214.6596873885671
topology_carcinoma_4_clean.csv,526.1231423823091,927.8536715943662,1469.450887280952,751.5365482088961,1385.5240606857442,1301.219105158454,537.119378424088,1812.295543060018,825.3428757297063,1840.3076476045637,569.6358477080358,1930.1421728395437,1411.0309474601993,1017.7531858678085,1043.3603387690696,1134.0039106966622,825.7245617182455,2190.9660234258963,651.0187379285229,1827.2756547896463,762.491040683655,1158.662484702782,0.0,1056.1129626865606,1879.7619428403616,1665.165250517494,1427.8368261913702,1118.0187632081472,737.1275063666822,872.3266055609048,1434.7675164369246,937.7136163048042,652.7981346087856,1176.0479926369276,1119.688032897187,623.1464595888215,inf,630.3055208026547,673.9965540053099,952.4647113530102,1333.249171041614,673.3377922900814,1020.4175012190107,1821.9388547577505,1194.1250768191453,978.4224097969634,633.7933485940425,1061.000567524925,2087.3426740962122,1799.1717504896678,1139.5628136973528,inf,1554.9780195299177,1391.0601579469778,586.7773056083879,1316.0592752417967,1187.981365942883,1317.4380403323892,1102.4233374266994,1768.5589611668252,890.5954990420572,911.9793495658504,797.2657181685528,803.0628477135638
topology_ad_carcinoma_15_clean.csv,1183.8070594339347,811.5826267646282,810.8020061635444,996.6150008639008,700.2203395489781,698.7752767492033,990.0149758657345,1070.7923139875652,936.6949881849815,1087.703361887471,810.000277375133,1268.8696628647192,880.8646568479248,675.4781380814652,777.8935809625149,699.1844913151589,684.2927588303402,1447.4049465958558,813.4551736645456,1089.5116656312032,758.1536298795877,720.853119875875,1056.1129626865606,0.0,1143.2597737269389,1276.8566697606457,798.1687197275236,725.3723908878142,1069.7425196376146,958.5458465805043,765.6577570929103,883.9077096484232,1270.4239200848383,981.4456132982452,794.3876505758424,1355.9388008601813,inf,953.8092645942879,1437.1015099197002,1017.6809402755027,623.7338829610793,1045.5320619377287,801.6550336367332,1074.1221860067149,704.7533376291692,629.7263864451104,953.2837285142277,555.6908541113057,1296.730914844352,1104.8353198628845,939.826364149844,inf,1146.4468878117134,698.3512978994812,1029.9703148382582,969.6285982987429,691.9510142741844,701.5334879413763,847.8542475118758,1015.9315445203247,630.6010812073395,570.8340185948817,668.2131596839887,897.2619956454319
topology_ad_carcinoma_5_clean.csv,1983.006691134901,1603.5702714941526,663.6612017314714,1813.7198335721282,693.2646830666898,838.4208639412924,1837.722127081247,644.604542922988,1785.908487365572,418.86558161215265,1639.8071258534596,443.2008007930524,1482.0971652979133,1414.9301087388399,1616.2271973866914,1445.7113819948827,1484.0786008297173,533.0637896685525,1650.084111398357,417.92379890383893,1619.1680000498172,975.4593969835691,1879.7619428403616,1143.2597737269389,0.0,860.5835637273317,1365.2897767657566,1472.7642448317708,1853.8748229590356,1722.5115198461413,1276.5956486502944,1605.8519871199153,2038.6856536112784,1347.1627608964404,1089.5592753543824,2197.670343859273,inf,1680.8893942239508,2321.754387858965,1539.79758797218,930.5837738418838,1888.2011126930563,1262.5489451892392,421.4652473883612,1163.3199771705383,1439.2650869309534,1794.4257810178697,1106.2342557907516,420.83467440269385,396.12789834749515,1460.3583014126962,inf,867.5446196999351,680.7402715785208,1953.7063887967852,1621.1732054143677,888.8137195538284,1301.025766812258,1287.5345294071276,383.57665791786826,1184.2059588920424,1233.2821473415436,1502.1476008200084,1726.9976443710743
topology_ad_dysplasia_8_clean.csv,1621.3648447910734,1546.5860980138443,890.7773884987946,1566.7758513739623,890.9827454006057,950.733047478709,1577.1158796943366,1049.7301378724276,1674.5967906386522,911.1366679280252,1461.9064463113682,773.6746956413199,1556.57090897388,1453.3335330278921,1594.9492112634891,1515.7988507633793,1335.671140957024,1026.0454394335086,1471.5922159571937,808.5174907683413,1557.9881032014532,896.9823695888671,1665.165250517494,1276.8566697606457,860.5835637273317,0.0,1565.2088786824233,1475.5222655836471,1605.5361249701803,1569.164603842257,1430.0210973035812,1513.798160467772,1646.7076538374672,1035.0296333393073,1241.909228749367,1738.372489389513,inf,1487.7636453613839,1980.1186667579104,1387.2566927682105,1136.584134627817,1669.4097820591521,956.5716218310984,873.8095424683122,1095.2406488019076,1406.7244018438964,1550.6452628708068,1078.685842067147,1042.8615277486167,840.3162592570741,1178.3802971053606,inf,329.45998779260844,892.9398424670314,1746.4014485835821,1680.4850518558064,801.2784409568964,1461.0326203408756,1170.7617344237976,833.6657988453438,1226.840192124593,1361.6722372406714,1465.969268681508,1622.8720286933344
topology_dysplasia_7_clean.csv,1521.7660827409513,844.3491604166298,1137.0476366571106,1116.4888051479136,958.1682265489843,1041.9290897398146,1301.6745440834968,1197.458926685407,966.0308988042606,1274.4916528878966,1164.6594345920153,1446.4450432813487,613.0653024558595,707.4429671117101,902.8565318941412,677.9674530689515,852.9289427021495,1636.9975260109884,1069.1561161904328,1289.1834266410888,931.8548667394714,1224.3512008677367,1427.8368261913702,798.1687197275236,1365.2897767657566,1565.2088786824233,0.0,618.968311054121,1241.0436168773012,990.9427098148797,508.04966411515124,851.9852670980391,1711.9981080354023,1499.5833870034073,1178.9642445783988,1665.6770705078998,inf,1334.1099757004597,1712.1599711608148,1461.1441049756004,916.0853380439579,1211.5082073788253,1315.7807460196245,1236.9366132321547,690.8519555784023,733.1843611833214,1173.0925536148586,1013.24592432507,1457.0513214071368,1320.519417777808,1442.6477938229493,inf,1517.2502431982673,995.729916470843,1243.1755407730304,713.6016193735247,1034.3780728757472,526.4392339334804,1321.5316885735108,1202.7851390766407,1040.170939166218,819.1944985538875,939.7719110372941,974.7618247029686
topology_carcinoma_17_clean.csv,1190.7864971906733,580.2249768768573,1188.076712100276,824.3110709471899,1041.1203515196871,1003.3501150906228,941.887644492211,1309.971985604917,708.0010729721694,1441.274880988841,867.1869323292752,1573.469721127509,659.381250689946,571.6003627603952,648.7436949758836,545.796232086101,558.2071579201139,1809.9795054802923,745.4175145032557,1427.310476490783,635.6100606401205,1096.5560351050963,1118.0187632081472,725.3723908878142,1472.7642448317708,1475.5222655836471,618.968311054121,0.0,941.2156804417616,752.8024777136922,606.5837658151052,619.0594881052209,1373.3774948390917,1268.7762716494897,1088.9904388495472,1309.7746426662757,inf,1058.8518753112448,1377.2565516657116,1229.7971874204782,928.1004682863161,885.8772450011381,1094.1612073018496,1391.0285544786184,618.5146381957327,508.55265723740666,890.0758777022612,864.5759457563449,1643.618471507628,1436.311147414219,1198.4549185134751,inf,1401.3939105856095,1032.3221586227896,948.3841117715347,673.2754443458962,971.4480604374295,608.6188710091826,1103.1674352619839,1361.7541237721173,866.4851701879982,679.3753713756664,707.4074776024765,735.2987046903656
topology_dysplasia_19_clean.csv,753.6342335778537,687.100124945659,1474.331644891366,452.19945722938724,1355.6431621102947,1307.6309677779664,676.83634010378,1790.3848376173585,623.6148017784851,1825.385965637896,687.4178700650515,1920.4826190878855,1154.0797885085196,814.9932558799055,964.8946699291919,978.152322821012,687.5874730586401,2174.2257313380396,605.377059515868,1811.1261922591998,742.706716820632,1260.2776929318777,737.1275063666822,1069.7425196376146,1853.8748229590356,1605.5361249701803,1241.0436168773012,941.2156804417616,0.0,541.6339028987918,1277.409499083307,661.0149268367122,1029.0542760780854,1387.275067377332,1177.436691944658,700.7886096810824,inf,853.228527396005,776.7709733696652,1178.429014731905,1350.5622210370857,510.8324077510583,1196.6328017197216,1787.5791131316496,1023.5843844302395,841.3314375522457,477.8181074689435,1136.8228966262404,2073.433829081423,1773.0197919588936,1342.3086455931068,inf,1538.558004328599,1375.2469636843148,675.0321027130943,1024.7672253775233,1184.3567312987268,1116.2106898901156,1336.4000772856334,1753.1221320375303,975.3349710698274,840.2195051667047,752.8664630206499,593.2620531014106
topology_carcinoma_5_clean.csv,960.4431117664946,537.1892320403872,1393.7930848371698,473.89002767046514,1225.6528322835009,1220.7247609438052,784.8811561351132,1661.1399486617956,540.4250247754671,1689.0011626201947,746.8779313878591,1803.189938638427,911.783608270041,616.4657747371597,860.1037190722874,800.0550565768413,588.2518379974692,2046.3844219833334,611.991277922136,1674.1836136900179,674.2312107395167,1227.6434783687043,872.3266055609048,958.5458465805043,1722.5115198461413,1569.164603842257,990.9427098148797,752.8024777136922,541.6339028987918,0.0,1021.7630583324438,481.96854271269524,1183.665519846549,1384.3760166484578,1159.7069761576934,943.5813266772225,inf,940.3078209436134,960.2733141309076,1243.3132761060822,1226.1360699468348,550.1452387415465,1187.676548901255,1650.2015975083452,803.8030997212261,678.4728375457015,536.150166830541,1059.1279736976117,1916.7675914988224,1635.1552162493986,1341.6010987143095,inf,1492.3731530026348,1258.4169288957644,696.2513973998468,720.4327132014121,1090.706576240246,871.3826051847503,1301.0927428700638,1598.0830083669716,912.9256287723172,734.6113425957019,697.212876667013,463.8956748311706
topology_dysplasia_8_clean.csv,1544.8312267857032,881.7833120900682,1085.135562085078,1171.5006015698584,891.4795356359508,915.2536329900511,1296.7853657949513,1130.2330625228751,1019.8747811582309,1202.7788203754117,1175.9943328139889,1376.4035451935724,661.86114527835,767.7951722783134,893.0485434997049,668.5498564367774,857.8171873987205,1574.3118312950965,1067.0484024065559,1210.9905078039153,921.5886591356542,1148.4489329478677,1434.7675164369246,765.6577570929103,1276.5956486502944,1430.0210973035812,508.04966411515124,606.5837658151052,1277.409499083307,1021.7630583324438,0.0,922.9925379664048,1678.030552795284,1421.3614949114171,1177.695021830069,1675.6478477510916,inf,1371.205803843554,1733.3167942802859,1444.1502554742674,842.6834693395899,1240.0205285971708,1220.8335107135988,1160.5032101542229,608.1894976562163,746.6829327435538,1217.4450063634486,917.5221713968878,1395.1819003709647,1249.7455294354127,1349.614163300738,inf,1376.2295990311375,917.3132277606254,1264.077830793393,747.1592505650331,976.0690472603061,499.8258693210307,1207.9900168737845,1139.3687244986165,1025.0793152361616,859.493722709424,939.3849747114273,1026.1347025108053
topology_carcinoma_7_clean.csv,1042.2794146784263,470.87877332709286,1303.3129217649482,556.4008051722078,1167.2070419362456,1136.6838632407596,816.1953920211167,1524.9118162738007,562.8821985171724,1588.9032651109376,776.7283347558684,1690.9707963804242,755.1239064009516,544.2848354070887,750.5829794659404,671.4774200970114,527.8717159719844,1940.91192277634,638.9045282516071,1569.4165451979832,667.204578478433,1172.4218296688405,937.7136163048042,883.9077096484232,1605.8519871199153,1513.798160467772,851.9852670980391,619.0594881052209,661.0149268367122,481.96854271269524,922.9925379664048,0.0,1248.6827049445533,1359.1978449506394,1134.0767544347946,1075.8109773715664,inf,936.1106598718237,1078.112343863992,1244.3705313365615,1126.6602585877856,633.5995539909087,1134.3405245126753,1540.7028455999543,717.9873575403176,589.1249901817285,631.1218210044424,983.19489530052,1808.5802190576317,1534.3554999745843,1273.1024788924055,inf,1436.7064768207313,1163.6154709718385,748.3446318319665,687.5206610834638,1024.8091723169039,793.5176745702646,1233.823167757795,1496.5900654171026,897.2908014122476,712.1196055475625,693.2900458891803,532.8833636373216
