,topology_ad_carcinoma_2_clean_tumorales.csv,topology_ad_dysplasia_1_clean_tumorales.csv,topology_carcinoma_4_clean_tumorales.csv,topology_dysplasia_10_clean_tumorales.csv,topology_ad_carcinoma_12_clean_tumorales.csv,topology_ad_carcinoma_8_clean_tumorales.csv,topology_ad_dysplasia_5_clean_tumorales.csv,topology_dysplasia_17_clean_tumorales.csv,topology_ad_dysplasia_3_clean_tumorales.csv,topology_carcinoma_10_clean_tumorales.csv,topology_carcinoma_20_clean_tumorales.csv,topology_ad_dysplasia_4_clean_tumorales.csv,topology_carcinoma_19_clean_tumorales.csv,topology_dysplasia_12_clean_tumorales.csv,topology_carcinoma_12_clean_tumorales.csv,topology_dysplasia_15_clean_tumorales.csv,topology_ad_carcinoma_15_clean_tumorales.csv,topology_dysplasia_9_clean_tumorales.csv,topology_carcinoma_11_clean_tumorales.csv,topology_carcinoma_5_clean_tumorales.csv,topology_carcinoma_1_clean_tumorales.csv,topology_dysplasia_18_clean_tumorales.csv,topology_ad_dysplasia_10_clean_tumorales.csv,topology_dysplasia_14_clean_tumorales.csv,topology_dysplasia_16_clean_tumorales.csv,topology_carcinoma_9_clean_tumorales.csv,topology_carcinoma_17_clean_tumorales.csv,topology_carcinoma_18_clean_tumorales.csv,topology_ad_carcinoma_7_clean_tumorales.csv,topology_carcinoma_6_clean_tumorales.csv,topology_ad_carcinoma_14_clean_tumorales.csv,topology_dysplasia_19_clean_tumorales.csv,topology_carcinoma_3_clean_tumorales.csv,topology_dysplasia_4_clean_tumorales.csv,topology_ad_carcinoma_4_clean_tumorales.csv,topology_ad_carcinoma_10_clean_tumorales.csv,topology_ad_carcinoma_1_clean_tumorales.csv,topology_dysplasia_1_clean_tumorales.csv,topology_dysplasia_13_clean_tumorales.csv,topology_ad_carcinoma_6_clean_tumorales.csv,topology_ad_carcinoma_5_clean_tumorales.csv,topology_ad_carcinoma_13_clean_tumorales.csv,topology_dysplasia_11_clean_tumorales.csv,topology_dysplasia_2_clean_tumorales.csv,topology_carcinoma_2_clean_tumorales.csv,topology_carcinoma_7_clean_tumorales.csv,topology_carcinoma_8_clean_tumorales.csv,topology_ad_dysplasia_6_clean_tumorales.csv,topology_carcinoma_15_clean_tumorales.csv,topology_ad_carcinoma_3_clean_tumorales.csv,topology_ad_dysplasia_9_clean_tumorales.csv,topology_ad_carcinoma_9_clean_tumorales.csv,topology_ad_carcinoma_11_clean_tumorales.csv,topology_dysplasia_7_clean_tumorales.csv,topology_dysplasia_6_clean_tumorales.csv,topology_dysplasia_5_clean_tumorales.csv,topology_carcinoma_14_clean_tumorales.csv,topology_dysplasia_3_clean_tumorales.csv,topology_carcinoma_13_clean_tumorales.csv,topology_ad_dysplasia_2_clean_tumorales.csv,topology_carcinoma_16_clean_tumorales.csv,topology_ad_dysplasia_7_clean_tumorales.csv,topology_dysplasia_8_clean_tumorales.csv,topology_ad_dysplasia_8_clean_tumorales.csv
topology_ad_carcinoma_2_clean_tumorales.csv,1.845820033812377e-308,41.98128584477689,71.17260385039053,21.150456052520887,11.806808431971348,9.000752478213833,17.045287400456527,22.113085108668244,10.166019048095505,34.91479097345314,104.58104457740086,53.63572768881173,38.24370667058738,45.573735205241206,44.94131059400024,35.78157572675889,21.13712032820895,76.54807552309622,43.26703535361264,39.38904317989383,44.798308481938264,22.400705104256488,25.852845335762524,33.94119109130012,15.131422090599655,35.606736258451086,69.69630149646936,59.007717988250235,13.505475353643575,20.80374692440065,14.724815820703055,10.600933854590494,28.3274795010241,56.73799740378472,18.325721344036225,13.459535072024115,5.8308016887807375,64.47441464907055,39.205985027229616,57.818274666942486,48.024460736344054,14.115441396300412,23.942379346258328,48.264529774039204,31.846739479018346,29.68139110879281,32.18771365173987,11.194338796350015,29.894495849284795,7.990781598956527,15.885204085912825,35.086722388841025,8.293992855894984,13.225388388687374,38.758735370587836,72.34288429178984,22.229558202168548,76.07090602758387,38.338030959731796,11.876681876841346,76.91201532845389,102.85396150919445,30.172364739063404,29.532062242178654
topology_ad_dysplasia_1_clean_tumorales.csv,41.98128584477689,8.81674320095376e-309,41.74295402022547,24.561319796769283,47.85863315283562,47.92196850320451,24.93599844432036,19.868200736108648,37.19951171419058,27.205548004031783,97.32047879206641,24.054290604411463,25.401558529493457,26.95423985663618,26.410637334756625,25.394594698098317,20.84416551656794,56.74326618923051,27.3126653345148,26.016433986281207,25.282458448405066,19.580580740520404,16.128440509014368,20.045864022201073,31.61309244811416,26.720913551464175,62.25109199374198,38.59103572423244,55.3697984514495,30.587461399860103,32.623074840715034,44.279294603737206,18.93468313997452,48.089529743763805,23.655564500740663,33.780856380023614,44.348793298743274,42.75183958396511,30.557517367208703,36.12969165143372,10.135941336896506,35.12781697698303,23.376822812540922,32.12941330948939,20.416986018342804,13.059401506227758,21.471568902007313,39.39259122257717,19.000936108258458,38.33118546532144,30.045576523800815,11.511431792132454,38.7605602982918,29.679421992108587,14.272853036656002,32.84415822084439,20.52919261901596,58.85100781226775,26.44066477817742,47.142263956240626,74.67628174904925,93.8663126556536,21.6823074688244,20.973458296584724
topology_carcinoma_4_clean_tumorales.csv,71.17260385039053,41.74295402022547,5.998629934283337e-309,55.06491713481505,71.17260385039053,71.17260385039053,55.439595782366126,51.50337815295319,67.70310905223633,42.741326845322504,66.81688145402065,32.070633637814055,34.24117651223526,26.91114797758145,27.543572588822414,38.188368253111925,51.347762854613705,28.306706056547398,29.21784782921001,42.89793695958521,27.686574700884393,54.74605305870922,46.63203784706013,38.54369209152253,62.116689786159924,36.87814692437156,36.472784116502325,16.75866245152632,71.17260385039053,61.09105873790587,63.1266721787608,71.17260385039053,49.43828047802028,15.756808429763254,54.15916183878643,64.28445371806937,71.17260385039053,17.211188083274152,33.95781658761393,36.6518444870653,35.84323612996878,65.63141431502879,53.88042015058668,24.220353408783453,44.541604310257895,42.80349207402985,44.117173979579704,69.89618856062293,48.874648985701235,68.8347828033672,60.549173861846576,39.41398418316521,69.26415763633756,60.18301933015435,33.726147812234814,21.082510048746585,51.032789957061716,20.857438815255733,35.56142932360069,71.17260385039053,45.81802043189565,63.36271531760784,52.18590480687017,51.21215077724669
topology_dysplasia_10_clean_tumorales.csv,21.150456052520887,24.561319796769283,55.06491713481505,1.0853912300405754e-308,29.371119736385225,23.360648706435228,21.024173454374154,13.916784859912536,18.445423536306166,16.425107361398446,104.58104457740086,36.21576164080412,20.823740622579777,28.153769157233597,27.521344545992633,21.21360783812726,17.712372755599716,65.81586048022642,25.847069305605032,20.301326632873963,27.378342433930655,16.422027947763596,14.02546584232114,19.817654977770236,22.26615453432737,18.722205803499776,57.72514215680398,41.587751940242626,30.808478654680222,12.990911026180122,11.485549580591588,19.71797480696793,14.746295705182003,40.090821995799395,18.244154472110182,15.443882601743304,20.075997885312276,47.05444860106295,22.563724292534545,40.39830861893488,30.60449468833644,30.762616804285724,13.302916255014997,30.844563726031595,13.294780472961008,12.262713763126937,12.468182232743928,22.359174560123215,11.594850482784864,18.97119086872136,25.814183809649844,17.666756340833416,21.6000216242588,14.157379491883633,21.338769322580234,57.405478017613675,13.4331181295739,64.86152148920172,20.77371965531792,29.440993181255223,67.88988295604386,102.85396150919445,11.795013120444109,30.905139092313384
topology_ad_carcinoma_12_clean_tumorales.csv,11.806808431971348,47.85863315283562,71.17260385039053,29.371119736385225,1.7249172861816864e-308,10.873519506490762,22.922634708515268,27.990432416726982,11.100120310107812,39.088440806790686,104.58104457740086,59.51307499687046,44.12105397864612,51.451082513299944,51.38396261919996,42.57491937410596,27.01446763626769,76.54807552309622,49.14438266167137,42.761598388769244,55.48147513445875,28.278052412315226,34.580217409250764,40.29090431574106,16.24554070472147,47.21246948368409,69.77831300721388,64.43402125310432,8.952514410640138,21.477822085794486,20.1354397244546,10.17628846413953,32.05510591858945,62.605422061118134,24.20306865209496,17.4191118121082,9.38267723507255,67.16736958351449,50.6545853028492,63.695621975001224,53.901808044402785,12.730816175852603,30.492198127709884,54.141877082097935,39.7084882783627,35.55873841685154,36.21084004795593,15.21921092936789,31.806529959798475,13.748147342193136,24.211463602214394,40.964069696899756,16.04952012456266,24.572864244253026,44.636082678646574,72.34288429178984,31.20391971924291,76.07090602758387,50.144839391703144,6.276345651563808,76.91201532845389,102.85396150919445,33.27018712933817,40.47365736676558
topology_ad_carcinoma_8_clean_tumorales.csv,9.000752478213833,47.92196850320451,71.17260385039053,23.360648706435228,10.873519506490762,7.00279606530388e-309,22.98597005888415,28.053767767095863,12.730327250195234,35.68423899592777,104.58104457740086,59.576410347239346,44.184389329015,51.514417863668825,50.88199325242786,40.28262446705625,27.07780298663657,76.54807552309622,49.20771801204026,39.604696414396585,50.738991140365876,28.341387762684107,31.793527994190143,39.881873749727745,16.767458592789616,41.81177269814087,69.77831300721388,64.43402125310432,8.591283604277221,19.978359149105994,15.298893662489476,12.143275872074836,28.987285363229987,62.66875741148702,24.266404002463844,14.397677425093184,8.979782074800177,67.16736958351449,45.64837651388539,63.758957325370105,53.96514339477167,13.161484341685494,24.545145690663585,54.205212432466816,33.88396153099238,35.62207376722043,34.30839186167057,13.72522268196269,30.09739619231909,9.590783037883071,19.92584508331032,41.027405047268644,9.260980158678944,18.242546511095924,44.699418029015455,72.34288429178984,27.392775884188552,76.07090602758387,42.864136517649584,11.169355173025725,76.91201532845389,102.85396150919445,30.388017973566157,35.472744900606266
topology_ad_dysplasia_5_clean_tumorales.csv,17.045287400456527,24.93599844432036,55.439595782366126,21.024173454374154,22.922634708515268,22.98597005888415,6.180721042126823e-309,16.91802689939489,12.263513269870217,30.708550137815102,104.58104457740086,36.5904402883552,30.400001697695043,33.04361753998895,33.35463827442391,33.202750121943495,13.330840400202732,66.19053912777748,32.25099889194272,31.609318433537517,37.452150789682705,13.66398221804214,16.829267268998105,25.651029746322855,11.067136672423391,30.454858273311075,66.45006099503658,50.76072806551007,30.43380000712914,22.44965022312739,14.277182780770655,19.34329615941685,21.726270738246274,51.823474465610694,12.312937527779315,15.220557143025243,19.41279485442291,49.69200697408823,34.29146208905559,48.299383992711356,30.97917333588752,19.029964334474425,20.421018531027332,38.284048364101515,27.266810695342517,21.501234315557817,25.60974171667707,14.456592778256804,27.26499995916801,14.526771530270894,14.322222111196542,18.041434988384495,15.423783349447152,19.181610134058197,26.44254537793364,57.78015666516475,18.616471794949778,71.02070015354539,32.1155150469271,22.206265511920265,76.03355431740995,102.85396150919445,23.266696433491074,22.444333021989536
topology_dysplasia_17_clean_tumorales.csv,22.113085108668244,19.868200736108648,51.50337815295319,13.916784859912536,27.990432416726982,28.053767767095863,16.91802689939489,2.143481832393182e-308,17.33131097808193,21.47823333426017,104.58104457740086,31.522642580143483,19.92100301861136,30.63434933143904,30.945370065874002,23.013516875051902,14.24205146874246,61.12274141956578,25.59652409472316,22.323005835443283,35.04288258113279,13.538936119511872,14.141624855924803,19.8523117624151,18.97259633920526,26.773876930358128,60.863369086670815,48.351459856960155,35.50159771534085,15.857819315831378,12.754874104606387,24.411093867628566,11.960188333179936,47.7046140360774,13.50431935241412,13.912655643914974,24.480592562634627,46.10121683836232,30.215992749523235,45.89011578416144,25.91137562767581,23.338689712214347,10.463988842872006,30.627461809222126,19.269895725036747,11.022643668500377,15.876439163750916,19.52439048646852,16.150506984978936,18.46298472921279,22.51427824490504,13.385353745649033,18.892359562183156,15.9928956511874,24.033277169383723,52.71235895695303,11.481329172597583,68.61143194499546,29.706246838377183,27.274063220131975,75.34237557910114,102.85396150919445,12.939015910683251,26.061504584424284
topology_ad_dysplasia_3_clean_tumorales.csv,10.166019048095505,37.19951171419058,67.70310905223633,18.445423536306166,11.100120310107812,12.730327250195234,12.263513269870217,17.33131097808193,6.47097589329754e-309,31.919476915336126,104.58104457740086,48.85395355822541,33.46193254000107,40.791961074654886,40.4582664191209,32.586361265321706,16.355346197622634,76.54807552309622,38.48526122302633,33.73912906991897,44.55577893437969,17.618930973670174,23.654521209171705,29.365208115662,14.797967531121884,36.28677328360502,68.79405107119479,57.86435621020706,18.170286737258927,17.41125330322601,10.389128095514783,11.217638306829992,23.364996725099363,56.72445784486413,13.543947213449911,12.214973216667753,10.695497279081831,59.692640518484254,39.72888910277013,55.40301213740834,43.24268660575774,14.128980955220996,20.505122511443815,43.48275564345289,28.782792078283645,24.899616978206495,27.863820507730743,8.643145798042164,24.55076614851706,11.804762765945867,16.88480948886312,30.30494825825471,11.762132137609175,16.763776470475264,33.97696124000153,70.04366993503496,20.50117298138431,76.07090602758387,39.219143191624084,13.006195085834833,76.91201532845389,102.85396150919445,25.225133130801517,29.54796116668652
topology_carcinoma_10_clean_tumorales.csv,34.91479097345314,27.205548004031783,42.741326845322504,16.425107361398446,39.088440806790686,35.68423899592777,30.708550137815102,21.47823333426017,31.919476915336126,1.2553779630115606e-308,104.58104457740086,31.068539692499762,10.477408925451128,18.16621978602493,15.19775425650009,25.158244407749983,32.66822990290733,53.492270190733876,13.52347901611249,13.051567577297465,16.39303432766806,29.80909663510246,29.026548301917508,25.21722187211924,29.909935880565794,8.647122861660291,44.11728059876779,29.701611603495433,43.13206894417276,18.349731892583364,25.534817062134422,32.041565096460474,16.255462212169853,29.104893231120922,31.949663763533103,29.403214265762767,33.650542882561965,34.730858311570415,15.063994473801888,35.774771654844415,30.48103688325706,41.7485455689642,14.562762991066878,18.52097343653905,12.667635369119054,15.134214180874082,11.607823207786659,33.345103324801684,10.835972627686278,33.64602738515056,36.0065475341083,32.32855463697395,32.58595038893728,23.396318308113628,19.926550425950328,45.08188772812113,20.2301766567444,52.53793119970919,15.891474157739696,39.158314251660684,56.69252732563642,102.85396150919445,14.30862083286599,40.79551043536664
topology_carcinoma_20_clean_tumorales.csv,104.58104457740086,97.32047879206641,66.81688145402065,104.58104457740086,104.58104457740086,104.58104457740086,104.58104457740086,104.58104457740086,104.58104457740086,104.58104457740086,1.6058660054454667e-308,85.66603694803158,101.05805796625592,93.7280294316021,94.36045404284306,104.58104457740086,104.58104457740086,56.06593810860929,96.03472928323066,104.58104457740086,94.50345615490504,104.58104457740086,104.58104457740086,104.58104457740086,104.58104457740086,103.69502837839222,69.60546314037396,80.29404664859308,104.58104457740086,104.58104457740086,104.58104457740086,104.58104457740086,104.58104457740086,82.5736898837839,104.58104457740086,104.58104457740086,104.58104457740086,74.82734998777275,100.7746980416346,81.48348996990082,91.27730390049925,104.58104457740086,104.58104457740086,91.0372348628041,104.58104457740086,104.58104457740086,104.58104457740086,104.58104457740086,104.58104457740086,104.58104457740086,104.58104457740086,104.21504224800229,104.58104457740086,104.58104457740086,100.54302926625547,64.47632057122202,104.58104457740086,57.02027709963397,102.37831077762135,104.58104457740086,55.33805849789394,62.43135176045096,104.58104457740086,104.58104457740086
topology_ad_dysplasia_4_clean_tumorales.csv,53.63572768881173,24.054290604411463,32.070633637814055,36.21576164080412,59.51307499687046,59.576410347239346,36.5904402883552,31.522642580143483,48.85395355822541,31.068539692499762,85.66603694803158,1.199830900834502e-308,29.649037936400276,22.659809908215273,25.604487590003767,20.501436321298,32.49860736060277,49.21298612063178,27.314295689882677,30.24743046402158,28.795326854120706,32.46674516300805,27.782882353049203,19.983226057356262,43.267534292148994,27.306874189541496,57.35438801712371,29.73160825791948,61.74802610338507,42.24190324389494,44.27751668474986,55.93373644777204,30.58912498400936,26.450868355864483,35.3100063447755,45.43529822405846,56.00323514277811,35.97360080577488,22.270356674673593,16.66604552690941,13.918349267514955,46.81819966073279,35.03126465657576,30.319927429109626,25.692448816246962,23.954336580018914,26.587308709595135,51.047033066612,30.025493491690312,49.98562730935627,41.70001836783565,18.5490052999707,50.415002142326635,41.33386383614342,17.839977644801976,25.446472631726785,32.183634463050794,42.2593494723864,24.241130551230626,58.79670580027546,64.58043315439636,82.21187081161877,33.33674931285924,27.085514301310212
topology_carcinoma_19_clean_tumorales.csv,38.24370667058738,25.401558529493457,34.24117651223526,20.823740622579777,44.12105397864612,44.184389329015,30.400001697695043,19.92100301861136,33.46193254000107,10.477408925451128,101.05805796625592,29.649037936400276,7.145168252386627e-309,17.74576608747511,11.866697004729602,23.970038941037437,31.67663098605304,44.992119857646635,10.40863487047524,14.824402487810845,15.964209519988387,29.871290717814787,28.641905588520252,24.221093356068533,29.183056019241686,8.743756199767006,42.778934198444915,29.27278679581576,51.63221927725999,26.849882225670594,28.88549566652553,40.54171542954771,15.976803585452544,27.783611017466043,31.75906726003386,30.043277205834112,40.61121412455377,27.022543777217916,14.36615152654249,34.54187929108214,28.430633304932677,43.069827782619086,19.639243638351417,12.23640017600624,14.048822103731913,16.404943867310905,9.875997467344433,35.65501204838766,14.633472473465972,34.593606291131934,34.68273185493551,31.38144378709912,35.0229811241023,25.941842817919078,18.956622791154018,36.58173739503389,19.073813291997194,49.53275888385107,15.518000004068565,43.40468478205111,56.26370251795674,97.60389182984309,17.944728294634896,41.62540900887697
topology_dysplasia_12_clean_tumorales.csv,45.573735205241206,26.95423985663618,26.91114797758145,28.153769157233597,51.451082513299944,51.514417863668825,33.04361753998895,30.63434933143904,40.791961074654886,18.16621978602493,93.7280294316021,22.659809908215273,17.74576608747511,5.9146563817652e-309,14.755276431625127,17.412214078078588,26.434504870576912,37.66209132299282,14.639639270068798,20.93440764843241,17.265404617194665,33.877024237195066,22.725663219233414,17.8234332317774,37.235950569715534,16.900514282593356,43.94972213199418,17.71711052552112,57.71702986159981,34.17991076032442,36.21552420117934,47.87174396420152,22.52713250043884,21.135289887127627,35.2420382532714,37.373305740487936,47.94124265920759,23.834886521864703,11.682572265142554,27.108598649591165,21.822364774554007,49.7181489129575,26.969272173005237,16.54935343902136,19.00073624696876,20.918903457708055,17.206026001998254,42.98504058304148,21.963501008119792,41.92363482578575,33.63802588426513,25.079051779293778,42.35300965875612,33.2718713525729,20.010690878153014,29.251708860380077,24.121641979480273,37.97708261355643,11.42192595827574,51.142815329635,54.232598109669446,90.27386329518927,25.274756829288716,37.080178184435894
topology_carcinoma_12_clean_tumorales.csv,44.94131059400024,26.410637334756625,27.543572588822414,27.521344545992633,51.38396261919996,50.88199325242786,33.35463827442391,30.945370065874002,40.4582664191209,15.19775425650009,94.36045404284306,25.604487590003767,11.866697004729602,14.755276431625127,9.845100096775465e-309,20.438607598694944,27.96195309810849,38.294515934233786,7.021007365599589,15.882203256715364,10.084364968959965,34.18804497163003,25.429333517907445,20.68775332512343,37.5469713041505,9.689957707031136,43.76093350907986,17.40608979108616,57.40081755597933,33.547486149083454,35.583099589938385,47.239319352960564,21.894707889197875,21.678892409007176,34.69843573139185,36.74088112924697,47.308818047966625,22.271153196545512,10.83176557556737,31.208278819355392,25.46001512684208,49.174546391077946,26.336847561764273,12.680049291264844,16.998031721435478,20.375300935828506,16.57360139075729,42.35261597180052,21.331076396878824,41.29121021454479,33.00560127302416,27.89622244078342,41.72058504751515,32.63944674133194,19.46708835627346,29.88413347162104,23.48921736823931,37.666061879121465,11.462093213267284,51.45383606406996,50.65600819073582,90.90628790643025,24.642332218047756,39.26033444517209
topology_dysplasia_15_clean_tumorales.csv,35.78157572675889,25.394594698098317,38.188368253111925,21.21360783812726,42.57491937410596,40.28262446705625,33.202750121943495,23.013516875051902,32.586361265321706,25.158244407749983,104.58104457740086,20.501436321298,23.970038941037437,17.412214078078588,20.438607598694944,7.94141999505533e-309,28.28811123302111,48.939311598523304,20.698558289790718,26.161292495801213,23.435209188219723,28.981743563776604,23.656944866546194,9.640608946658745,28.7379280590565,22.539981058860427,39.22933009066081,26.215133036180163,47.784987346678754,24.19823505264219,26.97364867539204,36.594523688671046,18.454489130701432,25.572498973525782,32.35155493821463,26.096085464957454,37.57224585845074,30.17789971935984,16.929287352584232,27.618817420030393,20.926189179116545,45.28093982655935,18.192078735035224,21.421414745681133,24.032052729451458,19.231715669147174,20.931932546363385,36.87749758239683,23.808361298871425,39.14316696897487,25.22972798932409,24.164530164165285,36.331040870655066,28.331876248228397,18.466798255571142,40.52892913591056,17.74160835545682,47.98497260749861,18.94474251327074,43.8979384047313,53.206048758321145,101.55108357071975,17.79643973209042,41.18197898076653
topology_ad_carcinoma_15_clean_tumorales.csv,21.13712032820895,20.84416551656794,51.347762854613705,17.712372755599716,27.01446763626769,27.07780298663657,13.330840400202732,14.24205146874246,16.355346197622634,32.66822990290733,104.58104457740086,32.49860736060277,31.67663098605304,26.434504870576912,27.96195309810849,28.28811123302111,1.3472110630485256e-308,62.09870620002507,29.488410685202965,31.34333772015664,30.843038120270663,11.211501165591109,10.873535943459586,23.435756927938446,15.316003096823762,28.46125555616425,64.65676485219433,44.15161539609803,34.52563293488156,17.675368792184,11.778909324147094,23.43512908716927,23.39391466596463,45.86774314007218,10.509585000326851,12.93669086345568,23.50462778217533,45.395168818966155,28.335730763517077,41.69027132329931,26.8873404081351,24.985695660012947,21.41124519911328,36.478071124769194,25.808281501679666,18.417769073564124,26.720809955251553,18.548425706009226,24.027515667839182,17.4870199487535,17.008108721189046,13.949602060632074,17.916394781723866,15.317792337523747,19.833432708521595,53.68832373741233,15.162051765423236,64.41158748413335,26.082634349354972,26.298098439672685,72.45449514535764,102.85396150919445,22.326745763001796,18.69763704685341
topology_dysplasia_9_clean_tumorales.csv,76.54807552309622,56.74326618923051,28.306706056547398,65.81586048022642,76.54807552309622,76.54807552309622,66.19053912777748,61.12274141956578,76.54807552309622,53.492270190733876,56.06593810860929,49.21298612063178,44.992119857646635,37.66209132299282,38.294515934233786,48.939311598523304,62.09870620002507,4.88224113820259e-309,39.96879117462139,53.64888030499658,38.437518046295764,62.37812661492686,57.382981192471505,49.2946354369339,72.86763313157128,47.62909026978293,23.399692022108844,24.22810853998379,76.54807552309622,71.84200208331723,73.87761552417216,76.54807552309622,60.18922382343166,31.451100970557917,65.03106458586574,75.03539706348076,76.54807552309622,18.76141187916346,44.708759933025306,54.161177583951925,52.27349602081137,76.38235766044015,64.63136349599804,34.97129675419482,55.29254765566926,53.55443541944122,54.868117324991076,76.54807552309622,59.625592331112614,76.54807552309622,71.30011720725794,54.2289787851548,76.54807552309622,70.93396267556571,49.799717210747346,31.33422380902485,61.783733302473095,17.684798649114327,46.312372669012056,76.54807552309622,29.478295046974377,52.611771972196465,62.93684815228154,64.18396295882658
topology_carcinoma_11_clean_tumorales.csv,43.26703535361264,27.3126653345148,29.21784782921001,25.847069305605032,49.14438266167137,49.20771801204026,32.25099889194272,25.59652409472316,38.48526122302633,13.52347901611249,96.03472928323066,27.314295689882677,10.40863487047524,14.639639270068798,7.021007365599589,20.698558289790718,29.488410685202965,39.96879117462139,2.163465475591151e-308,16.34558004106841,10.8151489216006,31.20637098945693,26.620793561735162,21.122498432644555,32.8988419569499,10.62335867900173,41.769041093367086,24.0467958493811,56.56367993578553,31.87321090869585,33.90882434955078,45.56504411257296,20.220432648810274,22.543318518767265,33.90850819062312,35.06660588885937,45.634542807579024,21.796552830783252,10.424787801052679,32.28189855794405,26.539942635764632,48.818100819733026,24.662572321376672,13.140555011734431,15.35139982760678,19.5227620288978,14.899326150369689,40.77282372337174,19.656801156491227,39.61693497415719,32.451469772134445,28.99902762388487,40.04630980712756,30.965171500944336,21.42187544865557,31.55840871200864,21.814942127851708,44.30676793741641,11.124192714260428,48.428013465076376,51.238395593651596,92.58056314681784,22.968056977660154,41.973857749779015
topology_carcinoma_5_clean_tumorales.csv,39.38904317989383,26.016433986281207,42.89793695958521,20.301326632873963,42.761598388769244,39.604696414396585,31.609318433537517,22.323005835443283,33.73912906991897,13.051567577297465,104.58104457740086,30.24743046402158,14.824402487810845,20.93440764843241,15.882203256715364,26.161292495801213,31.34333772015664,53.64888030499658,16.34558004106841,6.131541079810007e-309,15.211362258700817,31.687433147303807,29.776877523149217,26.192793783064854,29.83674211702082,13.905722538376288,40.10935527323191,29.420771765012784,46.48109619037602,22.128032621462424,25.972204978818848,32.58530992462971,19.11212212873381,27.358639368342864,31.375708111167313,28.304588388195164,36.25443394885866,34.88746842583311,18.240516581681465,34.81298832584568,28.54509651727682,43.56445722576716,17.778539754416528,18.677583550801756,8.786426243882785,19.776580327441664,16.135535490604767,35.51918012940586,11.516599464570149,37.89605759867344,35.11531809306058,31.186700273454306,34.435473250632164,27.084766877926967,18.98983774221316,45.238497842383836,20.874717774680374,52.69454131397189,19.04582983879559,42.831471833639235,54.37675991571193,102.85396150919445,16.14510833425762,42.42731468755425
topology_carcinoma_1_clean_tumorales.csv,44.798308481938264,25.282458448405066,27.686574700884393,27.378342433930655,55.48147513445875,50.738991140365876,37.452150789682705,35.04288258113279,44.55577893437969,16.39303432766806,94.50345615490504,28.795326854120706,15.964209519988387,17.265404617194665,10.084364968959965,23.435209188219723,30.843038120270663,38.437518046295764,10.8151489216006,15.211362258700817,8.82574742880863e-309,38.28555748688882,26.672185673956946,23.525726578660226,41.64448381940928,9.19157222348717,41.715418736955,15.352870529199734,57.32931649994834,34.00365304866426,35.44009747787641,47.096317240898586,23.4263692158693,25.611016280030384,35.375779048989955,38.06236332235054,47.16581593590464,22.52847419810975,13.751246225823262,34.133761413251115,28.37166699911284,49.86778771004444,26.19384544970229,12.155945193499136,16.855029609373503,24.020238912632408,19.27063508650282,42.20961385973854,23.918416274951834,41.73332779226561,33.7242798973308,30.077692479280998,41.57758293545318,32.49644462926996,17.648955587818115,30.02713558368302,24.42498781396182,37.48317905527108,14.736790090338019,55.55134857932874,52.197768285315846,91.04929001849221,24.499330105985777,40.44219777073172
topology_dysplasia_18_clean_tumorales.csv,22.400705104256488,19.580580740520404,54.74605305870922,16.422027947763596,28.278052412315226,28.341387762684107,13.66398221804214,13.538936119511872,17.618930973670174,29.80909663510246,104.58104457740086,32.46674516300805,29.871290717814787,33.877024237195066,34.18804497163003,28.981743563776604,11.211501165591109,62.37812661492686,31.20637098945693,31.687433147303807,38.28555748688882,6.08643219340212e-309,17.384299761680836,24.36585155011995,16.368146040304232,30.01655183611416,64.93183071387324,51.594134762716195,35.7892177109291,17.829156907816433,13.042494100194629,24.698713863216806,21.64166324858195,50.48488532680061,10.240885329300912,14.200275639503218,24.76821255822287,49.343891744118345,33.458667655279264,49.132790689917464,25.623755632087565,20.36855347328452,18.873175715891556,38.6803352481289,24.66142727342536,16.07625058536256,24.919140339691907,19.812010482056763,22.946090229639793,18.750604724801036,18.291618217246743,15.33206887554401,19.179979557771404,16.968098834146357,27.275952075139756,52.42473896136479,14.788812032791938,71.85410685075149,32.948921744133216,27.561683215720223,76.03355431740995,102.85396150919445,22.524700768049854,23.27773971919565
topology_ad_dysplasia_10_clean_tumorales.csv,25.852845335762524,16.128440509014368,46.63203784706013,14.02546584232114,34.580217409250764,31.793527994190143,16.829267268998105,14.141624855924803,23.654521209171705,29.026548301917508,104.58104457740086,27.782882353049203,28.641905588520252,22.725663219233414,25.429333517907445,23.656944866546194,10.873535943459586,57.382981192471505,26.620793561735162,29.776877523149217,26.672185673956946,17.384299761680836,6.30403089463139e-309,23.766922679035257,20.743226094201304,26.606369878387042,60.61868806850248,35.01506658924286,39.24135794243513,14.459020890845736,16.494634331700663,28.150854094722842,19.843160270619183,34.99420719661259,21.383120943786434,17.652415871009254,28.220352789728906,43.260637533411284,25.703010550477085,31.965429331179962,22.171615400581526,35.85923160347254,17.769563598123455,34.677257430540614,22.334354260418003,14.776087472574295,23.699582963429528,27.455789359310025,20.79764114873327,24.06780566790817,19.079488998673014,9.233877053078501,26.69663642344561,13.550981483094219,12.905890034825319,48.97259872985875,11.604979263038759,56.42864220144682,23.630637090189673,34.650090854120755,69.9147310400109,102.85396150919445,21.50126797094983,20.428576074984086
topology_dysplasia_14_clean_tumorales.csv,33.94119109130012,20.045864022201073,38.54369209152253,19.817654977770236,40.29090431574106,39.881873749727745,25.651029746322855,19.8523117624151,29.365208115662,25.21722187211924,104.58104457740086,19.983226057356262,24.221093356068533,17.8234332317774,20.68775332512343,9.640608946658745,23.435756927938446,49.2946354369339,21.122498432644555,26.192793783064854,23.525726578660226,24.36585155011995,23.766922679035257,1.3802007673902313e-308,26.4539130006916,22.807083605696878,46.49710624230241,28.49914809454506,47.32970369797273,22.547366646383338,24.582980087238266,36.23919985026044,18.93825420692555,31.474898227157965,25.185158055900928,25.740761626546856,36.30869854526651,30.53322355777044,17.212529577420682,27.032413491635133,20.91661598851595,39.378540572927164,18.35136973632981,21.58843545661801,24.136047552968755,19.39159240109872,21.325482633964015,31.352496469100398,24.21184540864305,31.372253501608483,24.794589315870944,23.939902780994863,30.720465544815042,21.63932723863182,18.589851082004927,40.88425297432115,15.081236857503256,48.75912018258037,19.214768855736967,40.36077776061106,58.06165023244343,101.90640740913037,17.979682893628414,36.406402910563955
topology_dysplasia_16_clean_tumorales.csv,15.131422090599655,31.61309244811416,62.116689786159924,22.26615453432737,16.24554070472147,16.767458592789616,11.067136672423391,18.97259633920526,14.797967531121884,29.909935880565794,104.58104457740086,43.267534292148994,29.183056019241686,37.235950569715534,37.5469713041505,28.7379280590565,15.316003096823762,72.86763313157128,32.8988419569499,29.83674211702082,41.64448381940928,16.368146040304232,20.743226094201304,26.4539130006916,8.15016324914905e-309,33.37547816863463,67.4649703249473,54.95306109523666,23.756706003335346,23.19590520200196,16.724546522300244,19.462409185501578,22.699175668385777,53.8442913774992,14.775026717220765,16.741362258129605,15.558376951344036,54.106221252407835,36.81759398779974,52.49171702243794,37.65626733968132,17.254462537410255,21.81245117712765,37.896336377376464,27.28210437406436,22.533350839324882,25.661752036382023,14.740591485975775,27.2661310428025,15.976691895169855,14.296685131079172,24.71852899217829,17.007443365706827,19.967042949008924,30.63487840766022,64.45725066895855,18.0227336663595,72.66808250035712,36.307848076653684,16.370702033622184,76.03355431740994,102.85396150919445,21.375795018238527,26.63666605171612
topology_carcinoma_9_clean_tumorales.csv,35.606736258451086,26.720913551464175,36.87814692437156,18.722205803499776,47.21246948368409,41.81177269814087,30.454858273311075,26.773876930358128,36.28677328360502,8.647122861660291,103.69502837839222,27.306874189541496,8.743756199767006,16.900514282593356,9.689957707031136,22.539981058860427,28.46125555616425,47.62909026978293,10.62335867900173,13.905722538376288,9.19157222348717,30.01655183611416,26.606369878387042,22.807083605696878,33.37547816863463,8.35640053958566e-309,42.883424625455035,23.400981729799142,48.9952488651237,26.038366672012984,27.7946390601555,37.90474501741141,16.185230794397384,21.368616192299623,35.0087119480994,29.79335767157589,38.798203688812045,28.867678390619474,13.467036298837062,31.960236406808022,26.274062536513977,49.4848226077855,20.319837095644033,12.65779351558811,13.326517311805492,20.685577152536055,11.317390492852013,41.08138036362298,15.649410624177179,37.69339667222114,32.34507587660215,28.072377893835977,40.32222742775857,25.185439298513003,19.777364572981014,39.21870780717018,17.342041974707655,46.67475127875825,14.360322732695966,47.28234292855409,52.44973066913772,100.24086224197939,15.307757882498606,39.057118051396216
topology_carcinoma_17_clean_tumorales.csv,69.69630149646936,62.25109199374198,36.472784116502325,57.72514215680398,69.77831300721388,69.77831300721388,66.45006099503658,60.863369086670815,68.79405107119479,44.11728059876779,69.60546314037396,57.35438801712371,42.778934198444915,43.94972213199418,43.76093350907986,39.22933009066081,64.65676485219433,23.399692022108844,41.769041093367086,40.10935527323191,41.715418736955,64.93183071387324,60.61868806850248,46.49710624230241,67.4649703249473,42.883424625455035,2.0195987554335695e-308,31.741697422711724,69.77831300721388,61.0511867484679,63.606829413517225,69.77831300721388,51.28347902953638,38.33252878820997,66.6765129688034,63.88284982788858,69.77831300721388,22.91760647845294,41.91364851220138,61.35699041667928,57.782686474760204,68.79405107119479,55.04503043086093,34.11431731669491,45.743639775639,56.08466736497289,45.96748679504264,67.10760687426964,49.738902780489866,67.55381429780363,62.0826796851498,61.209700418196746,66.7915358453253,65.18837354387205,54.371161693562755,39.47562570551678,54.110261974630035,25.40072688231986,44.29433482484765,69.77831300721388,24.977344209747272,66.15129700396112,49.39732312051687,66.56346612489983
topology_carcinoma_18_clean_tumorales.csv,59.007717988250235,38.59103572423244,16.75866245152632,41.587751940242626,64.43402125310432,64.43402125310432,50.76072806551007,48.351459856960155,57.86435621020706,29.701611603495433,80.29404664859308,29.73160825791948,29.27278679581576,17.71711052552112,17.40608979108616,26.215133036180163,44.15161539609803,24.22810853998379,24.0467958493811,29.420771765012784,15.352870529199734,51.594134762716195,35.01506658924286,28.49914809454506,54.95306109523666,23.400981729799142,31.741697422711724,1.328665418791624e-308,64.43402125310432,47.61389354333345,49.64950698418838,61.30572674721055,36.73494649169667,17.33916619557278,48.68435632481733,51.37094059817792,61.37522544221662,10.59746881093477,20.480651393041512,35.53938957023726,32.69131783397575,62.53809645633946,40.403254956014266,17.723998047738036,31.064439115685474,37.32881618845978,32.579212362330196,56.41902336605051,37.22699355077921,55.35761760879478,47.072008667274154,36.262065887172184,55.78699244176515,46.70585413558193,29.82960212334129,17.930591752753557,37.733565089789195,23.27376954895911,22.084264129028266,64.16869609971397,42.69591470028929,76.83988051218026,38.70873961229774,50.381584424464734
topology_ad_carcinoma_7_clean_tumorales.csv,13.505475353643575,55.3697984514495,71.17260385039053,30.808478654680222,8.952514410640138,8.591283604277221,30.43380000712914,35.50159771534085,18.170286737258927,43.13206894417276,104.58104457740086,61.74802610338507,51.63221927725999,57.71702986159981,57.40081755597933,47.784987346678754,34.52563293488156,76.54807552309622,56.56367993578553,46.48109619037602,57.32931649994834,35.7892177109291,39.24135794243513,47.32970369797273,23.756706003335346,48.9952488651237,69.77831300721388,64.43402125310432,1.0030041457132746e-308,25.1567146882293,22.746723610734467,15.833691031757708,36.43511531147498,63.29419963550891,31.714233950708838,22.598330805925002,11.688516626073309,67.16736958351449,51.91557920188133,63.83929959245045,58.942392627151236,20.241981474466478,31.992975638908582,59.06242714599881,41.33179147923737,43.069903715465415,41.756221809915566,16.232178508108717,36.99874680379402,17.038612986128065,25.78914848431205,48.47523499551363,17.06248770330349,25.690376459340914,52.14724797726045,72.34288429178984,34.84060583243354,76.07090602758387,51.157806970443964,9.222429910894217,76.91201532845389,102.85396150919445,38.36436677966028,42.92057484885126
topology_carcinoma_6_clean_tumorales.csv,20.80374692440065,30.587461399860103,61.09105873790587,12.990911026180122,21.477822085794486,19.978359149105994,22.44965022312739,15.857819315831378,17.41125330322601,18.349731892583364,104.58104457740086,42.24190324389494,26.849882225670594,34.17991076032442,33.547486149083454,24.19823505264219,17.675368792184,71.84200208331723,31.87321090869585,22.128032621462424,34.00365304866426,17.829156907816433,14.459020890845736,22.547366646383338,23.19590520200196,26.038366672012984,61.0511867484679,47.61389354333345,25.1567146882293,5.00123849333379e-309,12.504524087045489,15.389688124417525,16.516943365054672,47.40698286431261,17.093105746851023,14.39383793050041,18.917188424984893,53.08059020415377,29.87497048775751,46.42445022202569,36.630636291427265,23.531816468475412,15.423939995173676,36.870705329122416,18.230666192568222,18.287566663876017,16.97388475832616,18.954245851509114,12.216409752204626,17.108121211209685,26.508375830277487,23.692897943924237,14.402832493340426,12.015749764909984,27.364910925671055,63.431619620704495,15.81588848850756,70.88766309229254,28.667017305908658,22.54748573784748,74.3031460466326,102.85396150919445,14.390479741815353,30.539803104052673
