,topology_ad_carcinoma_2_clean_tumorales.csv,topology_ad_dysplasia_1_clean_tumorales.csv,topology_carcinoma_4_clean_tumorales.csv,topology_dysplasia_10_clean_tumorales.csv,topology_ad_carcinoma_12_clean_tumorales.csv,topology_ad_carcinoma_8_clean_tumorales.csv,topology_ad_dysplasia_5_clean_tumorales.csv,topology_dysplasia_17_clean_tumorales.csv,topology_ad_dysplasia_3_clean_tumorales.csv,topology_carcinoma_10_clean_tumorales.csv,topology_carcinoma_20_clean_tumorales.csv,topology_ad_dysplasia_4_clean_tumorales.csv,topology_carcinoma_19_clean_tumorales.csv,topology_dysplasia_12_clean_tumorales.csv,topology_carcinoma_12_clean_tumorales.csv,topology_dysplasia_15_clean_tumorales.csv,topology_ad_carcinoma_15_clean_tumorales.csv,topology_dysplasia_9_clean_tumorales.csv,topology_carcinoma_11_clean_tumorales.csv,topology_carcinoma_5_clean_tumorales.csv,topology_carcinoma_1_clean_tumorales.csv,topology_dysplasia_18_clean_tumorales.csv,topology_ad_dysplasia_10_clean_tumorales.csv,topology_dysplasia_14_clean_tumorales.csv,topology_dysplasia_16_clean_tumorales.csv,topology_carcinoma_9_clean_tumorales.csv,topology_carcinoma_17_clean_tumorales.csv,topology_carcinoma_18_clean_tumorales.csv,topology_ad_carcinoma_7_clean_tumorales.csv,topology_carcinoma_6_clean_tumorales.csv,topology_ad_carcinoma_14_clean_tumorales.csv,topology_dysplasia_19_clean_tumorales.csv,topology_carcinoma_3_clean_tumorales.csv,topology_dysplasia_4_clean_tumorales.csv,topology_ad_carcinoma_4_clean_tumorales.csv,topology_ad_carcinoma_10_clean_tumorales.csv,topology_ad_carcinoma_1_clean_tumorales.csv,topology_dysplasia_1_clean_tumorales.csv,topology_dysplasia_13_clean_tumorales.csv,topology_ad_carcinoma_6_clean_tumorales.csv,topology_ad_carcinoma_5_clean_tumorales.csv,topology_ad_carcinoma_13_clean_tumorales.csv,topology_dysplasia_11_clean_tumorales.csv,topology_dysplasia_2_clean_tumorales.csv,topology_carcinoma_2_clean_tumorales.csv,topology_carcinoma_7_clean_tumorales.csv,topology_carcinoma_8_clean_tumorales.csv,topology_ad_dysplasia_6_clean_tumorales.csv,topology_carcinoma_15_clean_tumorales.csv,topology_ad_carcinoma_3_clean_tumorales.csv,topology_ad_dysplasia_9_clean_tumorales.csv,topology_ad_carcinoma_9_clean_tumorales.csv,topology_ad_carcinoma_11_clean_tumorales.csv,topology_dysplasia_7_clean_tumorales.csv,topology_dysplasia_6_clean_tumorales.csv,topology_dysplasia_5_clean_tumorales.csv,topology_carcinoma_14_clean_tumorales.csv,topology_dysplasia_3_clean_tumorales.csv,topology_carcinoma_13_clean_tumorales.csv,topology_ad_dysplasia_2_clean_tumorales.csv,topology_carcinoma_16_clean_tumorales.csv,topology_ad_dysplasia_7_clean_tumorales.csv,topology_dysplasia_8_clean_tumorales.csv,topology_ad_dysplasia_8_clean_tumorales.csv
topology_ad_carcinoma_2_clean_tumorales.csv,2.189450062578673e-308,37.44458966427975,78.99088219425906,56.08433601780098,37.140702870276016,24.29680725130565,20.426202324921697,25.133109913478037,12.390068251846422,70.58814351547363,80.08429293197113,27.166973657587633,60.2472492262537,103.15817644725604,56.38776508488169,53.71954608137463,31.850067195138422,146.21244858379484,83.93175164436045,47.50331117362313,57.73147123175151,13.324223441261069,17.417039311447226,39.31395971521245,22.702840281449276,72.23982383597678,55.824908994323806,71.34751754227571,27.10914651526728,42.085448480235826,68.87875773991087,37.15289680719877,52.05064749053564,61.818328240693425,24.171413048856806,22.520869478238136,19.306654553308192,81.6291395017659,56.31774643845252,19.2027985171653,41.16084221524963,64.72161019781814,58.27389115783785,69.09025291854259,70.52775870682983,58.41942361870139,64.0967136270859,20.92544871499497,72.06271255462669,70.42969957448221,24.616787048346453,25.053613279915368,18.13362514467066,120.72642602066817,31.714892521873978,102.55950037125581,43.318665004267004,97.94823746352665,68.24513020365904,22.829357623562103,74.48141275018807,94.58740728918967,62.29944159150378,31.945310322218248
topology_ad_dysplasia_1_clean_tumorales.csv,37.44458966427975,1.4062910193655376e-308,59.51055861495246,41.77471924121424,32.53365683017054,35.39154440942456,37.44458966427976,21.59394271601664,37.44458966427976,48.02991099451805,80.08429293197113,46.28992141951612,42.19300572776558,103.15817644725604,37.43678250502671,53.71954608137463,33.77393096697526,146.21244858379484,83.93175164436045,42.35777751463719,46.58567874463114,37.44458966427976,37.38770768237106,33.55339559021009,34.667794039438235,58.40038198154761,55.824908994323806,71.34751754227571,42.90510556417014,26.479343559693262,68.87875773991087,28.94632746511803,37.35688958973556,45.39020972429315,28.72672755183882,28.09568384157824,37.44458966427976,81.6291395017659,35.05302553920609,37.44458966427976,21.955940173144725,40.06586155537738,29.26870581829312,56.54365594992378,44.57547817279573,36.964939901232725,36.42569006025252,35.38317161404626,58.72671789251271,39.712848123249316,37.44458966427976,34.17385175393061,32.18104579702194,120.72642602066817,23.813157315475372,102.55950037125581,38.59155036860048,97.94823746352665,62.72663328723095,37.44458966427976,74.48141275018807,94.58740728918967,46.651690992157114,40.138211004752776
topology_carcinoma_4_clean_tumorales.csv,78.99088219425906,59.51055861495246,1.30618944611619e-308,39.93650013743829,61.14992141420157,78.99088219425904,78.99088219425906,78.99088219425906,78.99088219425906,18.358836111052057,64.05306399395874,78.99088219425906,35.369106067721475,50.91123241683596,36.9587332561114,49.78505881369912,66.44055708933917,146.21244858379484,34.5195233639962,42.966791222974706,32.94249138589322,78.99088219425906,78.99088219425904,62.31297307995155,78.50445302732683,21.168205603495522,53.02323834244757,32.2013614184888,78.99088219425904,57.728456929477005,68.8787577399109,61.137727477278816,41.726156289272666,32.37599729118753,74.11921123562078,78.76767469688204,78.99088219425906,49.00237792566412,36.80852895113691,78.99088219425906,55.14071944871503,57.94370012985786,38.221340871422996,24.050149943257196,24.0552201752904,39.8712006657762,28.58814213295554,78.99088219425906,35.11600975555473,55.210359836973424,78.99088219425906,73.23701100456222,78.99088219425906,71.79743339034184,74.66264928491964,54.744621761859776,57.540708944768966,80.43924724664316,27.284888677606148,78.99088219425906,54.969550193587224,94.58740728918968,39.86399992748713,78.99088219425906
topology_dysplasia_10_clean_tumorales.csv,56.08433601780098,41.77471924121424,39.93650013743829,5.990639369697584e-309,56.08433601780098,56.08433601780098,55.71273585429611,53.438018420899965,56.08433601780098,35.94693023409761,71.8189566282434,60.089413973833516,35.369106067721475,76.94113729785002,27.59925684823159,48.570045519583346,49.40229015004243,146.21244858379484,60.54942824501026,33.821603548186744,30.73663170898078,56.08433601780098,56.08433601780098,36.283068198937485,52.47454814631277,31.828046552528093,54.63555387103888,47.22181115539277,60.089413973833516,33.358317015762864,68.87875773991087,35.614576647358874,24.98671420344857,24.456485908046147,48.08930635460672,52.73776981586798,60.089413973833516,73.46029365819516,35.05302553920609,58.6178821610108,32.38039906534749,48.97728292718419,17.620007600451544,35.594373483775826,27.484592349190834,24.552885745191304,29.519613780709278,56.08433601780098,32.61821802726635,36.77533612626114,60.089413973833516,47.20710612354816,56.08433601780098,97.8273382713559,48.632744403905576,80.77452664287384,31.510804063754904,97.94823746352665,29.245979553292557,56.08433601780098,55.397219077931595,94.58740728918968,26.27491609789766,56.08433601780098
topology_ad_carcinoma_12_clean_tumorales.csv,37.140702870276016,32.53365683017054,61.14992141420157,56.08433601780098,1.49443076272937e-308,29.93746938462263,20.592719321108603,26.691185902095214,46.58653017375572,56.72974773836118,80.08429293197113,52.23947215578005,51.854425792325316,103.15817644725604,48.15139014991118,53.71954608137463,14.712898732072944,146.21244858379487,83.93175164436045,46.60123947299725,56.03077803607695,38.45665681436901,35.693310825965966,40.201678024615546,22.181305390633327,69.25389525501348,55.824908994323806,71.34751754227571,52.71043221897175,44.67279597489252,68.87875773991087,29.073680591902303,42.23524282974623,61.625483362524974,16.919806956643384,25.180722600845666,52.71043221897175,81.6291395017659,39.29068860886886,50.07244308221844,41.16084221524963,27.58090732754212,54.657743566001386,59.86148645611868,57.399451010737494,50.03742707669704,47.148809372147284,22.578049721639893,62.04094610579051,33.2889967042062,52.71043221897175,24.01750637834793,30.541682997772824,120.72642602066817,33.78731688014631,102.55950037125581,46.279629684863735,97.94823746352665,64.36599608648007,36.91687837224222,74.48141275018807,94.58740728918968,54.798846760078845,37.29723430409547
topology_ad_carcinoma_8_clean_tumorales.csv,24.29680725130565,35.39154440942456,78.99088219425904,56.08433601780098,29.93746938462263,1.2948154248022766e-308,20.743121167305503,27.33397830449525,16.649060789133088,70.58814351547362,80.08429293197113,34.37020714324102,60.2472492262537,103.15817644725604,54.1286575427128,53.71954608137463,24.646833709485037,146.21244858379484,83.93175164436043,45.13828313090315,57.73147123175151,11.788525943165624,21.680551840333248,36.23792889365902,23.426774499771703,70.31095501594307,55.824908994323806,71.3475175422757,34.31238000092067,36.549222111078244,68.87875773991087,32.295599792154064,49.36123450955154,60.378537744274325,24.7681456854415,23.75284188007025,26.509888038961574,81.62913950176589,56.31774643845251,23.419096777961563,41.16084221524963,57.518376712164745,52.86604992740121,69.09025291854259,70.52775870682983,51.216190133048,64.0967136270859,25.143659910990664,71.10112649068134,63.22646608882883,28.782733238783578,32.31222647849882,23.71285902764891,120.72642602066817,31.045085417085517,102.5595003712558,42.63464731147844,97.94823746352664,68.24513020365904,13.174938182299101,74.48141275018807,94.58740728918967,55.096208105850394,34.52880989022904
topology_ad_dysplasia_5_clean_tumorales.csv,20.426202324921697,37.44458966427976,78.99088219425906,55.71273585429611,20.592719321108603,20.743121167305503,9.179376541751065e-309,23.251694703281487,25.993810852647115,68.96875444753283,80.08429293197113,43.714957206755045,55.865961875886114,103.15817644725604,48.15139014991118,53.71954608137463,20.12753868041092,146.21244858379487,83.93175164436045,45.13828313090315,56.03077803607695,17.86393749326041,21.69506589693185,35.82030986144768,19.746105269547343,69.25389525501348,55.824908994323806,71.34751754227571,43.657130064434696,36.389881805637884,68.87875773991087,33.853069969629445,40.01648444603751,61.625483362524974,20.774499669951076,21.097948599753252,35.854638102475604,81.6291395017659,56.31774643845252,29.479723761109838,41.16084221524963,48.173626648650725,47.54765217215959,62.78081697499016,61.839329732447965,50.03742707669704,58.65777218061024,22.37392050527029,62.04094610579051,53.8817160253148,33.53368689636714,28.318580463008395,18.339413290223376,120.72642602066817,33.80572268965956,102.55950037125581,42.634647311478446,97.94823746352665,68.24513020365904,18.42103081394039,74.48141275018807,94.58740728918968,54.798846760078845,20.89970583861146
topology_dysplasia_17_clean_tumorales.csv,25.133109913478037,21.59394271601664,78.99088219425906,53.438018420899965,26.691185902095214,27.33397830449525,23.251694703281487,2.1296093947672283e-308,28.268528286043264,66.69403701413668,80.08429293197113,33.921470268067594,53.591244442489966,103.15817644725604,48.15139014991118,53.71954608137463,27.42374058375023,146.21244858379487,83.93175164436045,38.05975490008272,48.835250596567874,24.31677331618198,17.37530893825351,24.59363117264587,19.20733465475682,69.25389525501348,55.824908994323806,71.34751754227571,38.06971538935393,24.904924390065105,68.87875773991087,18.33019582463521,37.74176701264136,59.04650920308828,19.395639503984597,16.037252258043225,38.06971538935393,81.6291395017659,54.89776292532994,31.754441194505986,39.267588268237404,45.89890921525458,42.69305382316821,60.50609954159401,59.56461229905182,50.03742707669704,56.38305474721409,14.17555547693631,62.04094610579051,51.606998591918654,35.80840432976329,22.45684647445384,18.404944882865927,120.72642602066817,18.71580869137898,102.55950037125581,31.625326564019375,97.94823746352665,62.39225615774248,29.63416036421738,74.48141275018807,94.58740728918968,53.303234585735666,31.208367714270636
topology_ad_dysplasia_3_clean_tumorales.csv,12.390068251846422,37.44458966427976,78.99088219425906,56.08433601780098,46.58653017375572,16.649060789133088,25.993810852647115,28.268528286043264,1.026056620797114e-308,70.58814351547363,80.08429293197113,24.559216453214447,60.2472492262537,103.15817644725604,56.38776508488169,53.71954608137463,41.295894498618125,146.21244858379487,83.93175164436045,52.26715396764226,57.73147123175151,13.042155899367728,15.682884926206121,40.950672070553395,24.405224783122392,72.23982383597678,55.824908994323806,71.34751754227571,22.21272950722566,50.007994658480285,68.87875773991087,46.598724110678475,52.05064749053564,61.81832824069343,33.61724035233651,28.96877689107525,16.474048695892506,81.6291395017659,56.31774643845252,16.118898796250264,41.16084221524963,70.44829270611493,58.27389115783785,69.0902529185426,70.52775870682984,60.211715401456246,64.0967136270859,24.85527560761885,72.0627125546267,73.12583067838295,21.364660271153298,34.49944058339507,16.044847175982895,120.72642602066817,33.07380230303765,102.55950037125581,45.56344182594087,97.94823746352665,68.24513020365904,17.97913094068118,74.48141275018807,94.58740728918968,68.29978260902737,28.248175587419155
topology_carcinoma_10_clean_tumorales.csv,70.58814351547363,48.02991099451805,18.358836111052057,35.94693023409761,56.72974773836118,70.58814351547362,68.96875444753283,66.69403701413668,70.58814351547363,1.5638444254832534e-308,64.05306399395874,70.58814351547363,24.441260907571348,63.6851187046133,24.184846968334057,48.827516424377876,56.72974773836118,146.21244858379484,47.293409651773544,36.445060118812876,20.168605098115876,70.58814351547363,70.58814351547363,49.5390867921742,65.73056673954949,31.81364074235114,48.719090328123826,29.68851840229948,70.58814351547363,44.95457064169966,68.8787577399109,49.50402053578756,33.15337550500516,28.190811586447296,61.34532494784344,65.9937884091047,70.58814351547363,49.81228803289267,32.102568032373426,70.58814351547363,49.50402053578756,56.72974773836118,32.731730787777735,17.894154357440385,24.70452139297018,34.8568898690755,21.18531995483842,70.1072896925611,32.96197352242899,49.50402053578756,70.58814351547363,60.463124716784876,70.58814351547363,84.57131967811918,61.888762997142294,67.51850804963712,44.76682265699162,93.2131335344205,34.233030330939755,70.58814351547363,54.969550193587224,94.58740728918968,28.556304709393686,70.58814351547363
topology_carcinoma_20_clean_tumorales.csv,80.08429293197113,80.08429293197113,64.05306399395874,71.8189566282434,80.08429293197113,80.08429293197113,80.08429293197113,80.08429293197113,80.08429293197113,64.05306399395874,2.005061496273837e-308,80.08429293197113,64.05306399395874,64.05306399395874,80.08429293197113,63.85352305266056,80.08429293197113,84.55085601281274,63.85352305266056,63.85352305266056,66.89243470494748,80.08429293197113,80.08429293197113,80.08429293197113,80.08429293197113,64.05306399395874,60.46571605826517,63.85352305266056,80.08429293197113,80.08429293197113,64.05306399395874,80.08429293197113,80.08429293197113,78.16504903841687,80.08429293197113,80.08429293197113,80.08429293197113,63.85352305266056,68.98787208073378,80.08429293197113,80.08429293197113,79.35806583388879,80.08429293197113,63.85352305266056,65.69236275009155,80.08429293197113,70.0935294094262,80.08429293197113,64.05306399395874,73.64997645722471,80.08429293197113,80.08429293197113,80.08429293197113,71.4520440928615,80.08429293197113,63.85352305266056,80.08429293197113,57.116947778613905,66.3692159994963,80.08429293197113,34.42769643556392,77.34520120576104,66.449811078268,80.08429293197113
topology_ad_dysplasia_4_clean_tumorales.csv,27.166973657587633,46.28992141951612,78.99088219425906,60.089413973833516,52.23947215578005,34.37020714324102,43.714957206755045,33.921470268067594,24.559216453214447,70.58814351547363,80.08429293197113,7.95049556633421e-309,60.2472492262537,103.15817644725604,56.38776508488169,53.71954608137463,47.933499427960456,146.21244858379487,83.93175164436045,52.26715396764226,57.73147123175151,25.851019713494637,30.01483548021058,40.950672070553395,41.1031168167208,72.23982383597678,55.824908994323806,71.34751754227571,15.021569386847837,55.660936640504616,68.87875773991087,51.660862785866,52.05064749053564,61.81832824069343,39.27018233436084,34.62171887309958,14.646382912839975,81.6291395017659,56.31774643845252,16.288408666544854,54.75518419864791,70.44829270611493,58.27389115783785,68.85435010361482,70.52775870682984,60.211715401456246,64.0967136270859,42.57642196172678,72.0627125546267,73.12583067838295,16.755316643324278,36.820177678728086,32.34726201557315,120.72642602066817,38.304499185012475,102.55950037125581,47.08233122264285,97.94823746352665,68.24513020365904,32.55579228395682,74.48141275018807,94.58740728918968,68.29978260902737,27.01044222376818
topology_carcinoma_19_clean_tumorales.csv,60.2472492262537,42.19300572776558,35.369106067721475,35.369106067721475,51.854425792325316,60.2472492262537,55.865961875886114,53.591244442489966,60.2472492262537,24.441260907571348,64.05306399395874,60.2472492262537,8.07872697569145e-309,75.22769546756473,35.369106067721475,44.27008272244058,47.78255012913499,146.21244858379487,53.16655491461327,24.910634251430395,34.04238747378187,60.2472492262537,60.2472492262537,36.436294220527486,53.26666571543289,35.369106067721475,41.412651265860944,42.791310973946196,60.2472492262537,35.369106067721475,68.87875773991087,40.17241772482187,28.66819366967019,33.40686040404955,48.24253237619672,52.89099583745798,60.2472492262537,52.11698582157824,23.819813578531438,60.2472492262537,35.5150685423705,45.739040748493196,35.369106067721475,34.43591385735806,33.40596976645054,35.369106067721475,35.308076526337004,57.00449712091438,35.369106067721475,38.9820824601939,60.2472492262537,47.36033214513816,60.2472492262537,89.47799364088311,48.78597042549557,70.19695397054042,35.369106067721475,89.87846012131166,35.369106067721475,60.2472492262537,54.969550193587224,94.58740728918968,35.369106067721475,60.2472492262537
topology_dysplasia_12_clean_tumorales.csv,103.15817644725604,103.15817644725604,50.91123241683596,76.94113729785002,103.15817644725604,103.15817644725604,103.15817644725604,103.15817644725604,103.15817644725604,63.6851187046133,64.05306399395874,103.15817644725604,75.22769546756473,1.2251782536364094e-308,87.86996567294736,65.7765890806435,103.15817644725604,118.48342490984615,30.07846531677984,83.91627581732834,72.0146153745541,103.15817644725604,103.15817644725604,103.15817644725604,103.15817644725604,64.41051133916116,50.44659443160562,33.99660030231382,103.15817644725604,103.15817644725604,74.89815844888136,103.15817644725604,89.01863896117464,83.28722970802349,103.15817644725604,103.15817644725604,103.15817644725604,51.88269880537456,74.1100527503404,103.15817644725604,91.11156745051258,84.48024650349541,89.13257328825895,61.9735547695023,70.81454341969817,90.78243308261216,73.9961009715359,103.15817644725604,67.68999423456705,78.77215712683133,103.15817644725604,103.15817644725604,103.15817644725604,48.228852697912686,103.15817644725604,27.742861230469657,103.15817644725604,50.20690343182133,47.69515774455746,103.15817644725604,54.969550193587224,103.15817644725604,71.57199174787462,103.15817644725604
topology_carcinoma_12_clean_tumorales.csv,56.38776508488169,37.43678250502671,36.9587332561114,27.59925684823159,48.15139014991118,54.1286575427128,48.15139014991118,48.15139014991118,56.38776508488169,24.184846968334057,80.08429293197113,56.38776508488169,35.369106067721475,87.86996567294736,1.7417911503078396e-308,53.71954608137463,48.15139014991118,146.21244858379487,71.4782566201076,30.90287436443731,21.70407403085764,56.38776508488169,56.38776508488169,31.102644030084292,46.3724935487235,24.867882855936642,53.587309441763395,53.873365370633536,56.38776508488169,30.79135081266506,68.87875773991087,33.064436535195426,23.74269043685004,20.95702193815329,48.15139014991118,48.15139014991118,56.38776508488169,67.92260142795354,29.44498376383666,56.38776508488169,31.776061656396024,48.15139014991118,22.975174535739256,30.315460473126734,17.302786949064057,25.751280181301382,17.64543293971002,48.15139014991118,21.58839996053075,39.322412985739184,56.38776508488169,48.15139014991118,54.732871155862995,108.75616664645324,37.70391602880824,91.70335501797118,26.014059635421063,97.94823746352665,40.174807928389896,56.38776508488169,55.53366590353039,94.58740728918968,22.975174535739256,56.38776508488169
topology_dysplasia_15_clean_tumorales.csv,53.71954608137463,53.71954608137463,49.78505881369912,48.570045519583346,53.71954608137463,53.71954608137463,53.71954608137463,53.71954608137463,53.71954608137463,48.827516424377876,63.85352305266056,53.71954608137463,44.27008272244058,65.7765890806435,53.71954608137463,1.0550521210624e-308,53.71954608137463,120.80137468034468,51.27461498526469,44.27008272244058,44.27008272244058,53.71954608137463,53.71954608137463,53.71954608137463,53.71954608137463,53.71954608137463,36.797600848098455,44.27008272244058,53.71954608137463,53.71954608137463,53.71954608137463,53.71954608137463,53.71954608137463,53.71954608137463,53.71954608137463,53.71954608137463,53.71954608137463,58.0502793986893,44.27008272244058,53.71954608137463,53.71954608137463,52.34033119552291,53.71954608137463,44.170772084833175,53.15157791399366,53.71954608137463,53.71954608137463,53.71954608137463,51.23212263227944,49.481877787362265,53.71954608137463,53.71954608137463,53.71954608137463,80.02688725396189,53.71954608137463,60.74584758361921,53.71954608137463,62.25126266744155,44.27008272244058,53.71954608137463,55.19720687850652,94.58740728918968,44.27008272244058,53.71954608137463
topology_ad_carcinoma_15_clean_tumorales.csv,31.850067195138422,33.77393096697526,66.44055708933917,49.40229015004243,14.712898732072944,24.646833709485037,20.12753868041092,27.42374058375023,41.295894498618125,56.72974773836118,80.08429293197113,47.933499427960456,47.78255012913499,103.15817644725604,48.15139014991118,53.71954608137463,9.92115190958215e-309,146.21244858379487,83.93175164436045,45.10813898197807,51.458148541343974,33.16602113923142,30.402675150828372,32.5927413287599,19.87676442674919,69.25389525501348,55.824908994323806,71.34751754227571,52.24699607151227,37.53845504692252,68.87875773991087,29.2687088914966,39.74611369239915,58.760924301825014,17.438471373627195,25.32800196431343,51.156721748446614,81.6291395017659,41.87039671275508,44.78180740708085,41.16084221524963,32.871543002679715,46.48370076951798,59.86148645611868,57.399451010737494,50.03742707669704,47.148809372147284,25.28344767851651,62.04094610579051,38.57963237934379,48.83577054233815,24.057182870345315,25.25104732263523,120.72642602066817,28.660454568124948,102.55950037125581,42.109561746195595,97.94823746352665,68.24513020365904,31.62624269710463,74.48141275018807,94.58740728918968,54.798846760078845,32.006598628957875
topology_dysplasia_9_clean_tumorales.csv,146.21244858379484,146.21244858379484,146.21244858379484,146.21244858379484,146.21244858379487,146.21244858379484,146.21244858379487,146.21244858379487,146.21244858379487,146.21244858379484,84.55085601281274,146.21244858379487,146.21244858379487,118.48342490984615,146.21244858379487,120.80137468034468,146.21244858379487,1.48920008976572e-308,121.61605174826104,146.21244858379484,146.21244858379487,146.21244858379487,146.21244858379484,146.21244858379487,146.21244858379487,146.21244858379487,140.63271110772104,139.2209429977351,146.21244858379484,146.21244858379484,118.48342490984615,146.21244858379487,146.21244858379487,146.21244858379484,146.21244858379487,146.21244858379484,146.21244858379484,125.1717069404151,146.21244858379487,146.21244858379487,146.21244858379487,146.21244858379487,146.21244858379487,146.21244858379484,146.21244858379484,146.21244858379487,146.21244858379487,146.21244858379487,146.21244858379484,146.21244858379484,146.21244858379487,146.21244858379484,146.21244858379484,118.48342490984615,146.21244858379484,118.48342490984615,146.21244858379487,102.15098037817188,146.21244858379487,146.21244858379487,93.69146184749823,121.89931873043179,146.21244858379487,146.21244858379487
topology_carcinoma_11_clean_tumorales.csv,83.93175164436045,83.93175164436045,34.5195233639962,60.54942824501026,83.93175164436045,83.93175164436043,83.93175164436045,83.93175164436045,83.93175164436045,47.293409651773544,63.85352305266056,83.93175164436045,53.16655491461327,30.07846531677984,71.4782566201076,51.27461498526469,83.93175164436045,121.61605174826104,1.129323267657885e-308,64.45730167504317,55.62290632171434,83.93175164436045,83.93175164436045,83.93175164436045,83.93175164436045,48.0188022863214,37.19702594061329,28.993227368554727,83.93175164436045,83.93175164436045,67.78085125355571,83.93175164436045,72.62692990833489,66.89552065518373,83.93175164436045,83.93175164436045,83.93175164436045,36.42538608148914,57.71834369750064,83.93175164436045,74.71985839767282,68.08853745065565,72.7408642354192,45.58184571666254,54.42283436685841,74.3907240297724,57.60439191869614,83.93175164436045,51.298285181727294,69.958662436342,83.93175164436045,83.93175164436045,83.93175164436045,61.35448951036806,83.93175164436045,32.25619952969757,83.93175164436045,50.20690343182133,37.01015886761843,83.93175164436045,54.969550193587224,94.58740728918968,55.18028269503486,83.93175164436045
topology_carcinoma_5_clean_tumorales.csv,47.50331117362313,42.35777751463719,42.966791222974706,33.821603548186744,46.60123947299725,45.13828313090315,45.13828313090315,38.05975490008272,52.26715396764226,36.445060118812876,63.85352305266056,52.26715396764226,24.910634251430395,83.91627581732834,30.90287436443731,44.27008272244058,45.10813898197807,146.21244858379484,64.45730167504317,1.732313291895472e-308,30.90287436443731,48.81926511771613,46.05591912931308,32.052190348930125,43.05721384411861,35.71966748426502,37.3176250964996,49.91967551501452,52.26715396764226,35.51158102488873,68.87875773991087,39.755988283861825,30.90287436443731,30.90287436443731,44.04548672831905,41.830239519387646,52.26715396764226,63.40773258200814,27.64814247252292,52.26715396764226,38.741788625311884,45.10813898197807,30.90287436443731,31.82548935053444,30.90287436443731,30.90287436443731,30.90287436443731,41.830239519387646,30.90287436443731,43.50997956073145,52.26715396764226,43.93068052713419,43.9306805271342,100.76874040131301,41.004964882525506,81.48770073097032,33.056532172054446,87.52017676745007,36.22111807277088,47.27948667558934,54.969550193587224,94.58740728918967,30.90287436443731,47.659842607442584
topology_carcinoma_1_clean_tumorales.csv,57.73147123175151,46.58567874463114,32.94249138589322,30.73663170898078,56.03077803607695,57.73147123175151,56.03077803607695,48.835250596567874,57.73147123175151,20.168605098115876,66.89243470494748,57.73147123175151,34.04238747378187,72.0146153745541,21.70407403085764,44.27008272244058,51.458148541343974,146.21244858379487,55.62290632171434,30.90287436443731,8.031934861482496e-309,57.73147123175151,57.73147123175151,41.20959012223341,53.7088633234213,29.207582141586855,43.44690780332573,38.018015072240274,57.73147123175151,47.41324146766297,68.87875773991087,47.17574117707869,29.167360829218666,26.744012137470946,55.42967715508365,48.3017063715848,57.73147123175151,53.79830270867916,29.996707020144612,57.73147123175151,45.91353714993343,49.54753964108994,34.00197855205596,20.625541125140842,20.71670021568164,30.315494894614545,25.536451021075962,52.08786270871576,23.15385832842435,48.3017063715848,57.73147123175151,48.3017063715848,57.73147123175151,92.90081634805996,48.3017063715848,75.84800471957792,36.437325987050826,97.94823746352665,25.558793937000246,57.73147123175151,54.969550193587224,94.58740728918968,31.89862255417634,57.73147123175151
topology_dysplasia_18_clean_tumorales.csv,13.324223441261069,37.44458966427976,78.99088219425906,56.08433601780098,38.45665681436901,11.788525943165624,17.86393749326041,24.31677331618198,13.042155899367728,70.58814351547363,80.08429293197113,25.851019713494637,60.2472492262537,103.15817644725604,56.38776508488169,53.71954608137463,33.16602113923142,146.21244858379487,83.93175164436045,48.81926511771613,57.73147123175151,1.080670653950324e-308,14.221638194089081,40.201678024615546,19.87676442674919,72.23982383597678,55.824908994323806,71.34751754227571,25.793192571174288,42.45633513481175,68.87875773991087,38.46885075129177,52.05064749053564,61.81832824069343,25.487366992949802,25.439340540271772,17.990700609215196,81.6291395017659,56.31774643845252,15.512983327928197,41.16084221524963,66.03756414191113,58.27389115783785,69.0902529185426,70.52775870682984,59.73537756279438,64.0967136270859,19.373198521688536,72.0627125546267,71.74565351857521,24.78580735537367,26.369567224008364,18.504511799246586,120.72642602066817,30.834623483311248,102.55950037125581,43.68955165884293,97.94823746352665,68.24513020365904,13.603836386266167,74.48141275018807,94.58740728918968,63.615395535596775,27.149193007723262
topology_ad_dysplasia_10_clean_tumorales.csv,17.417039311447226,37.38770768237106,78.99088219425904,56.08433601780098,35.693310825965966,21.680551840333248,21.69506589693185,17.37530893825351,15.682884926206121,70.58814351547363,80.08429293197113,30.01483548021058,60.2472492262537,103.15817644725604,56.38776508488169,53.71954608137463,30.402675150828372,146.21244858379484,83.93175164436045,46.05591912931308,57.73147123175151,14.221638194089081,2.195046396036929e-308,34.53025916021599,22.13009338057843,72.23982383597678,55.824908994323806,71.34751754227571,28.556538559577334,39.114775310690526,68.87875773991087,35.70550476288872,52.05064749053564,61.818328240693425,22.724021004546756,18.0755575432855,23.063321653667938,81.6291395017659,56.31774643845252,24.308730306601262,41.16084221524963,63.27421815350809,58.27389115783785,69.09025291854259,70.52775870682983,56.97203157439134,64.0967136270859,13.962056259829097,72.06271255462669,68.98230753017215,27.105820886707882,24.910079263864624,11.255865392311222,120.72642602066817,26.24423041053035,102.55950037125581,35.472359312140924,97.94823746352665,68.24513020365904,20.66681444871321,74.48141275018807,94.58740728918967,60.85204954719373,30.908182489207192
topology_dysplasia_14_clean_tumorales.csv,39.31395971521245,33.55339559021009,62.31297307995155,36.283068198937485,40.201678024615546,36.23792889365902,35.82030986144768,24.59363117264587,40.950672070553395,49.5390867921742,80.08429293197113,40.950672070553395,36.436294220527486,103.15817644725604,31.102644030084292,53.71954608137463,32.5927413287599,146.21244858379487,83.93175164436045,32.052190348930125,41.20959012223341,40.201678024615546,34.53025916021599,1.9174084475708164e-308,28.973881401698264,48.813694157626344,55.824908994323806,71.34751754227571,40.950672070553395,21.683732074801625,68.87875773991087,27.454366351904184,21.458496613566012,34.946240528243436,31.238440646992814,24.85192425900908,40.950672070553395,81.6291395017659,37.74281270336746,40.950672070553395,28.37200145222601,35.82030986144768,24.09163220852855,51.250650727285205,42.40966207708934,27.25792794515013,39.22810452525161,27.352880786992728,49.48354150020327,34.452048369956174,40.950672070553395,26.971657719532075,29.37863133202285,120.72642602066817,24.255095424144976,102.55950037125581,21.458496613566012,97.94823746352665,65.52904775223004,40.201678024615546,74.48141275018807,94.58740728918968,41.652213748912885,36.13418263834549
topology_dysplasia_16_clean_tumorales.csv,22.702840281449276,34.667794039438235,78.50445302732683,52.47454814631277,22.181305390633327,23.426774499771703,19.746105269547343,19.20733465475682,24.405224783122392,65.73056673954949,80.08429293197113,41.1031168167208,53.26666571543289,103.15817644725604,46.3724935487235,53.71954608137463,19.87676442674919,146.21244858379487,83.93175164436045,43.05721384411861,53.7088633234213,19.87676442674919,22.13009338057843,28.973881401698264,1.2085827510560047e-308,65.00517410500163,55.824908994323806,71.34751754227571,41.1031168167208,29.285174619117498,68.87875773991087,30.214012136355407,41.60507051556223,61.625483362524974,17.553324216186923,25.14429186952421,34.26605203295088,81.6291395017659,53.93429265074275,27.891137691585115,38.30411799365021,49.76221271817545,45.1098859334119,64.03781800090661,63.42791580197269,49.18222042009148,58.17378421237319,19.530881043171377,63.344962496692034,55.470302094839525,31.94510082684242,21.85114118032194,20.47937971618498,120.72642602066817,23.263365774037737,102.55950037125581,31.04746496511092,97.94823746352665,68.24513020365904,22.67629469799529,74.48141275018807,94.58740728918968,54.798846760078845,19.362178509138772
topology_carcinoma_9_clean_tumorales.csv,72.23982383597678,58.40038198154761,21.168205603495522,31.828046552528093,69.25389525501348,70.31095501594307,69.25389525501348,69.25389525501348,72.23982383597678,31.81364074235114,64.05306399395874,72.23982383597678,35.369106067721475,64.41051133916116,24.867882855936642,53.71954608137463,69.25389525501348,146.21244858379487,48.0188022863214,35.71966748426502,29.207582141586855,72.23982383597678,72.23982383597678,48.813694157626344,65.00517410500163,2.048122363826446e-308,55.824908994323806,42.657557246220236,72.23982383597678,48.38207680804578,68.8787577399109,57.93231939113207,41.33341643223076,18.876718368862328,69.25389525501348,69.25389525501348,72.23982383597678,45.794788861787424,43.160897483608736,72.23982383597678,47.9583591296263,68.04118639530529,30.100584877141642,22.89291408193455,27.489579252735354,26.371921743450997,28.183615521031896,69.25389525501348,18.713286258561226,56.91313898111991,72.23982383597678,67.19425396288187,70.91516862909327,85.29671231266703,61.163370362594435,68.24390068418498,44.04143002244376,93.93852616896837,27.71239357165649,72.23982383597678,55.302120818844,94.58740728918968,26.12677549517035,72.23982383597678
topology_carcinoma_17_clean_tumorales.csv,55.824908994323806,55.824908994323806,53.02323834244757,54.63555387103888,55.824908994323806,55.824908994323806,55.824908994323806,55.824908994323806,55.824908994323806,48.719090328123826,60.46571605826517,55.824908994323806,41.412651265860944,50.44659443160562,53.587309441763395,36.797600848098455,55.824908994323806,140.63271110772104,37.19702594061329,37.3176250964996,43.44690780332573,55.824908994323806,55.824908994323806,55.824908994323806,55.824908994323806,55.824908994323806,1.4465402694253785e-308,34.710128485224516,55.824908994323806,55.824908994323806,56.69152280411657,55.824908994323806,53.610270548874894,55.824908994323806,55.824908994323806,55.824908994323806,55.824908994323806,47.32629667640671,38.70168433804065,55.824908994323806,55.70319903821283,54.63555387103888,55.824908994323806,42.531152855581155,50.84388115281325,55.824908994323806,55.13134182476037,55.824908994323806,54.63555387103888,54.63555387103888,55.824908994323806,55.824908994323806,55.824908994323806,67.48485169433462,55.824908994323806,50.43204006585256,55.824908994323806,64.93638324210696,42.27116272943442,55.824908994323806,53.54909377627715,94.58740728918968,40.07864324258048,55.824908994323806
topology_carcinoma_18_clean_tumorales.csv,71.34751754227571,71.34751754227571,32.2013614184888,47.22181115539277,71.34751754227571,71.3475175422757,71.34751754227571,71.34751754227571,71.34751754227571,29.68851840229948,63.85352305266056,71.34751754227571,42.791310973946196,33.99660030231382,53.873365370633536,44.27008272244058,71.34751754227571,139.2209429977351,28.993227368554727,49.91967551501452,38.018015072240274,71.34751754227571,71.34751754227571,71.34751754227571,71.34751754227571,42.657557246220236,34.710128485224516,1.7075466355864773e-308,71.34751754227571,70.97847509213807,60.21727429886032,71.34751754227571,55.02203865886082,49.290629405709666,71.34751754227571,71.34751754227571,71.34751754227571,30.669009608254783,40.11345244802658,71.34751754227571,57.11496714819876,52.954655089728504,55.13597298594513,28.513645805201946,36.817943117384345,56.785832780298335,39.99950066922207,71.34751754227571,38.33128644736698,52.22273789462619,71.34751754227571,71.34751754227571,71.34751754227571,54.8828012758197,71.34751754227571,37.82998964733764,71.34751754227571,63.52461513212103,35.47760537041708,71.34751754227571,54.969550193587224,94.58740728918968,37.5753914455608,71.34751754227571
topology_ad_carcinoma_7_clean_tumorales.csv,27.10914651526728,42.90510556417014,78.99088219425904,60.089413973833516,52.71043221897175,34.31238000092067,43.657130064434696,38.06971538935393,22.21272950722566,70.58814351547363,80.08429293197113,15.021569386847837,60.2472492262537,103.15817644725604,56.38776508488169,53.71954608137463,52.24699607151227,146.21244858379484,83.93175164436045,52.26715396764226,57.73147123175151,25.793192571174288,28.556538559577334,40.950672070553395,41.1031168167208,72.23982383597678,55.824908994323806,71.34751754227571,1.158693831104566e-308,56.91421850145092,68.87875773991087,51.660862785866,52.05064749053564,61.818328240693425,40.15111795972746,39.40784965918094,16.30242128106283,81.6291395017659,56.31774643845252,18.839096057456004,54.75518419864791,70.44829270611493,58.27389115783785,69.09025291854259,70.52775870682983,60.211715401456246,64.0967136270859,42.51859481940643,72.06271255462669,73.12583067838294,21.452810315696134,36.82017767872808,32.2894348732528,120.72642602066817,39.416587944942265,102.55950037125581,47.08233122264285,97.94823746352665,68.24513020365904,27.332971013301076,74.48141275018807,94.58740728918967,68.29978260902737,27.91218440078668
topology_carcinoma_6_clean_tumorales.csv,42.085448480235826,26.479343559693262,57.728456929477005,33.358317015762864,44.67279597489252,36.549222111078244,36.389881805637884,24.904924390065105,50.007994658480285,44.95457064169966,80.08429293197113,55.660936640504616,35.369106067721475,103.15817644725604,30.79135081266506,53.71954608137463,37.53845504692252,146.21244858379484,83.93175164436045,35.51158102488873,47.41324146766297,42.45633513481175,39.114775310690526,21.683732074801625,29.285174619117498,48.38207680804578,55.824908994323806,70.97847509213807,56.91421850145092,1.8836903853269585e-308,68.87875773991087,20.009279593365903,25.729442662034913,34.634947310824195,31.005988450779853,24.542048970931475,56.91421850145092,81.6291395017659,35.05302553920609,53.49390756694301,33.916716208579714,37.34151931488309,27.80574977272326,50.88722373808503,37.82514592661479,26.946634727730896,34.64358837477707,27.66417400441196,49.17224828278403,29.867532219481628,56.91421850145092,30.751351010528555,33.96314748249739,120.72642602066817,23.051767312950403,102.55950037125581,19.793118954011163,97.94823746352665,60.9445316017555,44.67279597489252,74.48141275018807,94.58740728918967,41.56776635220686,40.718698788820035
