,topology_carcinoma_10_clean.csv,topology_dysplasia_18_clean.csv,topology_ad_carcinoma_2_clean.csv,topology_carcinoma_2_clean.csv,topology_ad_carcinoma_10_clean.csv,topology_ad_carcinoma_9_clean.csv,topology_dysplasia_5_clean.csv,topology_ad_carcinoma_3_clean.csv,topology_dysplasia_14_clean.csv,topology_ad_carcinoma_1_clean.csv,topology_dysplasia_13_clean.csv,topology_dysplasia_17_clean.csv,topology_carcinoma_8_clean.csv,topology_dysplasia_10_clean.csv,topology_carcinoma_20_clean.csv,topology_dysplasia_11_clean.csv,topology_ad_carcinoma_8_clean.csv,topology_carcinoma_13_clean.csv,topology_ad_carcinoma_4_clean.csv,topology_carcinoma_9_clean.csv,topology_ad_carcinoma_12_clean.csv,topology_carcinoma_4_clean.csv,topology_ad_carcinoma_15_clean.csv,topology_ad_carcinoma_5_clean.csv,topology_ad_dysplasia_8_clean.csv,topology_dysplasia_7_clean.csv,topology_carcinoma_17_clean.csv,topology_dysplasia_19_clean.csv,topology_carcinoma_5_clean.csv,topology_dysplasia_8_clean.csv,topology_carcinoma_7_clean.csv,topology_carcinoma_19_clean.csv,topology_ad_carcinoma_11_clean.csv,topology_dysplasia_2_clean.csv,topology_carcinoma_18_clean.csv,topology_carcinoma_11_clean.csv,topology_carcinoma_16_clean.csv,topology_dysplasia_12_clean.csv,topology_ad_dysplasia_1_clean.csv,topology_dysplasia_1_clean.csv,topology_ad_dysplasia_3_clean.csv,topology_ad_carcinoma_6_clean.csv,topology_dysplasia_16_clean.csv,topology_dysplasia_15_clean.csv,topology_dysplasia_4_clean.csv,topology_ad_dysplasia_2_clean.csv,topology_ad_carcinoma_7_clean.csv,topology_ad_carcinoma_13_clean.csv,topology_ad_dysplasia_6_clean.csv,topology_ad_dysplasia_9_clean.csv,topology_ad_carcinoma_14_clean.csv,topology_carcinoma_3_clean.csv,topology_carcinoma_6_clean.csv,topology_ad_dysplasia_4_clean.csv,topology_dysplasia_6_clean.csv,topology_ad_dysplasia_10_clean.csv,topology_ad_dysplasia_5_clean.csv,topology_carcinoma_14_clean.csv,topology_carcinoma_12_clean.csv,topology_carcinoma_15_clean.csv,topology_carcinoma_1_clean.csv
topology_carcinoma_10_clean.csv,1.579759596002215e-308,27.076652053900276,23.814905515736996,36.15540872295049,36.15540872295049,27.076652053900272,27.076652053900272,62.7725382342592,24.881685649846986,36.15540872295049,35.5459780156932,26.940351683853592,36.15540872295049,24.930062382449627,25.815522716080864,24.473009214026135,27.076652053900276,52.17939695152964,33.75283713372936,24.62939624820372,32.73547579574348,36.15540872295049,27.076652053900272,30.273120202685245,36.1554087229505,67.53156663087572,37.273189739734875,36.15540872295049,36.15540872295049,55.10455578689678,27.076652053900276,27.076652053900276,20.69463487173887,35.3826996231922,31.33196756778564,25.667929723700908,27.076652053900276,18.17654989293817,23.094239341835717,36.15540872295049,27.076652053900276,36.15540872295049,36.1554087229505,26.46601001413086,31.609030789599146,24.515789809364534,36.15540872295049,30.386929741144243,17.939988479224255,30.976116233415723,24.34532005734991,35.00574336388273,36.15540872295049,36.1554087229505,36.15540872295049,22.814074086312516,36.15540872295049,32.33748201537169,36.15540872295049,34.727705830026665,34.65337498539775
topology_dysplasia_18_clean.csv,27.076652053900276,7.19451295819724e-309,19.002002949011498,29.99181707343388,30.776349541300576,19.123121208882537,14.02820580582582,73.91348446706053,31.669558585620862,24.253978876260945,35.54597801569321,24.841674682926634,23.283026929628136,36.794440332007625,22.880789745715987,17.878389818467312,18.192669840621846,52.17939695152964,24.007365301524644,27.705823052276923,18.581172810840314,23.936525465925495,22.51929394711803,17.460665325164555,28.18397531701096,81.48609908711252,51.42749272463804,24.11300452283973,29.59313294047186,69.25885877179994,19.054011591017257,14.13648405209834,25.37918365327242,21.806544427262224,17.17766458288247,21.53507167569485,11.10710117505063,32.33085287784134,28.03853421931079,23.159732039834722,16.518949718954943,37.79902256578707,30.593055611113968,21.7417043378129,17.454727804695974,22.574478922470803,37.79902256578707,16.232626756241075,30.926726487857493,16.821813248512555,20.44537866854772,20.851440378979557,37.30187819742286,24.857190671638165,26.556334301914347,27.004518407065717,32.7061822241194,20.78576167636011,28.782142726995716,21.655145208182116,20.49907200049458
topology_ad_carcinoma_2_clean.csv,23.814905515736996,19.002002949011498,9.8657199004416e-309,19.54395119871664,20.328483666583338,17.483218996221325,19.002002949011494,73.91348446706053,31.669558585620862,22.72153232604535,35.545978015693194,20.584690461546515,21.48445539970612,35.60821509865707,19.30314154864716,13.63406902755075,22.775071104695485,52.17939695152964,26.596804586833464,28.69352208072422,19.002002949011498,19.002002949011498,12.071428072400792,22.043066589238194,19.002002949011498,81.48609908711252,52.41519175308534,19.002002949011498,20.711752667044493,70.24655780024725,23.636412855090896,13.84569501236382,19.371528715122338,21.806544427262224,19.002002949011494,19.002002949011494,19.002002949011494,33.318551906288626,29.026233247758086,19.002002949011494,19.002002949011498,27.84266867069484,23.84314675933767,12.111271344663805,19.002002949011498,17.815934650915466,27.84266867069484,19.886141729766393,18.978519099606146,19.002002949011498,14.597477765323617,19.002002949011498,26.59680458683346,19.002002949011498,19.002002949011498,25.86290247826716,23.81799722579578,13.172672480844168,19.002002949011498,15.562896295499144,19.002002949011498
topology_carcinoma_2_clean.csv,36.15540872295049,29.99181707343388,19.54395119871664,5.347695089779265e-309,7.5434090334737505,30.231574013649468,27.91919352301352,73.91348446706051,43.84318873338588,10.345530853805393,35.545978015693194,18.753533617963356,21.48445539970612,53.10556343155928,37.72853142839578,23.075055511352883,38.24610771261244,52.17939695152964,12.994707523351876,40.92560494333103,14.160439733349918,8.56855925602737,12.748566341141752,13.872999855651798,14.52672451213067,81.48609908711252,66.72508846756872,12.799149498877313,8.423594857932024,74.15479414395914,29.808803922026243,28.84177507953984,27.765403069938287,21.806544427262224,13.217511334919195,22.51409397854361,23.638174282017516,40.11432840686623,47.158899519579826,10.12847165075847,26.259025102722845,18.180699186107578,12.679981586706276,23.171643606412925,14.404009454383477,23.241250083265566,18.18069918610758,18.37810219423773,34.60990030841792,13.666768177121092,23.392172943331516,9.140376694454316,9.269690125908369,8.728380998653975,8.917046598525843,41.59692390902699,12.157837045552567,9.355681378011909,9.928859044537461,18.351239628830967,9.492745072939298
topology_ad_carcinoma_10_clean.csv,36.15540872295049,30.776349541300576,20.328483666583338,7.5434090334737505,1.1146189451144744e-308,30.23157401364947,28.703725990880212,73.91348446706051,43.84318873338588,6.7993465540275295,35.545978015693194,19.538066085830053,21.48445539970612,53.10556343155928,37.72853142839578,23.85958797921958,39.03064018047913,52.17939695152964,15.994708243976163,40.92560494333103,14.28030122571208,10.854586638528616,12.748566341141753,14.657532323518495,13.398194265451835,81.48609908711252,66.72508846756872,12.799149498877313,7.060967438324148,74.15479414395914,30.59333638989294,29.62630754740654,28.549935537804984,21.806544427262224,13.598684958418104,21.57982819078748,24.422706749884213,40.11432840686623,47.158899519579826,9.934569960309927,27.04355757058954,18.667580835962312,10.190216999456297,23.17164360641293,13.321621736604598,24.025782551132266,19.746005749888138,14.5437227850595,33.344478969933846,16.5464866180535,24.176705411198213,11.049072203913568,7.618625124412574,7.022534037381334,8.171649691815999,41.596923909027,9.920524035754724,9.990587864940466,7.0622648126828045,18.351239628830967,13.567668629359801
topology_ad_carcinoma_9_clean.csv,27.076652053900272,19.123121208882537,17.483218996221325,30.231574013649468,30.23157401364947,1.800982137491009e-308,12.578806458969487,72.93861711455503,31.669558585620862,28.24220298086827,35.545978015693194,24.86714833871359,27.27125103423546,30.681610721324358,10.885877078134541,15.379766089119023,23.83089528930138,52.17939695152964,26.02517805244824,23.717598947669597,22.56939691544764,27.924749570532825,19.18102041163013,24.366646068820586,30.23157401364947,77.69764551117154,47.43926862003072,28.101228627447057,30.231574013649468,65.27063466719261,21.071824341940854,15.558512264948567,19.79138959511583,25.216620742896367,21.165888687489797,14.688154877824443,14.482106885111014,31.048907977095823,24.050310114703464,26.904909762348964,13.554087104296151,30.23157401364947,30.23157401364947,13.182706209485104,21.4429519093033,15.136974272952102,30.23157401364947,28.256393717195145,18.088331886619926,20.81003735311988,12.602644271370153,24.839664483586887,30.231574013649468,28.84541477624549,30.231574013649468,18.02693371274148,30.23157401364947,24.773985780967436,30.231574013649468,25.643369312789446,24.4872961051019
topology_dysplasia_5_clean.csv,27.076652053900272,14.02820580582582,19.002002949011494,27.91919352301352,28.703725990880212,12.578806458969487,1.8478899736846427e-308,73.91348446706051,31.66955858562086,22.181355325840585,35.545978015693194,19.36157156194554,21.48445539970612,38.33769070129985,17.424207642924785,11.606908030137731,21.176738621213275,52.17939695152964,23.597794606454446,29.778446602697286,16.508549260419954,21.86390191550514,20.44667039669767,19.26105839952703,26.1113517665906,81.48609908711252,53.500116275058396,22.04038097241937,27.520509390051497,71.33148232222031,14.589813399895846,11.400949860414668,20.895281578542736,21.806544427262224,15.105041032462111,12.448500638573925,8.439244988137318,34.4034764282617,30.11115776973115,21.087108489414362,8.631117331779095,33.49055341562036,28.520432060693608,16.126461683150985,15.382104254275616,15.711219977315928,33.49055341562036,17.827170916058332,22.16087731954741,17.009247131356858,13.099473007399423,18.7788168285592,33.49055341562036,22.784567121217805,24.483710751493987,25.68301369271697,30.633558673699042,18.713138125939746,26.709519176575355,19.58252165776176,18.42644845007422
topology_ad_carcinoma_3_clean.csv,62.7725382342592,73.91348446706053,73.91348446706053,73.91348446706051,73.91348446706051,72.93861711455503,73.91348446706051,1.3261485696794347e-308,45.80973583458371,73.91348446706053,64.43589447175876,72.31029431917727,73.91348446706051,42.30632514895259,68.07156554523243,73.91348446706051,68.67255057998379,43.11032154188963,73.91348446706053,49.22101816688544,73.91348446706053,73.91348446706051,73.91348446706053,73.91348446706053,73.91348446706053,40.611954894490204,40.611954894490204,73.91348446706051,73.91348446706051,40.61195489449021,73.91348446706051,73.91348446706051,73.91348446706053,54.60155451101428,73.91348446706051,73.91348446706051,73.91348446706051,44.59598834132103,48.88830699985158,73.91348446706051,73.91348446706053,73.91348446706053,73.91348446706053,73.91348446706051,73.91348446706051,73.91348446706053,73.91348446706053,73.91348446706051,65.67726462840295,73.91348446706053,73.91348446706053,73.91348446706051,68.58589104748665,73.91348446706053,73.91348446706051,61.51180461561245,73.91348446706053,73.91348446706051,73.91348446706051,63.653170592471575,73.91348446706051
topology_dysplasia_14_clean.csv,24.881685649846986,31.669558585620862,31.669558585620862,43.84318873338588,43.84318873338588,31.669558585620862,31.66955858562086,45.80973583458371,1.351620116997662e-308,43.84318873338588,26.378997497319745,35.29390342624242,43.4227900252404,40.381763735342055,31.669558585620862,31.669558585620862,31.54776015174977,43.84318873338589,43.65415411959809,31.66955858562086,42.636792781612215,43.84318873338588,34.872652863855976,40.17443718855398,43.84318873338589,56.195936678071206,31.669558585620862,43.84318873338588,43.84318873338588,45.20323880102805,31.669558585620862,31.669558585620862,31.669558585620862,41.65188516488662,41.23328455365437,34.75555074398902,31.66955858562086,31.048907977095823,31.669558585620862,43.84318873338588,31.669558585620862,43.84318873338589,43.84318873338589,30.639601456456177,41.51034777546788,31.669558585620862,43.84318873338588,40.28824672701297,31.669558585620862,40.877433219284455,31.669558585620862,43.84318873338588,43.84318873338588,43.84318873338589,43.84318873338588,31.590168086848777,43.84318873338589,37.81172505037375,43.84318873338588,40.201948865028726,43.84318873338588
topology_ad_carcinoma_1_clean.csv,36.15540872295049,24.253978876260945,22.72153232604535,10.345530853805393,6.7993465540275295,28.24220298086827,22.181355325840585,73.91348446706053,43.84318873338588,7.891459132582525e-309,35.545978015693194,13.01569542079042,21.48445539970612,53.10556343155928,33.10925455019086,22.48036636861934,32.50826951543951,52.17939695152964,10.757510543876883,40.92560494333103,16.51839630021101,13.079543514613604,12.751607925320457,8.299859010614853,9.906778692355601,81.48609908711252,66.72508846756872,12.799149498877313,9.389774320104358,72.5639685996675,24.07096572485331,23.901813693334486,27.029705982987096,21.806544427262224,14.102473478682953,23.490463830084835,20.709468841981106,40.11432840686623,47.15889951957983,10.34657225481594,20.679286976403944,23.00172910558871,11.872994000413371,18.520163711313742,16.27235085027969,23.69184410467031,23.00172910558871,14.473880552448401,34.60990030841792,14.337451805369312,25.600336840319244,13.258075463739464,13.047899321161921,7.101045793544898,9.155469583384232,39.66901547981087,12.63383993625547,11.637926887607236,10.695871092923532,16.942047714520314,14.515964187484869
topology_dysplasia_13_clean.csv,35.5459780156932,35.54597801569321,35.545978015693194,35.545978015693194,35.545978015693194,35.545978015693194,35.545978015693194,64.43589447175876,26.378997497319745,35.545978015693194,1.5911094555627727e-308,35.545978015693194,27.81247371374013,35.54597801569321,35.54597801569321,35.545978015693194,35.54597801569321,25.374466635066753,35.545978015693194,35.5459780156932,35.545978015693194,35.545978015693194,35.545978015693194,35.545978015693194,35.545978015693194,74.82209531524626,46.898045940526046,28.642451306951727,35.545978015693194,64.72941198768794,35.5459780156932,35.545978015693194,35.545978015693194,34.75480917587925,35.545978015693194,25.48085323492417,35.545978015693194,35.5459780156932,35.54597801569321,35.545978015693194,35.545978015693194,35.545978015693194,35.545978015693194,35.545978015693194,35.545978015693194,35.545978015693194,35.545978015693194,35.545978015693194,35.54597801569321,35.545978015693194,35.545978015693194,35.545978015693194,35.545978015693194,35.545978015693194,35.545978015693194,35.54597801569321,35.545978015693194,35.545978015693194,35.545978015693194,35.545978015693194,35.545978015693194
topology_dysplasia_17_clean.csv,26.940351683853592,24.841674682926634,20.584690461546515,18.753533617963356,19.538066085830053,24.86714833871359,19.36157156194554,72.31029431917727,35.29390342624242,13.01569542079042,35.545978015693194,1.0185813846173853e-308,21.48445539970612,45.8587995256803,28.002265811608428,24.333140726720064,19.492574094649083,52.17939695152964,10.20918077248298,38.94410650774745,18.9056397265047,13.897957060905398,18.45969773166308,10.20918077248298,16.94569186154044,81.48609908711252,62.66577618010856,12.874721067369208,18.35484948500134,74.15479414395914,17.140375756388792,22.857511788026407,28.051997346179235,18.615913648869405,20.80501709963788,22.439324888166382,22.429054607728183,40.11432840686623,39.27681767478131,13.473512014709286,23.16372185470722,24.327095668920926,19.354772155643445,18.475600244791302,22.97489447123462,28.258652058849293,24.327095668920926,24.838842846574384,31.830979700329024,15.157600823419827,24.818284612948887,14.25489435246169,24.327095668920926,13.618907216167642,15.937563231806562,29.495711352995425,21.467898768648876,18.340470508562163,17.54385927152519,18.351239628830967,15.676946392584696
topology_carcinoma_8_clean.csv,36.15540872295049,23.283026929628136,21.48445539970612,21.48445539970612,21.48445539970612,27.27125103423546,21.48445539970612,73.91348446706051,43.4227900252404,21.48445539970612,27.81247371374013,21.48445539970612,8.4514978795212e-309,51.382643322149335,32.13830260355806,21.48445539970612,31.537317568806696,43.63873165190996,21.48445539970612,40.92560494333103,21.484455399706118,21.484455399706118,21.48445539970612,21.48445539970612,21.48445539970612,81.48609908711252,66.07656376383363,21.48445539970612,21.48445539970612,74.15479414395914,23.1000137782205,22.1329849357341,24.713067502233272,21.80654442726222,21.484455399706118,21.48445539970612,21.48445539970612,40.11432840686623,46.071297349089406,21.484455399706118,21.48445539970612,21.48445539970612,21.48445539970612,21.48445539970612,21.48445539970612,21.48445539970612,21.48445539970612,21.484455399706118,34.53260352038754,21.48445539970612,21.48445539970612,21.484455399706118,21.48445539970612,21.48445539970612,21.484455399706118,38.69806353317805,21.484455399706118,21.48445539970612,21.48445539970612,21.48445539970612,21.484455399706118
topology_dysplasia_10_clean.csv,24.930062382449627,36.794440332007625,35.60821509865707,53.10556343155928,53.10556343155928,30.681610721324358,38.33769070129985,42.30632514895259,40.381763735342055,53.10556343155928,35.54597801569321,45.8587995256803,51.382643322149335,5.8279717842804e-309,25.76524039627985,41.53727763229077,40.38176373534205,43.80080461983976,53.10556343155928,31.147186319597708,53.10556343155928,53.10556343155928,45.43754896329385,50.739333287991855,53.10556343155929,47.0653535455691,28.482700215826725,53.10556343155928,53.10556343155928,40.38176373534205,40.381763735342055,35.77055806410381,36.84693007370536,49.611738461795554,51.798180653092246,45.320446843426886,40.97415886162613,23.69280685701768,21.26705123415408,53.10556343155928,38.3533080409208,53.10556343155928,53.10556343155929,41.20449755589405,52.07524387490575,41.37108306037808,53.10556343155928,50.85314282645085,23.37093947945037,51.44232931872233,41.22016020031214,53.10556343155928,53.10556343155928,53.10556343155929,53.10556343155928,19.20547946665985,53.10556343155928,45.77157834728269,53.10556343155928,48.16180216193766,53.10556343155928
topology_carcinoma_20_clean.csv,25.815522716080864,22.880789745715987,19.30314154864716,37.72853142839578,37.72853142839578,10.885877078134541,17.424207642924785,68.07156554523243,31.669558585620862,33.10925455019086,35.54597801569321,28.002265811608428,32.13830260355806,25.76524039627985,6.16476158264471e-309,15.772037236010917,29.978610254494736,52.17939695152964,34.82876632988881,18.850547378347,27.436448484770235,32.791801139855416,25.911858193555357,30.379826411952465,36.32901889659257,72.83059394184896,42.57221705070812,32.968280196769655,37.72853142839578,60.403583097870026,30.83995200489015,12.379382128602314,20.980178470596925,30.083672312218965,26.032940256812395,19.555206447147043,15.356531139433883,31.048907977095823,19.183258545380863,32.01500771376464,14.333814213900425,37.72853142839578,37.315553998855435,15.776034712767673,26.3100034786259,15.605842664098233,37.72853142839578,28.47738086223646,17.41958472998784,25.67708892244248,15.454919804032286,29.706716052909485,37.72853142839578,33.71246634556809,35.411609975844264,16.765453417213763,37.72853142839578,29.641037350290034,37.63741840092564,30.51042088211204,29.354347674424503
topology_dysplasia_11_clean.csv,24.473009214026135,17.878389818467312,13.63406902755075,23.075055511352883,23.85958797921958,15.379766089119023,11.606908030137731,73.91348446706051,31.669558585620862,22.48036636861934,35.545978015693194,24.333140726720064,21.48445539970612,41.53727763229077,15.772037236010917,1.751765351076308e-308,22.53390514726948,52.17939695152964,28.348600608172273,34.62258461435792,11.66441124875932,17.019763903844503,15.602532385037037,21.801900631812188,21.26721375492997,81.48609908711252,58.34425428671903,19.644382932604824,22.67637137839087,74.15479414395914,23.395246897664887,9.523100163078112,14.545596467646646,21.80654442726222,10.260903020801479,11.143616775271994,14.04586924848499,39.24761443992233,34.955295781391776,16.24297047775373,8.637300194908214,32.46896422486481,23.676294049032975,10.35442863937125,15.14952412973443,12.122906719829182,32.46896422486481,19.644382932604827,19.06179197281312,12.760494190053706,10.016324649021753,15.36542983068425,30.38511663534187,19.26118255305738,19.639572739833355,22.331798165630914,27.36567419344833,13.869000114279117,21.86538116491472,18.351239628830967,19.644382932604827
topology_ad_carcinoma_8_clean.csv,27.076652053900276,18.192669840621846,22.775071104695485,38.24610771261244,39.03064018047913,23.83089528930138,21.176738621213275,68.67255057998379,31.54776015174977,32.50826951543951,35.54597801569321,19.492574094649083,31.537317568806696,40.38176373534205,29.978610254494736,22.53390514726948,1.8902876903592136e-308,52.17939695152964,27.852824788004753,25.36979942811557,26.835463450018878,32.19081610510406,30.773584586296593,24.373107856960644,36.438265956189525,73.43157897660032,43.17320208545947,32.367295162018294,37.847423579650425,61.00456813262138,12.439356102034345,23.955352471984625,28.930635339665407,29.4826872774676,25.431955222061035,23.884734416723305,20.763007620631242,35.95642392321351,30.656989699961485,31.414022679013286,23.98481503059739,42.17296277941681,38.52483973960261,23.164366221144924,25.70901844387454,26.361098623724118,42.1729627794168,24.48691739541964,34.60990030841792,25.07610388769112,25.65387561896938,29.105731018158124,42.1729627794168,33.11148131081673,34.81062494109291,33.74605804055608,40.960472863297966,29.04005231553867,37.03643336617428,29.90943584736068,28.75336263967314
topology_carcinoma_13_clean.csv,52.17939695152964,52.17939695152964,52.17939695152964,52.17939695152964,52.17939695152964,52.17939695152964,52.17939695152964,43.11032154188963,43.84318873338589,52.17939695152964,25.374466635066753,52.17939695152964,43.63873165190996,43.80080461983976,52.17939695152964,52.17939695152964,52.17939695152964,2.1419979807698093e-308,52.17939695152964,48.86316467771331,52.17939695152964,52.17939695152964,52.17939695152964,52.17939695152964,52.17939695152964,53.49652238537712,54.23287803743038,39.76824109301607,52.17939695152964,51.260923343049285,52.17939695152964,52.17939695152964,52.17939695152964,49.25447207941019,52.17939695152964,46.80642616479331,52.17939695152964,44.238134852148896,48.53045351067944,52.17939695152964,52.17939695152964,52.17939695152964,52.17939695152964,52.17939695152964,52.17939695152964,52.17939695152964,52.17939695152964,52.17939695152964,52.17939695152964,52.17939695152964,52.17939695152964,52.17939695152964,50.28788832350182,52.17939695152964,52.17939695152964,52.17939695152964,52.17939695152964,52.17939695152964,52.17939695152964,52.17939695152964,52.17939695152964
topology_ad_carcinoma_4_clean.csv,33.75283713372936,24.007365301524644,26.596804586833464,12.994707523351876,15.994708243976163,26.02517805244824,23.597794606454446,73.91348446706053,43.65415411959809,10.757510543876883,35.545978015693194,10.20918077248298,21.48445539970612,53.10556343155928,34.82876632988881,28.348600608172273,27.852824788004753,52.17939695152964,1.8825400409472016e-308,40.92560494333103,22.319598380200162,17.533936765941014,19.126449437539186,6.546699976360088,13.08895721915394,81.48609908711252,66.72508846756872,13.860623624938347,14.28366433499523,74.15479414395915,19.41552099741855,29.244760426842742,29.65279790622901,21.806544427262224,19.970707718235882,27.01926961894983,26.57770308153404,40.11432840686623,47.15889951957983,12.639202633307292,26.547521215956877,19.95069619736764,14.45033575166996,23.17164360641293,22.140585089832626,29.010739635351044,19.95069619736764,25.231391096325282,34.60990030841792,18.850911660865236,27.610608223275207,16.844831763222906,19.01183242344233,12.926201036389557,15.10325385040457,35.01357075237611,15.010910725199174,17.50616112716017,15.300401259520285,18.351239628830967,20.3841984270378
topology_carcinoma_9_clean.csv,24.62939624820372,27.705823052276923,28.69352208072422,40.92560494333103,40.92560494333103,23.717598947669597,29.778446602697286,49.22101816688544,31.66955858562086,40.92560494333103,35.5459780156932,38.94410650774745,40.92560494333103,31.147186319597708,18.850547378347,34.62258461435792,25.36979942811557,48.86316467771331,40.92560494333103,7.95228747298561e-309,40.92560494333103,40.92560494333103,38.522855945360995,40.92560494333103,40.92560494333104,53.98004656350195,27.877297376114274,40.92560494333103,40.92560494333103,41.553035719523024,27.888836203684562,28.855865046170962,29.932237055772514,37.84681363044075,40.92560494333103,38.40575382549404,34.05946584369328,31.04890797709582,20.57314517642756,40.92560494333103,31.43861502298796,36.744370948215895,40.92560494333104,34.289804537961196,40.92560494333103,34.456390042445236,40.92560494333103,40.92560494333103,23.974956252835497,40.92560494333104,34.30546718237929,40.92560494333103,40.92560494333103,40.92560494333104,40.92560494333103,20.05274817204372,40.92560494333103,36.01023619799686,40.92560494333103,30.716578203414006,40.92560494333103
topology_ad_carcinoma_12_clean.csv,32.73547579574348,18.581172810840314,19.002002949011498,14.160439733349918,14.28030122571208,22.56939691544764,16.508549260419954,73.91348446706053,42.636792781612215,16.51839630021101,35.545978015693194,18.9056397265047,21.484455399706118,53.10556343155928,27.436448484770235,11.66441124875932,26.835463450018878,52.17939695152964,22.319598380200162,40.92560494333103,1.7085409359469167e-308,9.752260548362827,12.673031412230301,19.961865488452815,18.832052028608118,81.48609908711252,66.72508846756872,15.160906948087286,14.441584481646371,74.15479414395915,18.39815965943268,17.43113081694628,16.354758807344723,21.806544427262224,9.269182997748358,11.143616775271992,12.227530019423952,40.114328406866235,46.619707030151105,12.334064475705176,14.84838084012928,25.709895545668275,19.613344784360564,13.499920313085155,10.414375568901342,11.830605820672005,25.709895545668275,18.778008547021628,29.830749401599718,13.622844881481683,11.981528680737952,11.173637477041721,19.270376800149762,15.420017983196388,16.757530316935924,33.996209414390236,19.493260704297313,10.010847653678937,14.221550692366392,18.351239628830967,14.156947756169941
topology_carcinoma_4_clean.csv,36.15540872295049,23.936525465925495,19.002002949011498,8.56855925602737,10.854586638528616,27.924749570532825,21.86390191550514,73.91348446706051,43.84318873338588,13.079543514613604,35.545978015693194,13.897957060905398,21.484455399706118,53.10556343155928,32.791801139855416,17.019763903844503,32.19081610510406,52.17939695152964,17.533936765941014,40.92560494333103,9.752260548362827,1.844690507778934e-308,12.748566341141752,15.8906969386546,17.547825256788357,81.48609908711252,66.72508846756872,12.799149498877313,7.027713289743858,74.15479414395914,23.753512314517863,22.786483472031463,21.710111462429907,21.806544427262224,7.088967265571796,16.54474217644977,17.582882674509136,40.11432840686623,47.158899519579826,7.376965047450042,20.203733495214465,24.478020566285736,14.227223154163703,19.965297899986854,9.258844637168536,18.82736495196232,24.478020566285736,14.570052860278054,34.60990030841792,15.8906969386546,18.586830627208084,6.481271845035501,13.365352731497365,11.143072945275094,11.58564356395032,39.35156206947542,14.418519002764818,8.757309649953099,9.258833246886025,18.351239628830967,8.27877569916025
topology_ad_carcinoma_15_clean.csv,27.076652053900272,22.51929394711803,12.071428072400792,12.748566341141752,12.748566341141753,19.18102041163013,20.44667039669767,73.91348446706053,34.872652863855976,12.751607925320457,35.545978015693194,18.45969773166308,21.48445539970612,45.43754896329385,25.911858193555357,15.602532385037037,30.773584586296593,52.17939695152964,19.126449437539186,38.522855945360995,12.673031412230301,12.748566341141752,2.219146585769568e-308,16.748856844378224,17.84793347605001,81.48609908711252,62.24452561772212,12.799149498877313,12.748566341141753,74.15479414395914,22.336280795710394,21.36925195322399,20.292879943622438,21.806544427262224,12.673031412230301,12.748566341141753,16.165651155701664,40.11432840686623,38.855567112394866,12.27414110813602,18.786501976406996,22.64797418472041,17.613186227842135,12.237339709203823,12.748566341141753,15.76872695694972,22.64797418472041,15.481762019600179,22.06660948384348,13.015901342906012,15.919649817015667,12.748566341141753,14.782584250304836,12.748566341141753,12.748566341141753,30.607832910572725,15.532234570895938,12.748566341141752,12.748566341141753,18.351239628830967,12.748566341141753
topology_ad_carcinoma_5_clean.csv,30.273120202685245,17.460665325164555,22.043066589238194,13.872999855651798,14.657532323518495,24.366646068820586,19.26105839952703,73.91348446706053,40.17443718855398,8.299859010614853,35.545978015693194,10.20918077248298,21.48445539970612,50.739333287991855,30.379826411952465,21.801900631812188,24.373107856960644,52.17939695152964,6.546699976360088,40.92560494333103,19.961865488452815,15.8906969386546,16.748856844378224,1.460331563911411e-308,12.065158099228881,81.48609908711252,66.72508846756872,12.799149498877313,13.47431572268978,74.15479414395914,15.935804066374443,23.223347956527334,28.930635339665407,21.806544427262224,18.330827606355587,23.884734416723305,20.03100310517395,40.11432840686623,44.15735143709287,12.375284067402717,22.663219584814215,24.074462291267587,14.474238393331888,20.936608820403592,20.66717415718324,28.496562099080876,24.074462291267587,18.880261419717755,33.983275415660074,16.754916213079753,26.979483482971176,15.945249014159138,21.183060979640786,10.97941413333379,10.517067111599673,33.74605804055608,19.77872598195495,13.566088459359008,13.091344438604459,18.351239628830964,13.837498450677714
topology_ad_dysplasia_8_clean.csv,36.1554087229505,28.18397531701096,19.002002949011498,14.52672451213067,13.398194265451835,30.23157401364947,26.1113517665906,73.91348446706053,43.84318873338589,9.906778692355601,35.545978015693194,16.94569186154044,21.48445539970612,53.10556343155929,36.32901889659257,21.26721375492997,36.438265956189525,52.17939695152964,13.08895721915394,40.92560494333104,18.832052028608118,17.547825256788357,17.84793347605001,12.065158099228881,9.190440164027157e-309,81.48609908711254,66.72508846756872,15.802776155440135,14.471034100697409,74.15479414395915,28.000962165603326,27.033933323116926,27.204345385125947,21.806544427262224,17.91898409232465,22.77092768963712,21.8303325255946,40.114328406866235,47.15889951957983,14.289691772378823,24.451183346299928,20.153027340663684,10.790484074156964,20.88976173697837,17.62836884134113,23.72455592886972,20.415289377829723,12.338004176923903,34.60990030841792,11.366608833971881,22.601749059027874,17.898143411017394,12.110932412887664,9.534973600949918,13.137369595050622,41.596923909027,9.969698688749894,13.104913580789514,15.986405540511377,18.351239628830967,15.030581186953476
topology_dysplasia_7_clean.csv,67.53156663087572,81.48609908711252,81.48609908711252,81.48609908711252,81.48609908711252,77.69764551117154,81.48609908711252,40.611954894490204,56.195936678071206,81.48609908711252,74.82209531524626,81.48609908711252,81.48609908711252,47.0653535455691,72.83059394184896,81.48609908711252,73.43157897660032,53.49652238537712,81.48609908711252,53.98004656350195,81.48609908711252,81.48609908711252,81.48609908711252,81.48609908711252,81.48609908711254,6.832703938603744e-309,30.258376891140838,81.48609908711252,81.48609908711252,12.427010843978934,81.48609908711252,81.48609908711252,81.48609908711252,64.98775535450176,81.48609908711252,81.48609908711252,81.48609908711252,49.35501673793755,53.647335396468094,81.48609908711252,81.48609908711252,79.50632012732608,81.48609908711254,81.48609908711252,81.48609908711252,81.48609908711252,81.48609908711252,81.48609908711252,70.43629302501947,81.48609908711254,81.48609908711252,81.48609908711252,78.97209189097413,81.48609908711252,81.48609908711252,66.27083301222895,81.48609908711252,81.48609908711252,81.48609908711252,68.4121989890881,81.48609908711252
topology_carcinoma_17_clean.csv,37.273189739734875,51.42749272463804,52.41519175308534,66.72508846756872,66.72508846756872,47.43926862003072,53.500116275058396,40.611954894490204,31.669558585620862,66.72508846756872,46.898045940526046,62.66577618010856,66.07656376383363,28.482700215826725,42.57221705070812,58.34425428671903,43.17320208545947,54.23287803743038,66.72508846756872,27.877297376114274,66.72508846756872,66.72508846756872,62.24452561772212,66.72508846756872,66.72508846756872,30.258376891140838,9.363860396673777e-309,66.37033982170641,66.72508846756872,17.831366047161907,51.61050587604568,52.57753471853208,53.653906728133634,62.307153472198614,66.72508846756872,62.12742349785516,57.781135516054405,34.1248802746083,23.388958505327253,66.72508846756872,55.16028469534908,64.62166832433017,66.72508846756872,58.01147421032232,66.72508846756872,58.17805971480635,66.72508846756872,66.72508846756872,40.17791613387864,66.72508846756872,58.027136854740405,66.72508846756872,66.72508846756872,66.72508846756872,66.72508846756872,36.012456121088114,66.72508846756872,59.73190587035798,66.72508846756872,58.59387557952828,66.72508846756872
topology_dysplasia_19_clean.csv,36.15540872295049,24.11300452283973,19.002002949011498,12.799149498877313,12.799149498877313,28.101228627447057,22.04038097241937,73.91348446706051,43.84318873338588,12.799149498877313,28.642451306951727,12.874721067369208,21.48445539970612,53.10556343155928,32.968280196769655,19.644382932604824,32.367295162018294,39.76824109301607,13.860623624938347,40.92560494333103,15.160906948087286,12.799149498877313,12.799149498877313,12.799149498877313,15.802776155440135,81.48609908711252,66.37033982170641,6.492501026011007e-309,12.799149498877313,74.15479414395914,23.92999137143209,22.962962528945695,25.253251355563748,21.806544427262224,12.799149498877311,21.541609798309466,17.759361731423365,40.11432840686623,47.158899519579826,12.799149498877313,20.380212552128697,24.294417524180965,12.799149498877313,19.774570872691548,12.799149498877311,22.829444704520498,24.294417524180965,12.799149498877311,34.60990030841792,13.725862758776984,20.89111452664505,12.799149498877311,13.188873674583133,12.799149498877313,12.799149498877311,39.528041126389645,12.799149498877313,12.799149498877311,12.799149498877313,18.351239628830964,12.799149498877313
topology_carcinoma_5_clean.csv,36.15540872295049,29.59313294047186,20.711752667044493,8.423594857932024,7.060967438324148,30.231574013649468,27.520509390051497,73.91348446706051,43.84318873338588,9.389774320104358,35.545978015693194,18.35484948500134,21.48445539970612,53.10556343155928,37.72853142839578,22.67637137839087,37.847423579650425,52.17939695152964,14.28366433499523,40.92560494333103,14.441584481646371,7.027713289743858,12.748566341141753,13.47431572268978,14.471034100697409,81.48609908711252,66.72508846756872,12.799149498877313,6.16614136533536e-309,74.15479414395914,29.410119789064225,28.443090946577826,27.36671893697627,21.806544427262224,12.41546835758939,21.480684171083976,23.2394901490555,40.11432840686623,47.158899519579826,10.601736058629356,25.860340969760827,19.1305253333568,10.422382652109874,23.00915145478758,14.262571191278838,22.842565950303552,19.39278737052284,13.360506184230786,34.60990030841792,13.86622458649451,23.59055718131839,8.7416925614923,7.708745256951005,7.956469951878859,7.2252399518507815,41.59692390902699,11.883229110597512,9.62814722860638,5.4116982451287114,18.351239628830964,12.506184528484013
topology_dysplasia_8_clean.csv,55.10455578689678,69.25885877179994,70.24655780024725,74.15479414395914,74.15479414395914,65.27063466719261,71.33148232222031,40.61195489449021,45.20323880102805,72.5639685996675,64.72941198768794,74.15479414395914,74.15479414395914,40.38176373534205,60.403583097870026,74.15479414395914,61.00456813262138,51.260923343049285,74.15479414395915,41.553035719523024,74.15479414395915,74.15479414395914,74.15479414395914,74.15479414395914,74.15479414395915,12.427010843978934,17.831366047161907,74.15479414395914,74.15479414395914,9.704095653741687e-309,69.44187192320759,70.40890076569397,71.48527277529553,62.75215631217393,74.15479414395914,74.15479414395914,74.15479414395914,36.92800589395861,41.22032455248916,74.15479414395914,72.99165074251098,67.07930928334713,74.15479414395915,74.15479414395914,74.15479414395914,74.15479414395914,74.15479414395914,74.15479414395914,58.00928218104055,74.15479414395915,74.15479414395914,74.15479414395914,74.15479414395914,74.15479414395915,74.15479414395914,53.84382216825003,74.15479414395914,74.15479414395914,74.15479414395914,55.98518814510916,74.15479414395914
topology_carcinoma_7_clean.csv,27.076652053900276,19.054011591017257,23.636412855090896,29.808803922026243,30.59333638989294,21.071824341940854,14.589813399895846,73.91348446706051,31.669558585620862,24.07096572485331,35.5459780156932,17.140375756388792,23.1000137782205,40.381763735342055,30.83995200489015,23.395246897664887,12.439356102034345,52.17939695152964,19.41552099741855,27.888836203684562,18.39815965943268,23.753512314517863,22.336280795710394,15.935804066374443,28.000962165603326,81.48609908711252,51.61050587604568,23.92999137143209,29.410119789064225,69.44187192320759,1.184373875862426e-308,24.816694222380036,27.204345385125947,21.806544427262224,16.994651431474836,23.884734416723305,21.624349371026653,35.95642392321351,30.486383829111134,22.976718888427087,21.59416750544949,38.424918699146765,30.410042459706332,23.17164360641293,17.271714653288342,24.65387371680235,38.424918699146765,16.04961360483344,34.60990030841792,16.813172860719604,26.51521736936479,20.668427227571925,37.11886504601522,24.67417752023053,26.37332115050671,33.74605804055607,32.54383473133886,20.602748524952474,28.59912957558808,21.472132056774484,20.316058849086943
topology_carcinoma_19_clean.csv,27.076652053900276,14.13648405209834,13.84569501236382,28.84177507953984,29.62630754740654,15.558512264948567,11.400949860414668,73.91348446706051,31.669558585620862,23.901813693334486,35.545978015693194,22.857511788026407,22.1329849357341,35.77055806410381,12.379382128602314,9.523100163078112,23.955352471984625,52.17939695152964,29.244760426842742,28.855865046170962,17.43113081694628,22.786483472031463,21.36925195322399,23.223347956527334,27.033933323116926,81.48609908711252,52.57753471853208,22.962962528945695,28.443090946577826,70.40890076569397,24.816694222380036,6.51508393763342e-309,14.049838779255623,21.806544427262224,16.027622588988436,11.143616775271994,11.78031170482371,33.48089487173537,29.188576213204826,22.009690045940687,7.974108769687177,35.44169709687307,29.443013617219933,16.121148207558203,16.304685810801942,11.344102463509884,35.441697096873064,18.84246756216855,17.7013608416775,16.9387556128371,9.943971051434048,19.701398385085525,35.441697096873064,23.70714867774413,25.406292308020312,16.565078597443954,31.556140230225367,19.635719682466075,27.632100733101677,20.505103214288084,19.349030006600543
