,topology_carcinoma_10_clean.csv,topology_dysplasia_18_clean.csv,topology_ad_carcinoma_2_clean.csv,topology_carcinoma_2_clean.csv,topology_ad_carcinoma_10_clean.csv,topology_ad_carcinoma_9_clean.csv,topology_dysplasia_5_clean.csv,topology_ad_carcinoma_3_clean.csv,topology_dysplasia_14_clean.csv,topology_ad_carcinoma_1_clean.csv,topology_dysplasia_13_clean.csv,topology_dysplasia_17_clean.csv,topology_carcinoma_8_clean.csv,topology_dysplasia_10_clean.csv,topology_carcinoma_20_clean.csv,topology_dysplasia_11_clean.csv,topology_ad_carcinoma_8_clean.csv,topology_carcinoma_13_clean.csv,topology_ad_carcinoma_4_clean.csv,topology_carcinoma_9_clean.csv,topology_ad_carcinoma_12_clean.csv,topology_carcinoma_4_clean.csv,topology_ad_carcinoma_15_clean.csv,topology_ad_carcinoma_5_clean.csv,topology_ad_dysplasia_8_clean.csv,topology_dysplasia_7_clean.csv,topology_carcinoma_17_clean.csv,topology_dysplasia_19_clean.csv,topology_carcinoma_5_clean.csv,topology_dysplasia_8_clean.csv,topology_carcinoma_7_clean.csv,topology_carcinoma_19_clean.csv,topology_ad_carcinoma_11_clean.csv,topology_dysplasia_2_clean.csv,topology_carcinoma_18_clean.csv,topology_carcinoma_11_clean.csv,topology_carcinoma_16_clean.csv,topology_dysplasia_12_clean.csv,topology_ad_dysplasia_1_clean.csv,topology_dysplasia_1_clean.csv,topology_ad_dysplasia_3_clean.csv,topology_ad_carcinoma_6_clean.csv,topology_dysplasia_16_clean.csv,topology_dysplasia_15_clean.csv,topology_dysplasia_4_clean.csv,topology_ad_dysplasia_2_clean.csv,topology_ad_carcinoma_7_clean.csv,topology_ad_carcinoma_13_clean.csv,topology_ad_dysplasia_6_clean.csv,topology_ad_dysplasia_9_clean.csv,topology_ad_carcinoma_14_clean.csv,topology_carcinoma_3_clean.csv,topology_carcinoma_6_clean.csv,topology_ad_dysplasia_4_clean.csv,topology_dysplasia_6_clean.csv,topology_ad_dysplasia_10_clean.csv,topology_ad_dysplasia_5_clean.csv,topology_carcinoma_14_clean.csv,topology_carcinoma_12_clean.csv,topology_carcinoma_15_clean.csv,topology_carcinoma_1_clean.csv
topology_carcinoma_10_clean.csv,2.162603478805532e-308,12.492057948551214,15.768685635371938,12.639002982931023,10.127665568445131,12.674186872086835,12.587051858885978,18.571623779723176,13.723624501183373,11.301850640310779,15.51140912378034,20.69586089229022,8.56726727088757,9.297084617063184,15.901371348291248,8.567759193832009,13.854393253276667,10.254937293855034,12.156881614403112,9.022319705761397,13.482394092406834,20.34096410736088,15.576971081211475,15.044306606397633,17.45815303096028,17.44246219933794,16.481470442895336,8.574617996424076,12.202160154199532,22.324222680594037,14.84705771816656,11.348619470112396,8.793668934874898,14.633365990601348,12.148850146786927,14.317486735973835,15.928382478116973,14.503590784053252,12.682742236143255,13.664904892648643,10.521654383889562,12.49992925329651,13.972865023740738,11.263314063182605,12.295071067653083,20.589989600569307,20.082988444850685,27.451294501044586,12.418469500166673,16.29480293162979,9.77024272717221,8.075639190490044,15.602569540569377,13.619376009121849,17.370645921246314,9.622072738442945,14.129590976650581,8.712083758741123,16.280636587866006,16.16138409152967,15.132067909248505
topology_dysplasia_18_clean.csv,12.492057948551214,9.159353448503834e-309,7.339779375433732,11.117705736334443,7.341646937104995,7.1183420046709,10.65328827403334,22.852159043388806,9.9947094575197,21.55490679681828,10.098475193401374,10.06423249513535,11.359304902326564,10.85331380493418,10.226309438210318,12.202240145387954,10.834037039407882,22.74699524240625,8.904046138550413,10.985893424432746,7.151661656218865,10.63960393034909,20.867602520362617,9.663085863477109,15.794308058103594,10.151038829332881,10.386544743307159,11.30340672985318,10.638290604220899,9.832164732042827,10.397983606021944,11.299504159785577,13.178970210325225,8.105521946800268,12.07408887758412,9.915811155629168,11.949346191494069,9.6912592282307,8.650714890924426,11.202806831302183,7.491616821258754,9.326022686961213,11.809540723919103,10.379918276853246,11.524392284449704,8.297004075306983,15.413268494150834,14.959236552493373,18.486547345719153,14.564099079081249,7.483024027432842,11.526546772049947,10.676290034116725,6.603518915500626,9.671712447958999,8.477165148851746,10.285952861248033,8.709895416341421,9.232761157717842,9.720197096120566,10.46827355262289
topology_ad_carcinoma_2_clean.csv,15.768685635371938,7.339779375433732,1.4019882423289296e-308,8.585093872563753,7.091029796307076,6.9409157617709525,8.445064176020832,27.79820736378013,7.071600367494838,24.831534483639,7.139428319429989,6.3900532742176175,16.921915007506538,8.112544393600167,7.912492296216182,15.478867832208678,6.5047137881392985,26.023622929226974,8.19860886839777,8.304874288493743,4.289999057978058,8.728254980989114,24.80355466526843,7.35202823979273,12.2968673248565,8.038357811990323,7.188102302881285,12.554168852940016,7.804574969006005,6.560182288925954,7.4437611022847285,10.792451782010968,16.455597897145946,6.801838218179874,11.242264087451384,8.811558620253411,10.465082472335975,9.071709674064902,6.024975944818754,8.676795914296308,10.783241497138391,5.852392743052601,8.97754488870984,6.8570779505688115,9.396425182644826,4.821303965197372,9.440253310955278,11.682608865672648,21.763175032539877,13.862418620621284,5.998442908199727,11.647896865976355,8.064845532554449,7.096892278311971,5.493856035914816,10.0284057953657,7.239134009122977,11.915986742216027,6.641444655747488,6.455923239543981,7.6358041016302
topology_carcinoma_2_clean.csv,12.639002982931023,11.117705736334443,8.585093872563753,5.93106495553717e-309,8.000856262791249,8.38190801527696,7.276962627347942,24.428524440918387,9.233618565467697,21.70185183119809,6.753417142060108,8.257064966312758,13.552232084644798,5.720046108804656,6.985253397102124,12.349185179767764,11.316021638815556,22.89394027678606,10.197673205139985,6.888324711441011,8.208655223232514,7.701961124429857,21.433871742406687,10.693771786607503,16.260277145438284,7.425339400457067,6.348038644476691,9.424486200499103,6.690427740942594,9.685219697663015,7.990016291102432,7.237310252150126,13.325915244705037,7.903591888891064,7.122184854582275,8.259340685802142,7.987174326807482,7.660635063732519,7.786594122946395,4.745317868166055,10.01608092661926,10.804876850604703,13.090332133025427,8.257064966312758,7.483508177379587,8.041998839809207,12.361881414206529,14.81229151811356,18.633492380098964,15.281701829267469,7.6535280392206495,8.278213943114615,4.593464487221304,10.968843810159367,8.257064966312758,7.960034462034114,10.112577654295368,8.724602678905134,5.01941638920597,7.237310252150125,7.996103108134018
topology_ad_carcinoma_10_clean.csv,10.127665568445131,7.341646937104995,7.091029796307076,8.000856262791249,8.22334389151975e-309,5.216456171463143,8.077412949387224,22.812117238927225,7.999664814837863,19.190514416712194,7.390607138784155,10.568195323845087,9.830885211199465,9.159729587998164,7.044435279959723,9.837847765281872,9.929094930030786,20.382602862300164,5.3338669843752715,8.23382892092831,5.5238876164316,10.213298538915751,20.60379245922375,8.275560004747803,12.348376946372497,7.467069173090048,6.662366567311046,8.933959695019219,7.355676379770124,12.19655711214891,6.983705365726447,10.408586089378066,16.549343571047487,7.422306023119784,10.777363102134904,8.800382499361291,9.944271293451864,9.048197510051804,5.356515866289065,8.247916676249188,6.511671935077102,5.944943641609983,9.227111621878565,6.507615465300666,8.90028258018383,10.46232403212418,16.083228287651863,17.323628932599455,16.12215496561307,11.056094126043268,6.198182501819275,8.597056777920212,7.672452624561167,7.057066383617348,8.048859940175822,10.966447144819375,10.955912654749064,7.896304232578366,6.696148562363064,6.283611196717089,7.298376590454441
topology_ad_carcinoma_9_clean.csv,12.674186872086835,7.1183420046709,6.9409157617709525,8.38190801527696,5.216456171463143,2.046985029068379e-308,8.419807664789513,20.875646314448502,7.831196067862415,21.7370357203539,7.4026396364097335,9.663098561008653,11.541433825862185,8.056673126029924,7.7463180223726695,12.384369068923576,10.62350083909677,22.92912416594187,6.2870847866298405,8.089352112278242,4.38307203775819,9.034713469284593,21.04973144389824,11.074526655190176,12.110625565183643,7.854675729602416,6.895753599617574,9.459670089654914,7.655603804260106,10.892992528003667,7.507138439516417,10.811345177317804,13.656128592001409,7.195781735030162,11.101245339093566,8.93466232111125,10.436379045454359,9.480525243394718,6.513410053531942,8.603413894855779,6.199719619994466,5.8235856626672415,8.95310339397529,6.864230489861363,9.40359278231613,7.915802728482475,15.914759540676414,14.77710762895775,18.668676269254775,11.04519321805924,6.029713754843826,8.977456338472726,7.978302091125385,6.810863836316106,8.988278422018361,9.00177725079002,11.655424663347814,8.759786568060946,7.044051068389599,6.644020000076527,7.501997485503882
topology_dysplasia_5_clean.csv,12.587051858885978,10.65328827403334,8.445064176020832,7.276962627347942,8.077412949387224,8.419807664789513,8.63342400129519e-309,22.3248359474654,8.266181006493149,21.649900707153044,5.873752165879506,8.790700824931903,11.454298812661328,7.522177604788224,7.507818371671748,12.297234055722718,12.124880473777413,22.841989152741014,10.268002332306885,7.726501857551561,7.948496293827965,7.753912248474904,20.96259643069738,11.98246551673867,16.560843394661745,7.693400671125545,6.072885223693831,9.372535076454056,6.250104901246426,10.020594791926918,6.668466188738508,4.764016485240261,13.27396412065999,6.520936474040662,5.9430282276136275,6.874213244564032,8.711223585605442,5.634585273985323,6.076254664403078,7.4459300100332495,9.26543989705048,10.755855834550346,13.132273397827278,6.874213244564032,8.290975876772519,8.002937741683331,14.788381120001418,14.864242642158608,18.581541256053917,15.356958742795992,7.576848674426692,7.329394139939744,7.211640595366011,10.338696424310509,8.115880685941612,6.608041301650429,10.783026927271067,8.672651554860087,5.836491073790279,5.026469743729925,6.674604100393768
topology_ad_carcinoma_3_clean.csv,18.571623779723176,22.852159043388806,27.79820736378013,24.428524440918387,22.812117238927225,20.875646314448502,22.3248359474654,5.09173180487958e-309,28.706842382310914,22.85917200383667,23.510971986601476,28.695423755111356,14.262031982289649,20.640767646404502,26.332111252847287,22.315080477355075,30.63627249750384,25.88219802792419,23.882745854093926,25.25829184678561,25.064370196893336,28.65340906571024,5.2954446937461075,28.67018772265426,30.231728532783034,27.72674699471846,25.255472210732393,21.42416955300158,26.082886870585835,30.582040484838338,25.1027995069805,20.347657988085977,15.353116404417895,27.47703970517992,23.616967542560037,22.999766461305747,24.299096592231933,23.44541209007199,26.063693433762115,22.059782516939876,17.58704166075005,24.268255334086128,22.912586899598313,22.145652471056135,24.440902496045855,28.589552463390447,36.6396584089497,35.46721286288626,15.822959076850266,17.24120506137176,26.905360069292325,23.25162658502768,28.379630192034217,21.618938871942987,28.756037507648873,18.82920766879112,31.663090222222113,16.981108718235475,25.068490787901137,26.937971990909954,26.284855784856767
topology_dysplasia_14_clean.csv,13.723624501183373,9.9947094575197,7.071600367494838,9.233618565467697,7.999664814837863,7.831196067862415,8.266181006493149,28.706842382310914,2.011699342670922e-308,22.786473349450436,8.068607695591567,7.881267030039515,17.83055002603733,9.034514189272475,8.665227228358692,13.433806698020113,10.722725184355852,23.97856179503841,8.880096347783905,9.30435795841026,6.375068085266306,8.465552412685096,25.712189683799213,9.569237541619188,15.693835419103504,8.666947377779042,8.362157218983755,10.509107718751451,8.609485932374806,8.600598179410666,8.02190071030235,8.35918439422494,14.410536762957385,6.213629765353044,9.782070297674839,7.275104263142561,10.13627875995739,7.0927485816707545,7.13932151411753,9.287752706593338,11.691876515669177,9.315594137789741,12.245410629956172,7.974305308927845,9.718421266177913,6.866365099385938,12.036485065626305,13.727669999861213,19.718113898351312,14.602686229541831,6.2160189858635855,12.556531884507145,9.246504553782517,9.54285049331394,7.444183863739098,10.263893524781842,9.066610798159415,12.824621760746815,7.3272302058988314,7.6479088241380015,8.107287300702334
topology_ad_carcinoma_1_clean.csv,11.301850640310779,21.55490679681828,24.831534483639,21.70185183119809,19.190514416712194,21.7370357203539,21.649900707153044,22.85917200383667,22.786473349450436,1.981632061295279e-308,24.574257972047402,29.758709740557286,11.982879647563081,18.35993346533025,24.964220196558312,9.352666651430324,22.35287280502851,8.231639595373945,16.632925615241234,18.085168554028463,22.5452429406739,29.40381295562795,19.86451930532497,21.032554449289336,15.388115754267773,26.505311047605,25.544319291162402,12.277365630698988,21.2650090024666,31.387071528861107,23.909906566433627,20.411468318379463,12.457420463239123,23.696214838868414,21.211698995053993,23.380335584240903,24.99123132638404,23.566439632320318,21.74559108441032,22.72775374091571,17.46678519356787,20.502808352571627,22.063285839801313,20.326162911449668,21.357919915920146,29.652838448836377,29.14583729311775,36.51414334931165,8.927418459586143,10.96911586301772,18.833091575439273,15.33184167604535,24.665418388836443,22.682224857388917,26.43349476951338,18.684921586710008,21.76718073902903,12.977249152292956,25.343485436133072,25.224232939796735,24.19491675751557
topology_dysplasia_13_clean.csv,15.51140912378034,10.098475193401374,7.139428319429989,6.753417142060108,7.390607138784155,7.4026396364097335,5.873752165879506,23.510971986601476,8.068607695591567,24.574257972047402,1.831853629791736e-308,8.318761169720531,14.378656077555688,7.04858166286236,7.322144595864412,15.22159132061708,11.510820242889032,25.766346417635372,9.188768334673084,7.437340914793535,6.73521327832437,6.118154948654027,23.886953695591743,13.016229223190756,15.954201968322625,7.577405057832246,5.597361350376737,12.296892341348418,5.585688605738115,9.75392832030549,6.84726024464317,5.743980593254957,16.198321385554348,6.539079752399969,5.702260949258553,7.10702341712013,8.43924315183705,6.211294165407558,6.417825151225153,7.043272137640217,8.898947479640992,9.589894106751569,12.360025789695998,7.10702341712013,8.061997826232657,6.935828705403641,14.820895981648455,14.404738472624608,21.50589852094828,14.641019559276629,6.2034578027695595,9.242416296002055,7.559769896895467,9.827248782613783,7.780649862889681,6.679951336288752,10.846178226895724,11.59700881975445,5.535802001134665,5.93652745861673,6.883660018867585
topology_dysplasia_17_clean.csv,20.69586089229022,10.06423249513535,6.3900532742176175,8.257064966312758,10.568195323845087,9.663098561008653,8.790700824931903,28.695423755111356,7.881267030039515,29.758709740557286,8.318761169720531,1.8000904768764184e-308,19.56310784606557,11.398776275227036,7.965107266432126,20.40604308912696,8.783832232111747,30.950798186145253,13.125784125316052,11.673541186528823,7.213466799883385,7.09392517474965,29.071405464101623,8.72615529126795,14.802174321486092,8.110768736027424,7.30970707037249,17.481344109858295,8.493700738090688,6.6274291448414555,6.130503886864737,10.773102864505693,21.382773154064232,6.062494901688872,8.620022012542197,8.021037908319826,9.430076816434015,8.101356438185498,8.013118656146965,9.171370497299506,12.291924546989414,9.25590138798566,12.077525820085985,9.432546829107615,8.895274314346988,5.319780004137196,9.220631407508977,8.202244085938892,26.69035028945816,18.789593877539566,10.92561816511801,14.426868064511936,8.109073029858221,9.780044752301357,3.3252149710439056,12.7505885946034,8.621290973658782,16.78146058826433,6.4177424104324645,6.6009955349939435,6.424494330416877
topology_carcinoma_8_clean.csv,8.56726727088757,11.359304902326564,16.921915007506538,13.552232084644798,9.830885211199465,11.541433825862185,11.454298812661328,14.262031982289649,17.83055002603733,11.982879647563081,14.378656077555688,19.56310784606557,1.2476903558410607e-308,9.764475290130918,15.455818896573703,10.192699234199395,19.75998014123025,15.005905671650602,9.620713871804277,14.381999490512023,14.188077840619748,19.208211061136232,11.100492012783548,15.914114197661936,19.35543617650945,16.850454638444873,15.348717396670686,10.547877196727995,15.206594514312249,21.19146963436939,13.714304671941909,10.215866423887746,9.8852789791816,16.600747348906328,12.740675186286452,13.184733689749187,14.795629431892323,13.370837737828602,15.18740107748853,12.532151846423993,8.85432455750047,13.39196297781254,12.465375726195532,11.269360114782549,13.564610139772268,19.45723655434466,25.91411349885133,26.318541454819936,10.588105386910446,14.578121937971583,16.029067713018737,8.98959460273803,17.503337835760632,12.4866229628972,17.87974515137529,8.489319692218295,20.78679786594853,6.069526554553333,15.147883541641356,16.061679634636366,15.408563428583179
topology_dysplasia_10_clean.csv,9.297084617063184,10.85331380493418,8.112544393600167,5.720046108804656,9.159729587998164,8.056673126029924,7.522177604788224,20.640767646404502,9.034514189272475,18.35993346533025,7.04858166286236,11.398776275227036,9.764475290130918,4.76840892844822e-309,7.901014082560856,9.007266813899925,12.129726799215879,19.55202191091822,11.663103794066288,6.837613899873611,7.972356511230864,11.043879490297696,17.672629188874588,12.099896577300804,16.40137215978981,8.145377582274755,7.184385825832152,7.642918781296812,6.996789480151657,13.027138063530856,8.532508361627045,7.501309422429864,9.983996878837196,7.857907619211062,7.482182765311094,8.111687595392283,7.910242010802925,7.701008974739409,7.761096334946045,5.417152917881715,9.843261026631613,10.877529144460912,12.86840715487737,8.09481901069725,7.347109420495233,11.292904983506126,16.686148778188794,18.1542098839814,15.291574014231124,15.169740219127217,7.192085196518505,6.95984612078766,9.003672013236013,10.675696820246849,10.013648344128987,7.862769480047916,12.680794585458443,7.858166879725088,6.983551970802821,7.501309422429864,7.901461651506325
topology_carcinoma_20_clean.csv,15.901371348291248,10.226309438210318,7.912492296216182,6.985253397102124,7.044435279959723,7.7463180223726695,7.507818371671748,26.332111252847287,8.665227228358692,24.964220196558312,7.322144595864412,7.965107266432126,15.455818896573703,7.901014082560856,1.1162693774348073e-308,15.611553545127988,9.350904560432745,26.156308642146286,8.33129458131708,6.879051642529852,7.824100975851831,7.639696390997445,24.276915920102653,8.4407225388995,15.146515598008484,6.501334420722783,7.163602012272667,12.686854565859328,7.270995278650059,7.640456446563447,7.844037734296792,8.35642795155232,16.58828361006526,7.795103230515656,7.450450033192882,7.969946375798305,5.866100911105976,7.67565595218208,7.744380431415466,6.945508173500067,9.317145386205551,8.782774985624044,12.025167514694026,7.963399672165336,5.76450032747503,7.874208308723292,11.882794655443439,11.549923152753337,21.89586074545919,13.995104333540596,6.930683863341408,10.181800755043517,6.994794815791755,10.00398774685426,7.965107266432126,9.963134194044976,9.154805536454518,11.98697104426536,7.0025724110791,7.459850273810238,7.848609686106402
topology_dysplasia_11_clean.csv,8.567759193832009,12.202240145387954,15.478867832208678,12.349185179767764,9.837847765281872,12.384369068923576,12.297234055722718,22.315080477355075,13.433806698020113,9.352666651430324,15.22159132061708,20.40604308912696,10.192699234199395,9.007266813899925,15.611553545127988,1.418170423128615e-308,13.000206153598185,10.544755097018296,9.20712781266586,8.732501902598136,13.192576289243576,20.051146304197623,18.175399446289568,11.67988779785901,15.836820313170751,17.15264439617468,16.191652639732073,5.2768630762281035,11.912342351036273,22.03440487743078,14.5572399150033,11.058801666949137,12.18948388777801,14.343548187438087,11.859032343623667,14.027668932810577,15.638564674953713,14.213772980889992,12.392924432979996,13.375087089485383,9.210853078377548,11.1501417011413,12.710619188370991,10.973496260019346,12.005253264489824,20.300171797406048,19.793170641687425,27.161476697881323,11.145991771957252,14.766194906060074,9.480424924008949,7.6620582560157775,15.312751737406117,13.329558205958591,17.08082811808305,9.332254935279686,12.414514087598704,6.407786479761519,15.990818784702745,15.871566288366408,14.842250106085245
topology_ad_carcinoma_8_clean.csv,13.854393253276667,10.834037039407882,6.5047137881392985,11.316021638815556,9.929094930030786,10.62350083909677,12.124880473777413,30.63627249750384,10.722725184355852,22.35287280502851,11.510820242889032,8.783832232111747,19.75998014123025,12.129726799215879,9.350904560432745,13.000206153598185,7.71590579548753e-309,23.54496125061648,10.809526462976827,11.697634692005854,9.621221288299905,12.599030900274727,27.641619798992135,3.8458659435683127,10.391474388221019,8.486071919702322,9.578764057332087,12.551127021207561,10.81669116007717,9.034198723832596,10.7204282924007,14.420752430868042,19.789309076823354,10.839871670527284,14.627316352528954,12.452655956799887,13.771085194729197,13.02048187378118,7.897280830179945,11.970292969853205,13.621306630862101,6.3680171634177105,8.076498366257415,10.358197964634087,12.066287299585728,7.299965643807866,6.79296448808924,14.161270544283141,19.284513353929384,15.222668527615467,8.629000935036494,14.485961999700066,8.765227121266065,9.17435782971262,8.119673697346938,15.209869380743,5.822027873677957,14.754051875939735,10.806641816528057,10.298797883425813,10.752124791872383
topology_carcinoma_13_clean.csv,10.254937293855034,22.74699524240625,26.023622929226974,22.89394027678606,20.382602862300164,22.92912416594187,22.841989152741014,25.88219802792419,23.97856179503841,8.231639595373945,25.766346417635372,30.950798186145253,15.005905671650602,19.55202191091822,26.156308642146286,10.544755097018296,23.54496125061648,2.0911632810141976e-308,17.8250140608292,19.277256999616434,23.73733138626187,30.595901401215915,22.88754532941249,22.224642894877302,16.58020419985574,27.69739949319297,26.736407736750373,13.469454076286958,22.457097448054565,32.57915997444907,25.101995012021597,21.603556763967433,12.40269219612997,24.888303284456384,22.403787440641963,24.572424029828873,26.18331977197201,24.758528077908284,22.93767952999829,23.91984218650368,18.658873639155843,21.694896798159593,23.255374285389284,21.518251357037638,22.55000836150812,30.844926894424347,30.337925738705717,37.70623179489962,11.950444483673662,14.608708137740898,20.025180021027246,16.52393012163332,25.857506834424413,23.874313302976883,27.625583215101347,19.877010032297978,22.959269184617,14.169337597880926,26.53557388172104,26.416321385384705,25.38700520310354
topology_ad_carcinoma_4_clean.csv,12.156881614403112,8.904046138550413,8.19860886839777,10.197673205139985,5.3338669843752715,6.2870847866298405,10.268002332306885,23.882745854093926,8.880096347783905,16.632925615241234,9.188768334673084,13.125784125316052,9.620713871804277,11.663103794066288,8.33129458131708,9.20712781266586,10.809526462976827,17.8250140608292,1.2169191211336943e-308,10.106343618447653,7.889558177489079,12.770887340386713,20.4368121363037,6.9636605194085135,11.197053899192177,9.872385432363771,8.911393675921168,11.093454658454377,9.56513571538195,14.75414591361987,9.149580453507468,12.575063464618614,16.73334073117389,9.564330843607735,12.980767366914009,11.085504919204922,12.172038251114323,11.163738272596204,7.590485835052853,10.319411043080652,8.46553198270446,4.973912815454858,8.163910424480209,9.030250225818497,11.075381331245797,13.019912833595141,16.9636598205979,19.881217734070418,13.564566164142107,11.303777322285583,7.701575005077807,10.74279680960999,8.596194590621785,6.49440536019857,9.800569154272146,12.077422011517426,11.836344187695104,10.058480308850982,8.958654958938777,8.5913073245555,9.378337865934805
topology_carcinoma_9_clean.csv,9.022319705761397,10.985893424432746,8.304874288493743,6.888324711441011,8.23382892092831,8.089352112278242,7.726501857551561,25.25829184678561,9.30435795841026,18.085168554028463,7.437340914793535,11.673541186528823,14.381999490512023,6.837613899873611,6.879051642529852,8.732501902598136,11.697634692005854,19.277256999616434,10.106343618447653,1.9623614627100237e-308,8.178868188864339,11.318644401599485,22.26363914827391,10.777200795233286,16.398845469346114,8.42014249357654,7.459150737133939,7.823410348101559,7.389529932005175,13.301902974832643,8.1465445417148,7.710134848080953,10.713152164462448,8.096808794209569,7.697090729727776,8.423670293830812,6.9060627723555745,7.8514252202840655,7.997732850527557,6.85893172732537,10.040628883492811,10.523335635217006,12.872917450395914,8.421368483528488,5.3803649945284855,11.567669894807914,13.835262505317191,18.42897479528319,15.016809102929336,15.188630093129339,7.3541974753060515,9.107981348981838,6.912019056702807,10.829018425330265,8.42136848352849,8.146544541714801,10.846126727590033,9.376071225221507,7.258316882104609,7.710134848080953,8.148814222181437
topology_ad_carcinoma_12_clean.csv,13.482394092406834,7.151661656218865,4.289999057978058,8.208655223232514,5.5238876164316,4.38307203775819,7.948496293827965,25.064370196893336,6.375068085266306,22.5452429406739,6.73521327832437,7.213466799883385,14.188077840619748,7.972356511230864,7.824100975851831,13.192576289243576,9.621221288299905,23.73733138626187,7.889558177489079,8.178868188864339,7.687482087650957e-309,7.893559194026395,22.069717498381635,11.00292427703635,12.905925386501444,7.964852432986374,6.892197875262854,10.267877309974912,7.347360921844014,8.841828588187205,6.907334785352184,10.04722682503137,14.169306354180845,5.363024368888953,10.653429461211758,7.7738729328954115,10.076843291750563,7.756941675132271,5.592425163586804,8.329593215395473,8.049404330251598,7.457561996521107,9.186942951940312,6.745016750025867,9.006926363504729,7.107595508162475,12.67202947228241,13.968900408637749,19.476883489574774,11.576127077656182,5.372118938947627,8.914059699089563,7.987053167099905,6.85253670585992,5.529495574963235,6.788922700356892,10.568880195486464,9.567993788380946,6.23233862066861,6.011222886403379,7.307837089497211
topology_carcinoma_4_clean.csv,20.34096410736088,10.63960393034909,8.728254980989114,7.701961124429857,10.213298538915751,9.034713469284593,7.753912248474904,28.65340906571024,8.465552412685096,29.40381295562795,6.118154948654027,7.09392517474965,19.208211061136232,11.043879490297696,7.639696390997445,20.051146304197623,12.599030900274727,30.595901401215915,12.770887340386713,11.318644401599485,7.893559194026395,1.236884224759978e-308,28.716508679172286,11.608514338293997,16.885537553881846,7.761436942430311,6.480846974307324,17.12644732492896,8.13880395316135,5.515608986539064,6.342353707727965,8.992344637248484,21.027876369134894,5.776267471182338,8.192113960573954,7.082449255299141,8.827341816437606,5.837373323307631,7.658221871217627,7.677585259264019,11.937027762060074,11.244657828597969,13.033482652507585,9.077650044178277,8.405545028028673,6.555974941226104,13.419561458928444,11.811765704008744,26.33545350452882,18.43469709261023,10.57072138018867,14.071971279582598,7.315406893668915,10.41465746482952,7.09392517474965,10.718891368917937,11.06433067608399,16.426563803334993,6.041789907261764,5.315137994945275,6.369597648007982
topology_ad_carcinoma_15_clean.csv,15.576971081211475,20.867602520362617,24.80355466526843,21.433871742406687,20.60379245922375,21.04973144389824,20.96259643069738,5.2954446937461075,25.712189683799213,19.86451930532497,23.886953695591743,29.071405464101623,11.100492012783548,17.672629188874588,24.276915920102653,18.175399446289568,27.641619798992135,22.88754532941249,20.4368121363037,22.26363914827391,22.069717498381635,28.716508679172286,6.349110479495705e-309,26.29392963139018,27.237075834271334,25.818006771149342,24.857015014706736,18.429516854489883,23.088234172074134,30.699767252405444,23.222602289977964,19.7241640419238,12.358463705906194,24.48238700666822,20.62231484404834,22.693031307785237,24.303927049928372,22.879135355864655,23.069040735250418,22.040449464460043,16.937133084502346,21.273602635574427,21.375981563345654,19.63885863499401,21.446249797534158,28.96553417238071,33.795753156613216,35.82683907285599,12.07440166030949,14.246552362860058,23.910707370780628,19.111945553962173,25.384977493522516,21.99492058093325,25.761384809137176,17.99761731025435,28.668437523710416,13.789532432202137,24.656181159677406,24.53692866334107,23.50761248105991
topology_ad_carcinoma_5_clean.csv,15.044306606397633,9.663085863477109,7.35202823979273,10.693771786607503,8.275560004747803,11.074526655190176,11.98246551673867,28.67018772265426,9.569237541619188,21.032554449289336,13.016229223190756,8.72615529126795,15.914114197661936,12.099896577300804,8.4407225388995,11.67988779785901,3.8458659435683127,22.224642894877302,6.9636605194085135,10.777200795233286,11.00292427703635,11.608514338293997,26.29392963139018,6.63880531580904e-309,10.809383738338123,8.034707104401416,9.14353368183248,13.26957408453547,10.101881410797223,10.354517079571771,9.794696283331433,15.356481734020774,20.56484999057305,10.30976614127189,13.66152521396839,11.685876394115244,12.862063580271641,12.054973564283724,8.236055022598265,13.351995958589645,11.377248168947686,6.9598464077354265,8.054301292270596,11.73990095337053,11.381581964764973,8.620283999547041,9.999999301189389,15.481588900022317,17.96419499819021,16.354659097198734,9.376381171136883,11.096267008119831,8.826487031156486,10.406191731691024,7.456264672360682,15.441485765829299,5.4288568692603345,15.345303725322031,9.658945115224936,9.22045790302096,9.91795210401445
topology_ad_dysplasia_8_clean.csv,17.45815303096028,15.794308058103594,12.2968673248565,16.260277145438284,12.348376946372497,12.110625565183643,16.560843394661745,30.231728532783034,15.693835419103504,15.388115754267773,15.954201968322625,14.802174321486092,19.35543617650945,16.40137215978981,15.146515598008484,15.836820313170751,10.391474388221019,16.58020419985574,11.197053899192177,16.398845469346114,12.905925386501444,16.885537553881846,27.237075834271334,10.809383738338123,8.494208060703033e-309,14.660666533986594,15.316109660483491,16.921415598775248,15.929082708214597,15.998955774593332,15.852819076189135,17.90720612478106,18.503959182079875,15.8600913081656,18.016166057417706,16.807564003319094,17.579685446639807,17.129694475916345,13.589370766828974,16.526419186254795,13.761897415811163,11.033784920237483,13.598728702420406,15.434224972715274,16.596267270171587,14.264722694568603,13.757721538849978,21.12602759504388,16.29997498853251,14.293768288705557,12.863808270584869,16.5052349419121,14.82542020549026,12.686730388182617,14.48881029107229,14.09664114941448,11.03122880127114,15.085521580731804,15.761493577190718,15.522644118977151,15.942198689541502
topology_dysplasia_7_clean.csv,17.44246219933794,10.151038829332881,8.038357811990323,7.425339400457067,7.467069173090048,7.854675729602416,7.693400671125545,27.72674699471846,8.666947377779042,26.505311047605,7.577405057832246,8.110768736027424,16.850454638444873,8.145377582274755,6.501334420722783,17.15264439617468,8.486071919702322,27.69739949319297,9.872385432363771,8.42014249357654,7.964852432986374,7.761436942430311,25.818006771149342,8.034707104401416,14.660666533986594,8.39220191674283e-309,7.49671558616779,14.227945416906017,7.531395983623376,7.781308865923428,7.942970703858615,9.33662480960119,18.12937446111195,7.895874319113895,7.65205869771176,8.113954706610826,6.389880822082344,7.799175634278772,7.843284390594584,7.3951198901328254,10.711781128076723,8.866244858820417,11.882715056845754,8.110768736027424,6.570868037839178,8.002250585602733,10.534877097196494,10.008832301706647,23.436951596505878,15.536195184587283,7.672219472165729,11.576436496914688,7.4311810409191015,9.94917025931427,8.110768736027424,9.421628841409712,9.224705637759723,13.52806189531205,7.433526616668453,7.662586815050883,7.947844712096397
topology_carcinoma_17_clean.csv,16.481470442895336,10.386544743307159,7.188102302881285,6.348038644476691,6.662366567311046,6.895753599617574,6.072885223693831,25.255472210732393,8.362157218983755,25.544319291162402,5.597361350376737,7.30970707037249,15.348717396670686,7.184385825832152,7.163602012272667,16.191652639732073,9.578764057332087,26.736407736750373,8.911393675921168,7.459150737133939,6.892197875262854,6.480846974307324,24.857015014706736,9.14353368183248,15.316109660483491,7.49671558616779,1.0795570757419847e-308,13.266953660463415,5.522625230756625,6.506748994614597,6.935081728317185,6.9808028790773236,17.168382704669344,6.773530593262116,6.033420678546415,7.286638152475562,8.253673663242456,6.554993899721188,6.609009889483541,6.702308752331813,9.225782447227962,9.274554650711798,12.37683106509256,7.286638152475561,7.893523782159187,7.120419375224404,11.534933644392524,11.138866847202436,22.475959840063275,14.575203428144683,6.711227715723126,10.212477615117052,6.00861600601362,10.10091266092876,7.30970707037249,8.47255150407094,9.028216191241818,12.567070138869447,5.21031004909944,6.05492431370755,7.022645639693689
topology_dysplasia_19_clean.csv,8.574617996424076,11.30340672985318,12.554168852940016,9.424486200499103,8.933959695019219,9.459670089654914,9.372535076454056,21.42416955300158,10.509107718751451,12.277365630698988,12.296892341348418,17.481344109858295,10.547877196727995,7.642918781296812,12.686854565859328,5.2768630762281035,12.551127021207561,13.469454076286958,11.093454658454377,7.823410348101559,10.267877309974912,17.12644732492896,18.429516854489883,13.26957408453547,16.921415598775248,14.227945416906017,13.266953660463415,1.610212711677049e-308,8.987643371767609,19.10970589816212,11.632540935734637,8.134102687680475,8.036582706759553,11.418849208169426,8.934333364355005,11.102969953541916,12.713865695685051,11.28907400162133,9.468225453711334,10.450388110216721,10.00771144190442,11.632868046182725,13.492830033801763,8.048797280750682,9.080554285221162,17.37547281813739,16.86847166241876,24.236777718612665,12.138472845519576,15.899187756083972,8.382416174293809,7.712578723190104,12.388052758137455,11.140699090490692,14.156129138814391,6.554232738104581,13.143029443897568,6.553272364195342,13.066119805434083,12.946867309097748,11.917551126816583
topology_carcinoma_5_clean.csv,12.202160154199532,10.638290604220899,7.804574969006005,6.690427740942594,7.355676379770124,7.655603804260106,6.250104901246426,26.082886870585835,8.609485932374806,21.2650090024666,5.585688605738115,8.493700738090688,15.206594514312249,6.996789480151657,7.270995278650059,11.912342351036273,10.81669116007717,22.457097448054565,9.56513571538195,7.389529932005175,7.347360921844014,8.13880395316135,23.088234172074134,10.101881410797223,15.929082708214597,7.531395983623376,5.522625230756625,8.987643371767609,1.6476686116861913e-308,10.122062526394506,7.125433459426494,6.207355724804955,12.889072415973544,6.874536914353708,6.1887575235468155,7.46515931014126,8.362052673972551,6.573090312168645,6.757029886138191,6.946059362970978,9.37624509444317,10.042432144128846,12.768916461570972,7.46515931014126,7.950221451159438,8.387829446369778,12.576004593282299,15.249134346845054,18.19664955136747,15.029111558864068,6.868231374590927,9.932576372782066,6.468770495231224,10.35305400549762,7.480148541443725,8.453187542281654,9.98797115248017,10.200666249021737,5.409409214536108,6.207355724804955,7.145938995274163
topology_dysplasia_8_clean.csv,22.324222680594037,9.832164732042827,6.560182288925954,9.685219697663015,12.19655711214891,10.892992528003667,10.020594791926918,30.582040484838338,8.600598179410666,31.387071528861107,9.75392832030549,6.6274291448414555,21.19146963436939,13.027138063530856,7.640456446563447,22.03440487743078,9.034198723832596,32.57915997444907,14.75414591361987,13.301902974832643,8.841828588187205,5.515608986539064,30.699767252405444,10.354517079571771,15.998955774593332,7.781308865923428,6.506748994614597,19.10970589816212,10.122062526394506,1.252866915880176e-308,7.47716496242748,12.09418083113551,23.011134942368052,7.6908566899926925,10.175372533807112,9.25093187531484,8.853142103500314,9.33125040518051,9.641480444450783,10.401264464294519,13.920286335293234,10.884263176289478,11.483316406875048,11.060908617411435,10.029151612940955,6.422775528305561,8.1995118904874,6.98777223593144,28.31871207776198,20.417955665843387,12.55397995342183,16.055229852815753,7.34835664548609,9.27555976216873,6.6274291448414555,13.980482561598413,9.619890789832077,18.40982237656815,6.687449255448811,6.162838589064371,7.192154771345535
topology_carcinoma_7_clean.csv,14.84705771816656,10.397983606021944,7.4437611022847285,7.990016291102432,6.983705365726447,7.507138439516417,6.668466188738508,25.1027995069805,8.02190071030235,23.909906566433627,6.84726024464317,6.130503886864737,13.714304671941909,8.532508361627045,7.844037734296792,14.5572399150033,10.7204282924007,25.101995012021597,9.149580453507468,8.1465445417148,6.907334785352184,6.342353707727965,23.222602289977964,9.794696283331433,15.852819076189135,7.942970703858615,6.935081728317185,11.632540935734637,7.125433459426494,7.47716496242748,8.41560060617671e-309,8.625350175732477,15.53396997994057,4.844045275362392,8.161259590446145,6.118019090783642,9.14380178049241,5.945396316693262,5.755036225076072,7.981716036667743,8.99228448222419,9.737233748377395,12.532809625524717,6.118019090783642,8.689562671255025,5.7429318824027495,13.006554889654664,12.604236782878026,20.8415471153345,14.771248209731858,6.535779440787305,8.578064890388276,7.862578090843394,10.156891975038011,6.130503886864737,10.594628473111165,9.277283269698497,10.93265741414067,6.247140789827402,6.060260402633213,4.971002548740072
topology_carcinoma_19_clean.csv,11.348619470112396,11.299504159785577,10.792451782010968,7.237310252150126,10.408586089378066,10.811345177317804,4.764016485240261,20.347657988085977,8.35918439422494,20.411468318379463,5.743980593254957,10.773102864505693,10.215866423887746,7.501309422429864,8.35642795155232,11.058801666949137,14.420752430868042,21.603556763967433,12.575063464618614,7.710134848080953,10.04722682503137,8.992344637248484,19.7241640419238,15.356481734020774,17.90720612478106,9.33662480960119,6.9808028790773236,8.134102687680475,6.207355724804955,12.09418083113551,8.625350175732477,7.87804130806203e-309,12.035531731886406,7.246135460710729,5.676791187391706,6.432072813010839,8.667548781631812,5.445056692963812,7.985792023545812,7.409504512566816,9.56349883415579,13.091264094043277,14.145402400237906,6.432072813010839,8.27633563818824,9.241370130456914,17.161148492478475,16.85908016740977,17.343108867280336,16.766966617233823,9.857451828752176,7.307685012002165,9.900022407725487,11.171627242746673,10.1209023737197,7.702295406827176,13.415151370504248,7.434219166086507,5.814871524827602,8.390869153401892,7.655877284398833
