,topology_carcinoma_1_clean_mac.csv,topology_ad_carcinoma_11_clean_mac.csv,topology_ad_carcinoma_9_clean_mac.csv,topology_dysplasia_16_clean_mac.csv,topology_carcinoma_19_clean_mac.csv,topology_ad_carcinoma_5_clean_mac.csv,topology_dysplasia_5_clean_mac.csv,topology_ad_carcinoma_13_clean_mac.csv,topology_carcinoma_11_clean_mac.csv,topology_carcinoma_5_clean_mac.csv,topology_carcinoma_16_clean_mac.csv,topology_ad_carcinoma_6_clean_mac.csv,topology_carcinoma_15_clean_mac.csv,topology_carcinoma_10_clean_mac.csv,topology_ad_dysplasia_2_clean_mac.csv,topology_carcinoma_3_clean_mac.csv,topology_dysplasia_4_clean_mac.csv,topology_carcinoma_12_clean_mac.csv,topology_dysplasia_6_clean_mac.csv,topology_dysplasia_8_clean_mac.csv,topology_dysplasia_18_clean_mac.csv,topology_dysplasia_7_clean_mac.csv,topology_carcinoma_2_clean_mac.csv,topology_ad_carcinoma_15_clean_mac.csv,topology_carcinoma_4_clean_mac.csv,topology_ad_carcinoma_4_clean_mac.csv,topology_ad_dysplasia_7_clean_mac.csv,topology_ad_carcinoma_1_clean_mac.csv,topology_dysplasia_9_clean_mac.csv,topology_carcinoma_20_clean_mac.csv,topology_ad_carcinoma_12_clean_mac.csv,topology_ad_dysplasia_1_clean_mac.csv,topology_dysplasia_1_clean_mac.csv,topology_ad_dysplasia_8_clean_mac.csv,topology_ad_dysplasia_6_clean_mac.csv,topology_carcinoma_18_clean_mac.csv,topology_dysplasia_11_clean_mac.csv,topology_ad_carcinoma_7_clean_mac.csv,topology_ad_carcinoma_2_clean_mac.csv,topology_ad_dysplasia_5_clean_mac.csv,topology_carcinoma_6_clean_mac.csv,topology_dysplasia_10_clean_mac.csv,topology_dysplasia_12_clean_mac.csv,topology_ad_dysplasia_3_clean_mac.csv,topology_carcinoma_8_clean_mac.csv,topology_dysplasia_19_clean_mac.csv,topology_dysplasia_17_clean_mac.csv,topology_dysplasia_14_clean_mac.csv,topology_ad_dysplasia_4_clean_mac.csv,topology_dysplasia_3_clean_mac.csv,topology_dysplasia_2_clean_mac.csv,topology_ad_carcinoma_8_clean_mac.csv,topology_carcinoma_17_clean_mac.csv,topology_carcinoma_9_clean_mac.csv,topology_ad_carcinoma_14_clean_mac.csv,topology_carcinoma_14_clean_mac.csv,topology_ad_carcinoma_10_clean_mac.csv,topology_dysplasia_15_clean_mac.csv,topology_carcinoma_7_clean_mac.csv,topology_ad_dysplasia_9_clean_mac.csv,topology_ad_carcinoma_3_clean_mac.csv,topology_dysplasia_13_clean_mac.csv,topology_ad_dysplasia_10_clean_mac.csv,topology_carcinoma_13_clean_mac.csv
topology_carcinoma_1_clean_mac.csv,1.2390908888724317e-308,100.67176276622519,76.4318205484308,80.9054280552343,95.51545624356885,88.36186308510742,124.11688363742775,71.30795756558462,40.58491541724027,63.40541578103006,46.39583445215911,91.12894237532666,83.82534337886216,52.915964211971314,88.03311620183922,57.768857051069546,114.1772624726554,59.57132239254423,94.94269469432541,113.68292686318131,100.30572932467427,107.1236152623222,51.41651788400287,100.30572932467427,46.03816527285403,100.30572932467427,90.6213435439245,100.30572932467427,145.13919323304202,32.07006112894517,100.23688356105006,73.66520983896339,51.62855386260853,100.67176276622519,82.73968197167599,63.55964241199024,60.15312721548746,75.18186050832861,75.9088424121446,100.67176276622519,62.404564573795454,89.604499013608,92.45797378489618,100.30572932467427,51.40357340213012,100.30572932467427,97.1466473773778,97.5266648503349,100.67176276622519,105.49373732788166,106.5907622849198,60.934164019226216,65.86744445516916,40.42969030577872,77.56060162603501,100.67176276622519,75.83928143142259,100.67176276622519,94.281745647906,100.67176276622519,89.97150206417422,88.06708217534663,66.43808236131153,47.98545545019755
topology_ad_carcinoma_11_clean_mac.csv,100.67176276622519,1.8055693867021355e-308,48.74017458709518,37.59617442681332,99.83233275933037,47.42997439387521,124.11688363742775,51.192950055719336,84.23126324504415,81.42233578946932,96.85825541247993,40.78893034192453,110.33897047093922,73.79502085829537,66.15477965642856,77.31139378580966,101.83870070375343,85.4600890102414,34.117209205497545,85.43144988522812,50.779136205407866,107.1236152623222,85.08467733163826,72.22352040546366,86.6120633818372,49.92595744356679,48.79313345253678,43.16711719706602,145.13919323304202,105.63338339765966,38.711134364426954,60.578221991485606,83.53322594556946,43.16711719706602,65.24070966174051,62.1974786565782,63.33436077952362,45.76880246630719,41.75383163250791,43.16711719706602,94.79537246783977,80.12752726742917,78.6978266729825,96.7750754312249,88.67922640522158,48.19128834335197,29.832671184297567,64.36997391093908,43.16711719706602,90.77269914263968,106.5907622849198,88.53592722108868,62.91550615018947,78.06331129109708,44.637377425313844,46.91011506857177,60.11509102275457,43.167117197066034,80.74589890500113,43.16711719706602,76.83649788692529,51.485825345476655,66.79339642148165,87.1678743986827
topology_ad_carcinoma_9_clean_mac.csv,76.4318205484308,48.74017458709518,1.4208385462116947e-308,43.562288570984094,121.28165274611482,32.37210518574105,124.11688363742775,28.53188829465597,58.75518984204197,57.884324831387744,66.79463221439113,48.74017458709518,82.03223578364953,46.25680098058044,46.17132605673146,46.035251340075064,114.1772624726554,54.18359507826801,45.79643931223353,113.68292686318131,50.779136205407866,107.1236152623222,50.42430575727451,43.12019371441153,71.54435301421441,42.41298895078057,37.79138049954389,43.53090755257762,145.13919323304202,60.723008263810186,48.74017458709518,48.03623821037621,64.08185912918665,48.74017458709518,37.472203723227324,46.782974478430475,45.898321645441285,32.66488282575412,43.12019371441153,48.74017458709518,71.82536228315826,89.60449901360798,79.82669250696853,53.45799757016778,58.66105328449828,85.45129535501505,57.78808659719354,43.12019371441153,48.74017458709518,105.49373732788166,106.5907622849198,43.24571314319485,47.924022375981565,53.068385262535884,38.03897020894266,48.74017458709518,42.81044968997884,53.76425385520963,85.91908963414895,43.12019371441153,89.44870402477696,51.485825345476655,38.468531523566355,73.12603867690882
topology_dysplasia_16_clean_mac.csv,80.9054280552343,37.59617442681332,43.562288570984094,1.4371799704450727e-308,79.89685517117829,49.435772138773814,124.11688363742775,41.029297250880745,74.16414217904818,73.35385552952764,78.61371398713868,56.58080886672582,104.80644349077221,55.55047943295412,57.23825815427762,54.95144871362601,114.1772624726554,64.02013030709708,47.790703155373535,113.68292686318131,50.779136205407895,107.1236152623222,77.18462615897062,54.248183683077144,71.54435301421441,49.92595744356679,44.207556340272276,57.23825815427762,145.13919323304202,92.74096289614218,57.23825815427762,57.23825815427762,64.88428899593325,57.23825815427762,37.45378618899608,60.99242463468485,54.51212247185822,57.23825815427762,56.11520545845252,57.23825815427762,77.69427490581575,89.60449901360798,88.6707271935266,81.92048992053085,63.14197011468727,85.45129535501505,57.78808659719354,49.93002907292629,57.23825815427762,105.49373732788166,106.5907622849198,75.68189491436809,52.34979938204381,64.98418053975482,46.221171382162936,57.23825815427762,41.29379421622892,57.23825815427762,76.16032179273662,57.23825815427762,96.74719211979038,51.485825345476655,57.23825815427762,76.70245887526531
topology_carcinoma_19_clean_mac.csv,95.51545624356885,99.83233275933037,121.28165274611482,79.89685517117829,1.093437972110172e-308,126.82980452717328,124.11688363742775,118.42332963928021,101.93022224288546,94.86666700672481,75.71869278921878,134.3001730418565,67.58631752562735,99.14911182698393,134.7949564360427,125.78994105200661,102.49950691382844,82.60208354122648,99.88084722610284,122.27260816119818,118.73456682412467,107.86631629067358,98.8858201926488,101.6716915691045,98.33807532144033,127.1828526757028,116.05540527758316,134.7949564360427,145.13919323304202,83.35340152579147,134.7949564360427,134.7949564360427,104.47262824599528,134.7949564360427,113.60141627184555,94.76530525667192,94.70228229085961,134.7949564360427,133.509237846852,134.7949564360427,78.06315615769887,96.1757773132403,62.58415183615023,94.17387450140279,115.56862826773994,134.7949564360427,104.3541012267045,90.73346869092441,134.7949564360427,105.49373732788166,106.59076228491983,100.41246950756556,112.65349281099088,111.11018388217883,105.69554116085166,134.7949564360427,99.47956464406246,134.7949564360427,79.89685517117829,134.7949564360427,51.38532430764411,117.56099593792771,134.7949564360427,133.05631767322825
topology_ad_carcinoma_5_clean_mac.csv,88.36186308510742,47.42997439387521,32.37210518574105,49.435772138773814,126.82980452717328,1.3695925600045463e-308,111.57354851955745,47.30911162289573,64.37895052774743,63.45729749993478,56.83875812206992,47.42997439387521,102.32711704247089,50.74398243334463,58.74760053549261,69.65257470275273,112.145697348711,78.7212562962238,48.24010804416673,113.68292686318131,50.779136205407866,107.1236152623222,50.42430575727451,27.395763001684173,75.78880217656621,35.23965460097688,50.59441413297611,47.42997439387521,145.13919323304202,72.9304150061871,47.42997439387521,41.83779249267613,65.55897851971304,47.42997439387521,50.04847820198847,63.559642411990225,57.43271945950775,38.72788118621881,26.68045470617392,47.42997439387521,77.69427490581575,70.26506706202423,100.19357914016987,66.03427204892893,71.23732776325943,85.45129535501505,57.78808659719354,49.93002907292629,47.42997439387521,105.49373732788166,106.5907622849198,55.79457063481925,51.826114614937694,56.94089234565769,54.27530110418763,47.42997439387521,45.81957258594349,47.42997439387523,106.36350608773455,46.107254349581325,105.97319149118266,46.79432440658968,56.35563339940626,80.69626410307188
topology_dysplasia_5_clean_mac.csv,124.11688363742775,124.11688363742775,124.11688363742775,124.11688363742775,124.11688363742775,111.57354851955745,1.625113049170818e-308,124.11688363742775,124.11688363742775,124.11688363742775,124.11688363742775,124.11688363742775,124.11688363742775,124.11688363742775,124.11688363742775,124.11688363742775,100.90062340672381,124.11688363742775,120.07758598451665,78.84839270893565,108.88687403335638,83.35516880776817,124.11688363742775,124.11688363742775,124.11688363742775,124.11688363742775,124.11688363742775,124.11688363742775,113.18582904584684,124.11688363742775,124.11688363742775,124.11688363742775,124.11688363742775,124.11688363742775,124.11688363742775,124.11688363742775,124.11688363742775,124.11688363742775,124.11688363742775,124.11688363742775,124.11688363742775,124.11688363742775,124.11688363742775,124.11688363742775,124.11688363742775,124.11688363742775,124.11688363742775,124.11688363742775,124.11688363742775,100.5680210369465,91.53064706886317,124.11688363742775,124.11688363742775,124.11688363742775,124.11688363742775,124.11688363742775,124.11688363742775,124.11688363742775,124.11688363742775,124.11688363742775,124.11688363742775,80.48289247093442,124.11688363742775,124.11688363742775
topology_ad_carcinoma_13_clean_mac.csv,71.30795756558462,51.192950055719336,28.53188829465597,41.029297250880745,118.42332963928021,47.30911162289573,124.11688363742775,1.630508249995604e-308,47.20978741374762,56.813118944668304,58.303219356193665,53.197813844026285,90.94917869977292,48.50253925197538,53.197813844026285,45.41416567338072,114.1772624726554,41.378794273642825,51.05432123573962,113.68292686318131,53.197813844026285,107.1236152623222,50.42430575727451,48.00953246464897,58.73489665704341,38.36885861338595,60.174015773187534,53.197813844026285,145.13919323304202,69.80121099377803,53.197813844026285,46.22507927222,66.23816123013796,53.197813844026285,30.411000874747145,63.559642411990225,54.51212247185822,25.629425250087706,32.89829965821265,53.197813844026285,59.45368291122912,89.60449901360798,100.19357914016987,62.90506803651985,50.874841885664466,85.45129535501505,57.78808659719354,49.93002907292629,53.197813844026285,105.49373732788166,106.5907622849198,52.665366622410176,42.9595710594578,46.16406241734353,56.57086886147829,53.197813844026285,39.425741382218405,53.76425385520963,106.36350608773455,53.197813844026285,105.97319149118266,51.485825345476655,38.468531523566355,68.35437738167454
topology_carcinoma_11_clean_mac.csv,40.58491541724027,84.23126324504415,58.75518984204197,74.16414217904818,101.93022224288546,64.37895052774743,124.11688363742775,47.20978741374762,1.5729616380996163e-308,52.8924223152585,46.39583445215911,83.97459632020386,83.82534337886216,43.033988811375536,75.12240469988382,38.00685401923471,114.1772624726554,33.83715623260059,72.82788735358136,113.68292686318131,84.23126324504415,107.1236152623222,37.85861841268465,76.45515979795033,46.03816527285403,77.2684453273896,67.40952560833122,78.38636392918664,145.13919323304202,32.771932474276994,84.23126324504415,65.48800895016944,64.7612308128733,84.23126324504415,57.00551581173235,63.55964241199024,54.51212247185822,55.79101785042454,53.37584762110595,84.23126324504415,46.225291591670384,89.60449901360798,98.648439415204,76.45515979795033,32.391054203734825,85.45129535501505,84.23126324504415,71.79249869039126,84.23126324504415,105.49373732788166,106.5907622849198,48.02345251727081,54.087026692107514,44.68713200007886,64.6498901240796,84.23126324504415,50.10511527147895,84.23126324504415,100.69651164722262,76.45515979795033,96.38626806349083,58.853371808202155,42.733991254399996,42.663538272127724
topology_carcinoma_5_clean_mac.csv,63.40541578103006,81.42233578946932,57.884324831387744,73.35385552952764,94.86666700672481,63.45729749993478,124.11688363742775,56.813118944668304,52.8924223152585,1.9284201688040054e-308,51.33657505187108,81.42233578946932,80.60190232530204,46.726346119008724,52.8924223152585,41.442661625155665,114.1772624726554,52.8924223152585,69.6055375612992,113.68292686318131,81.42233578946932,107.1236152623222,36.333675744037976,67.02122347527214,50.83235487248885,54.2391544947793,66.18057510818923,81.42233578946932,145.13919323304202,61.89866920922347,78.46442263356863,52.8924223152585,55.59580950223389,81.42233578946932,59.46970862357128,56.10417018243203,56.32816550379036,53.187009804934306,61.06751783310247,81.42233578946932,48.78281766077262,89.60449901360798,91.58488417904334,67.46211361809995,52.8924223152585,85.45129535501505,81.42233578946932,75.14397467275145,72.75741616110264,105.49373732788166,106.5907622849198,44.76282483785562,52.8924223152585,45.90314939093096,62.79049659938846,69.06179530720007,56.62467480139196,81.42233578946932,93.63295641106197,81.42233578946932,89.32271282733018,65.82494609595315,47.205728061767786,62.35785341364816
topology_carcinoma_16_clean_mac.csv,46.39583445215911,96.85825541247993,66.79463221439113,78.61371398713868,75.71869278921878,56.83875812206992,124.11688363742775,58.303219356193665,46.39583445215911,51.33657505187108,8.79622110878917e-309,100.24660813949501,68.43710050623883,32.25605118986556,78.1367481324558,66.72849404095376,114.1772624726554,46.39583445215911,69.3000424855014,113.68292686318131,100.24660813949501,107.1236152623222,30.726385178817935,61.39836698890238,40.33868081559842,84.03416397014655,99.34870144611332,100.24660813949501,145.13919323304202,26.04987096270122,100.24660813949501,78.99539473656944,42.05263642767778,100.24660813949501,57.097029762851975,63.55964241199024,54.51212247185822,74.06170848426456,63.51819144174863,100.24660813949501,46.225291591670384,89.604499013608,83.5482372099994,61.39836698890238,45.57758186263658,100.24660813949501,100.24660813949501,60.76051144846028,100.24660813949501,105.49373732788166,106.5907622849198,40.633510412292196,54.17854064322714,41.11913747707547,71.86486546462885,100.24660813949501,66.29405260329952,100.24660813949501,68.75733580944052,100.24660813949501,88.50233953402085,58.94488575932178,74.46754746626328,63.06527126812489
topology_ad_carcinoma_6_clean_mac.csv,91.12894237532666,40.78893034192453,48.74017458709518,56.58080886672582,134.3001730418565,47.42997439387521,124.11688363742775,53.197813844026285,83.97459632020386,81.42233578946932,100.24660813949501,1.386871728702853e-308,110.33897047093922,74.13595815146243,52.167162133293914,61.40969801449731,114.1772624726554,76.97675447957334,51.05432123573962,113.68292686318131,50.779136205407866,107.1236152623222,85.08467733163826,72.22352040546366,78.55588146678545,49.92595744356679,60.174015773187534,29.404404463439306,145.13919323304202,102.55141703729785,40.743057568807046,60.578221991485606,74.69474313708892,21.59445192151979,49.89290832469794,63.559642411990225,63.33436077952362,38.446149747610434,41.75383163250791,28.14781979205715,95.17911179087716,89.60449901360798,100.19357914016987,91.73094406168653,71.1750978923996,85.45129535501505,57.78808659719354,66.82887818263393,32.683304174831164,105.49373732788166,106.5907622849198,85.49234905552376,62.91550615018947,74.79463468091049,56.57086886147829,43.885005459292785,50.458627151736664,53.76425385520963,106.36350608773455,21.59445192151979,105.97319149118266,51.485825345476655,48.11275671115084,83.93042983852874
topology_carcinoma_15_clean_mac.csv,83.82534337886216,110.33897047093922,82.03223578364953,104.80644349077221,67.58631752562735,102.32711704247089,124.11688363742775,90.94917869977292,83.82534337886216,80.60190232530204,68.43710050623883,110.33897047093922,1.936243274928521e-308,67.76144064140516,104.80644349077221,72.93413110864566,114.1772624726554,83.82534337886216,103.73050406075436,113.68292686318131,110.33897047093922,107.12361526232223,68.18624340267007,88.95105602603698,46.929662841639214,104.04712972525493,103.475995222129,109.90553049222879,145.13919323304202,68.40178086460827,110.33897047093922,99.2913041860557,46.61394368293065,110.33897047093922,83.82534337886216,62.17779635035566,68.93393471815187,104.80644349077221,90.66590101808333,110.33897047093922,63.720614184820505,89.604499013608,81.79910691294248,104.80644349077221,83.82534337886216,110.33897047093922,110.33897047093922,78.59895446458924,110.33897047093922,105.49373732788166,106.59076228491983,83.82534337886216,93.2559736917388,69.05364951867665,97.02045000326191,110.33897047093922,70.11133929720853,110.33897047093922,88.41477949165534,104.8101318697554,62.04236334623272,77.26549102410607,85.65408520056309,83.82534337886216
topology_carcinoma_10_clean_mac.csv,52.915964211971314,73.79502085829537,46.25680098058044,55.55047943295412,99.14911182698393,50.74398243334463,124.11688363742775,48.50253925197538,43.033988811375536,46.726346119008724,32.25605118986556,74.13595815146243,67.76144064140516,8.258720476201693e-309,58.46771979113623,41.91194628866094,114.1772624726554,44.7249605961851,56.17320244483378,113.68292686318131,74.13595815146243,107.1236152623222,30.99715493914482,59.17287964877406,36.13282585446737,60.97092941596199,70.19063602423276,74.13595815146243,145.13919323304202,47.19914019120199,74.13595815146243,49.83732931468887,42.84745613047744,74.13595815146243,43.033988811375536,63.55964241199024,54.51212247185822,44.90364306238399,42.9806281501275,74.13595815146243,40.15012159097665,89.60449901360798,95.86732899930246,59.43108245488804,45.506052948274316,85.45129535501505,74.13595815146243,51.973542476893044,74.13595815146243,105.49373732788166,106.5907622849198,42.9806281501275,42.9806281501275,40.59214226551666,56.57086886147829,74.13595815146243,39.651870794309474,74.13595815146243,97.91540123132108,73.78794704977068,93.77371777360656,51.485825345476655,45.30948204438272,59.22148593520251
topology_ad_dysplasia_2_clean_mac.csv,88.03311620183922,66.15477965642856,46.17132605673146,57.23825815427762,134.7949564360427,58.74760053549261,124.11688363742775,53.197813844026285,75.12240469988382,52.8924223152585,78.1367481324558,52.167162133293914,104.80644349077221,58.46771979113623,2.059570490500183e-308,47.113559583166705,114.1772624726554,65.52571099633269,52.167162133293914,113.68292686318131,66.02211609695021,107.1236152623222,50.93507361998661,47.81817698456288,79.44882833642771,41.235644333339735,60.174015773187534,66.15477965642856,145.13919323304202,64.7743930117677,61.65552903811732,36.74135020750046,77.05803955078323,66.15477965642856,49.89290832469794,63.55964241199024,55.31730302325448,38.446149747610434,47.76274038109031,66.15477965642856,77.69427490581575,89.60449901360798,100.19357914016987,53.953920036156376,49.595883155134544,85.45129535501505,64.3386083233735,52.167162133293914,66.15477965642856,105.49373732788166,106.5907622849198,47.71532502999361,51.826114614937694,70.82205132880665,56.57086886147829,66.15477965642856,45.81957258594349,66.15477965642856,106.36350608773455,66.15477965642856,105.97319149118266,60.83793925561122,37.52268228650948,47.40940650891292
topology_carcinoma_3_clean_mac.csv,57.768857051069546,77.31139378580966,46.035251340075064,54.95144871362601,125.78994105200661,69.65257470275273,124.11688363742775,45.41416567338072,38.00685401923471,41.442661625155665,66.72849404095376,61.40969801449731,72.93413110864566,41.91194628866094,47.113559583166705,1.2423727513941876e-308,114.1772624726554,43.187857510780134,55.34202964718102,113.68292686318131,76.92709026421034,107.1236152623222,37.83372025340833,49.06339620160844,45.19579614252834,49.06339620160844,60.174015773187534,77.31139378580966,145.13919323304202,53.366138920265655,72.56050320537744,43.26864063060765,37.20068820146628,77.31139378580966,40.78629563470696,63.55964241199024,54.51212247185822,39.52381335774652,58.66771454835043,77.31139378580966,58.656384288358254,89.60449901360798,100.19357914016987,49.06339620160844,35.09625144695417,85.45129535501505,75.24358249063363,53.34634683512391,77.31139378580966,105.49373732788166,106.5907622849198,45.14992686568462,36.5841000883546,35.367564547137704,56.57086886147829,77.31139378580966,34.82704696376442,77.31139378580966,106.36350608773455,77.31139378580966,105.97319149118266,71.74291342287134,28.484338679850453,40.92635313140434
topology_dysplasia_4_clean_mac.csv,114.1772624726554,101.83870070375343,114.1772624726554,114.1772624726554,102.49950691382844,112.145697348711,100.90062340672381,114.1772624726554,114.1772624726554,114.1772624726554,114.1772624726554,114.1772624726554,114.1772624726554,114.1772624726554,114.1772624726554,114.1772624726554,1.5471999358017083e-308,114.1772624726554,99.88696139834451,92.60334108336167,114.1772624726554,107.12361526232223,114.1772624726554,114.1772624726554,114.1772624726554,114.1772624726554,101.83870070375343,114.1772624726554,145.13919323304202,114.1772624726554,102.49950691382844,114.1772624726554,114.1772624726554,114.1772624726554,114.1772624726554,107.87664521949546,87.64604820176248,114.1772624726554,114.1772624726554,114.1772624726554,114.1772624726554,85.40890650684696,92.2308199484147,114.1772624726554,114.1772624726554,102.49950691382844,102.49950691382844,114.1772624726554,114.1772624726554,85.17051828196708,106.59076228491983,114.1772624726554,114.1772624726554,114.1772624726554,102.49950691382844,114.1772624726554,114.1772624726554,102.49950691382844,102.49950691382844,114.1772624726554,101.83870070375343,114.1772624726554,114.1772624726554,114.1772624726554
topology_carcinoma_12_clean_mac.csv,59.57132239254423,85.4600890102414,54.18359507826801,64.02013030709708,82.60208354122648,78.7212562962238,124.11688363742775,41.378794273642825,33.83715623260059,52.8924223152585,46.39583445215911,76.97675447957334,83.82534337886216,44.7249605961851,65.52571099633269,43.187857510780134,114.1772624726554,1.8394366166793855e-308,62.57073850257345,113.68292686318131,85.4600890102414,107.1236152623222,39.140418497382555,56.05548795081103,46.998261484003024,50.10549378642634,70.01466849667506,85.4600890102414,145.13919323304202,53.926624330381,81.62918479884851,66.38435760044632,56.17738945431336,85.4600890102414,43.46175499865262,61.73098488495967,54.51212247185822,61.45067134814144,67.7363961418215,85.4600890102414,51.42767543296583,89.60449901360798,88.6707271935266,76.97675447957334,56.37148857780997,85.45129535501508,84.3122640841047,62.415028428594994,85.4600890102414,105.49373732788166,106.5907622849198,42.477817961329464,32.839723391420605,41.8662967748495,65.19200039711833,85.4600890102414,45.43688268442372,85.4600890102414,81.36837294556364,85.4600890102414,96.74719211979038,80.81159501634241,55.232145087806515,70.83647397022051
topology_dysplasia_6_clean_mac.csv,94.94269469432541,34.117209205497545,45.79643931223353,47.790703155373535,99.88084722610284,48.24010804416673,120.07758598451665,51.05432123573962,72.82788735358136,69.6055375612992,69.3000424855014,51.05432123573962,103.73050406075436,56.17320244483378,52.167162133293914,55.34202964718102,99.88696139834451,62.57073850257345,1.361588322901546e-308,96.870661196595,51.05432123573962,107.1236152623222,67.87095465733333,51.05432123573962,82.3696337857842,51.05432123573962,48.36080243799017,50.96166947111317,145.13919323304202,93.43594812251882,45.165470005530096,60.578221991485606,77.09230711854732,51.05432123573962,51.05432123573962,60.66757278138442,55.00070836808706,51.05432123573962,47.790703155373535,51.05432123573962,67.23715954086123,58.006331111657744,52.48873960232834,86.53980516526065,76.4929418254982,81.63616271854909,47.048427938065004,47.790703155373535,51.05432123573962,102.21191045400656,106.5907622849198,76.30010375115097,62.91550615018947,68.99972859738378,39.75447529525479,48.321785653406835,55.33106085532003,45.165470005530096,62.46084924795417,51.05432123573962,66.3101356560671,51.05432123573962,51.05432123573962,71.27312231368035
topology_dysplasia_8_clean_mac.csv,113.68292686318131,85.43144988522812,113.68292686318131,113.68292686318131,122.27260816119818,113.68292686318131,78.84839270893565,113.68292686318131,113.68292686318131,113.68292686318131,113.68292686318131,113.68292686318131,113.68292686318131,113.68292686318131,113.68292686318131,113.68292686318131,92.60334108336167,113.68292686318131,96.870661196595,1.409798329311342e-308,113.68292686318131,95.18940920699583,113.68292686318131,113.68292686318131,113.68292686318131,113.68292686318131,106.52867676227766,113.68292686318131,145.13919323304202,113.68292686318131,113.68292686318131,113.68292686318131,113.68292686318131,113.68292686318131,113.68292686318131,113.68292686318131,107.13290502130474,113.68292686318131,113.68292686318131,113.68292686318131,99.78045111738174,90.11743371596344,113.68292686318131,113.68292686318131,113.68292686318131,66.4876021090721,101.07533688955618,113.68292686318131,113.68292686318131,87.09082035407457,102.62644321896568,113.68292686318131,113.68292686318131,113.68292686318131,113.68292686318131,113.68292686318131,113.68292686318131,113.68292686318131,112.0370273244722,113.68292686318131,113.68292686318131,113.68292686318131,113.68292686318131,113.68292686318131
topology_dysplasia_18_clean_mac.csv,100.30572932467427,50.779136205407866,50.779136205407866,50.779136205407895,118.73456682412467,50.779136205407866,108.88687403335638,53.197813844026285,84.23126324504415,81.42233578946932,100.24660813949501,50.779136205407866,110.33897047093922,74.13595815146243,66.02211609695021,76.92709026421034,114.1772624726554,85.4600890102414,51.05432123573962,113.68292686318131,1.6019734467579383e-308,87.15725288824046,85.08467733163826,72.22352040546366,86.6120633818372,50.779136205407866,60.174015773187534,50.779136205407866,145.13919323304202,105.63338339765966,50.779136205407866,60.578221991485606,83.53322594556946,50.779136205407866,59.575314724710125,63.559642411990225,63.33436077952362,50.779136205407866,50.779136205407866,50.779136205407866,95.17911179087716,89.60449901360798,100.19357914016987,96.7750754312249,85.26349865040132,85.45129535501505,57.78808659719354,66.82887818263393,50.779136205407866,105.49373732788166,94.26702519453067,88.53592722108868,62.91550615018947,78.06331129109708,56.57086886147829,50.779136205407866,60.11509102275457,53.76425385520963,106.36350608773455,50.779136205407866,105.97319149118266,44.10764992038861,63.63014896086386,87.1678743986827
topology_dysplasia_7_clean_mac.csv,107.1236152623222,107.1236152623222,107.1236152623222,107.1236152623222,107.86631629067358,107.1236152623222,83.35516880776817,107.1236152623222,107.1236152623222,107.1236152623222,107.1236152623222,107.1236152623222,107.12361526232223,107.1236152623222,107.1236152623222,107.1236152623222,107.12361526232223,107.1236152623222,107.1236152623222,95.18940920699583,87.15725288824046,1.357333879507313e-308,107.1236152623222,107.1236152623222,107.1236152623222,107.1236152623222,107.1236152623222,107.1236152623222,98.98649573130899,107.1236152623222,107.1236152623222,107.1236152623222,107.1236152623222,107.1236152623222,107.1236152623222,107.1236152623222,107.1236152623222,107.1236152623222,107.1236152623222,107.1236152623222,107.1236152623222,80.50803634321306,107.1236152623222,107.1236152623222,107.1236152623222,107.1236152623222,107.1236152623222,107.1236152623222,107.1236152623222,107.1236152623222,73.69715351283483,107.1236152623222,107.1236152623222,107.1236152623222,107.1236152623222,107.1236152623222,107.1236152623222,107.1236152623222,107.1236152623222,107.1236152623222,107.1236152623222,107.1236152623222,107.1236152623222,107.1236152623222
topology_carcinoma_2_clean_mac.csv,51.41651788400287,85.08467733163826,50.42430575727451,77.18462615897062,98.8858201926488,50.42430575727451,124.11688363742775,50.42430575727451,37.85861841268465,36.333675744037976,30.726385178817935,85.08467733163826,68.18624340267007,30.99715493914482,50.93507361998661,37.83372025340833,114.1772624726554,39.140418497382555,67.87095465733333,113.68292686318131,85.08467733163826,107.1236152623222,1.000951494121466e-308,58.204050148561294,42.83223001859136,80.31284737762627,70.45392765856789,81.43076597942331,145.13919323304202,33.02113627729733,85.08467733163826,68.53241100040611,47.866445524819966,85.08467733163826,48.80997485588361,63.55964241199024,54.51212247185822,48.11012047133653,52.038273744057506,85.08467733163826,51.962673366187005,89.60449901360798,95.60403736496733,52.31929428540076,36.82541442800016,85.45129535501505,85.08467733163826,65.652462161816,85.08467733163826,105.49373732788166,106.5907622849198,36.38119224210027,52.74945281505907,28.151772401639676,56.57086886147829,85.08467733163826,51.70401438528569,85.08467733163826,97.65210959698595,74.05123868410581,96.74719211979038,57.51579793115371,45.57277367871785,44.0930668931247
topology_ad_carcinoma_15_clean_mac.csv,100.30572932467427,72.22352040546366,43.12019371441153,54.248183683077144,101.6716915691045,27.395763001684173,124.11688363742775,48.00953246464897,76.45515979795033,67.02122347527214,61.39836698890238,72.22352040546366,88.95105602603698,59.17287964877406,47.81817698456288,49.06339620160844,114.1772624726554,56.05548795081103,51.05432123573962,113.68292686318131,72.22352040546366,107.1236152623222,58.204050148561294,1.7557989760826873e-308,84.87291945008673,59.668633666085015,67.66805628211219,72.22352040546366,145.13919323304202,69.53386388479956,72.22352040546366,51.47085315624,77.05803955078323,72.22352040546366,39.585120624326635,63.55964241199024,55.31730302325448,43.488749619250285,36.94089272212173,72.22352040546366,60.65751311148463,89.60449901360798,98.38990874142303,41.60529298382079,49.595883155134544,85.45129535501505,72.22352040546366,48.07910853435163,72.22352040546366,105.49373732788166,106.5907622849198,55.683244947273465,57.718696672269004,70.82205132880665,56.57086886147829,72.22352040546366,40.64823802695821,72.22352040546366,100.43798097344165,71.26536730765011,96.12773738970986,51.485825345476655,42.78690230226215,83.93042983852874
topology_carcinoma_4_clean_mac.csv,46.03816527285403,86.6120633818372,71.54435301421441,71.54435301421441,98.33807532144033,75.78880217656621,124.11688363742775,58.73489665704341,46.03816527285403,50.83235487248885,40.33868081559842,78.55588146678545,46.929662841639214,36.13282585446737,79.44882833642771,45.19579614252834,114.1772624726554,46.998261484003024,82.3696337857842,113.68292686318131,86.6120633818372,107.1236152623222,42.83223001859136,84.87291945008673,1.0782463856739274e-308,84.87291945008673,78.04828263538329,84.87291945008673,145.13919323304202,32.923394199317954,84.87291945008673,65.08092197355188,39.99979623593538,86.6120633818372,70.16662106313478,50.63275253000728,54.51212247185822,62.6087995997874,66.53695287250838,86.6120633818372,46.225291591670384,89.60449901360798,95.05629249375886,84.87291945008673,46.03816527285403,85.45129535501508,84.5735864688366,84.87291945008673,86.6120633818372,105.49373732788166,106.5907622849198,52.349876153814705,51.80663495747629,33.75023161355017,68.9763137606235,86.6120633818372,63.26622052288138,86.6120633818372,97.10436472577749,84.87291945008673,92.7941211420457,72.01447705960459,47.06041489094389,46.03816527285403
topology_ad_carcinoma_4_clean_mac.csv,100.30572932467427,49.92595744356679,42.41298895078057,49.92595744356679,127.1828526757028,35.23965460097688,124.11688363742775,38.36885861338595,77.2684453273896,54.2391544947793,84.03416397014655,49.92595744356679,104.04712972525493,60.97092941596199,41.235644333339735,49.06339620160844,114.1772624726554,50.10549378642634,51.05432123573962,113.68292686318131,50.779136205407866,107.1236152623222,80.31284737762627,59.668633666085015,84.87291945008673,2.0882742748459304e-308,60.174015773187534,42.794127554244255,145.13919323304202,95.8452660444836,49.92595744356679,43.915737913780816,77.05803955078323,49.92595744356679,37.94185537684393,63.559642411990225,55.31730302325448,34.49495567064196,48.38148423369978,42.794127554244255,81.97128102550639,89.60449901360798,100.19357914016987,85.02479306887227,63.630039302535124,85.45129535501505,57.78808659719354,51.5458824686057,46.292300400878304,105.49373732788166,106.5907622849198,78.7861980627095,53.09419276049445,70.82205132880665,56.57086886147829,40.15841201329036,42.91356856187218,53.76425385520963,106.36350608773455,49.92595744356679,105.97319149118266,51.485825345476655,39.63037020739171,73.59455985316751
topology_ad_dysplasia_7_clean_mac.csv,90.6213435439245,48.79313345253678,37.79138049954389,44.207556340272276,116.05540527758316,50.59441413297611,124.11688363742775,60.174015773187534,67.40952560833122,66.18057510818923,99.34870144611332,60.174015773187534,103.475995222129,70.19063602423276,60.174015773187534,60.174015773187534,101.83870070375343,70.01466849667506,48.36080243799017,106.52867676227766,60.174015773187534,107.1236152623222,70.45392765856789,67.66805628211219,78.04828263538329,60.174015773187534,9.932812150171843e-309,60.174015773187534,145.13919323304202,88.24952070333674,44.05090567021831,60.174015773187534,67.94524406226444,60.174015773187534,60.174015773187534,54.23780806396789,56.90789517673298,60.174015773187534,60.174015773187534,60.174015773187534,91.27659169351782,54.511651857836796,88.6707271935266,77.42904772772542,60.174015773187534,57.782910069337845,48.36080243799017,65.00152303393205,60.174015773187534,84.8090484342668,106.5907622849198,71.19045272156265,60.174015773187534,60.49273834694938,46.221171382162936,50.676091742216215,60.174015773187534,48.36080243799017,60.42621517662971,60.174015773187534,96.74719211979038,60.174015773187534,60.174015773187534,67.38782746128302
topology_ad_carcinoma_1_clean_mac.csv,100.30572932467427,43.16711719706602,43.53090755257762,57.23825815427762,134.7949564360427,47.42997439387521,124.11688363742775,53.197813844026285,78.38636392918664,81.42233578946932,100.24660813949501,29.404404463439306,109.90553049222879,74.13595815146243,66.15477965642856,77.31139378580966,114.1772624726554,85.4600890102414,50.96166947111317,113.68292686318131,50.779136205407866,107.1236152623222,81.43076597942331,72.22352040546366,84.87291945008673,42.794127554244255,60.174015773187534,1.086069357705288e-308,145.13919323304202,96.96318464628064,40.743057568807046,51.576073518002886,77.05803955078323,31.323762528318362,60.59731132591449,63.559642411990225,63.33436077952362,45.76880246630719,41.75383163250791,24.662898256005207,95.17911179087716,89.60449901360798,100.19357914016987,86.14271167066931,81.78616088718545,85.45129535501505,57.78808659719354,66.82887818263393,25.909456655711182,105.49373732788166,106.5907622849198,79.90411666450655,58.330816181472926,70.82205132880665,56.57086886147829,26.17243559901968,45.37436086291433,53.76425385520963,106.36350608773455,31.323762528318362,105.97319149118266,51.485825345476655,66.79339642148165,87.1678743986827
topology_dysplasia_9_clean_mac.csv,145.13919323304202,145.13919323304202,145.13919323304202,145.13919323304202,145.13919323304202,145.13919323304202,113.18582904584684,145.13919323304202,145.13919323304202,145.13919323304202,145.13919323304202,145.13919323304202,145.13919323304202,145.13919323304202,145.13919323304202,145.13919323304202,145.13919323304202,145.13919323304202,145.13919323304202,145.13919323304202,145.13919323304202,98.98649573130899,145.13919323304202,145.13919323304202,145.13919323304202,145.13919323304202,145.13919323304202,145.13919323304202,1.494090415565976e-308,145.13919323304202,145.13919323304202,145.13919323304202,145.13919323304202,145.13919323304202,145.13919323304202,145.13919323304202,145.13919323304202,145.13919323304202,145.13919323304202,145.13919323304202,145.13919323304202,117.57610289973104,145.13919323304202,145.13919323304202,145.13919323304202,145.13919323304202,145.13919323304202,145.13919323304202,145.13919323304202,145.13919323304202,113.18582904584684,145.13919323304202,145.13919323304202,145.13919323304202,145.13919323304202,145.13919323304202,145.13919323304202,145.13919323304202,145.13919323304202,145.13919323304202,145.13919323304202,145.13919323304202,145.13919323304202,145.13919323304202
topology_carcinoma_20_clean_mac.csv,32.07006112894517,105.63338339765966,60.723008263810186,92.74096289614218,83.35340152579147,72.9304150061871,124.11688363742775,69.80121099377803,32.771932474276994,61.89866920922347,26.04987096270122,102.55141703729785,68.40178086460827,47.19914019120199,64.7743930117677,53.366138920265655,114.1772624726554,53.926624330381,93.43594812251882,113.68292686318131,105.63338339765966,107.1236152623222,33.02113627729733,69.53386388479956,32.923394199317954,95.8452660444836,88.24952070333674,96.96318464628064,145.13919323304202,1.493495065461516e-308,105.63338339765966,84.06482966726344,40.05184115085626,105.63338339765966,57.90341066763966,63.55964241199024,54.51212247185822,73.67511393652202,75.43942649929107,105.63338339765966,53.76800851862356,89.604499013608,90.9512272130896,69.53386388479956,32.21522674194847,105.63338339765966,105.63338339765966,69.53386388479956,105.63338339765966,105.49373732788166,106.5907622849198,38.3399759039863,78.02949917294654,33.03287253713927,63.48950160075091,105.63338339765966,55.152150875772605,105.63338339765966,82.11969093012863,93.97019572479962,96.74719211979038,83.08079139633921,61.105192345575176,49.70291614743678
topology_ad_carcinoma_12_clean_mac.csv,100.23688356105006,38.711134364426954,48.74017458709518,57.23825815427762,134.7949564360427,47.42997439387521,124.11688363742775,53.197813844026285,84.23126324504415,78.46442263356863,100.24660813949501,40.743057568807046,110.33897047093922,74.13595815146243,61.65552903811732,72.56050320537744,102.49950691382844,81.62918479884851,45.165470005530096,113.68292686318131,50.779136205407866,107.1236152623222,85.08467733163826,72.22352040546366,84.87291945008673,49.92595744356679,44.05090567021831,40.743057568807046,145.13919323304202,105.63338339765966,1.704177212739159e-308,51.576073518002886,79.87413163537826,40.743057568807046,52.95640670461319,61.495957885321644,63.33436077952362,43.283417742530986,41.75383163250791,40.743057568807046,95.17911179087716,54.511651857836796,88.6707271935266,96.7750754312249,75.51557879363872,73.82138916501054,39.23365438452646,66.82887818263393,40.743057568807046,105.49373732788166,106.5907622849198,88.53592722108868,52.61567121953422,78.06331129109708,46.221171382162936,45.56759067071495,54.79910805297578,36.42616529064736,85.04564622773239,40.743057568807046,96.74719211979038,51.485825345476655,59.26356190203097,85.25180065938406
