,topology_carcinoma_1_clean_mac.csv,topology_ad_carcinoma_11_clean_mac.csv,topology_ad_carcinoma_9_clean_mac.csv,topology_dysplasia_16_clean_mac.csv,topology_carcinoma_19_clean_mac.csv,topology_ad_carcinoma_5_clean_mac.csv,topology_dysplasia_5_clean_mac.csv,topology_ad_carcinoma_13_clean_mac.csv,topology_carcinoma_11_clean_mac.csv,topology_carcinoma_5_clean_mac.csv,topology_carcinoma_16_clean_mac.csv,topology_ad_carcinoma_6_clean_mac.csv,topology_carcinoma_15_clean_mac.csv,topology_carcinoma_10_clean_mac.csv,topology_ad_dysplasia_2_clean_mac.csv,topology_carcinoma_3_clean_mac.csv,topology_dysplasia_4_clean_mac.csv,topology_carcinoma_12_clean_mac.csv,topology_dysplasia_6_clean_mac.csv,topology_dysplasia_8_clean_mac.csv,topology_dysplasia_18_clean_mac.csv,topology_dysplasia_7_clean_mac.csv,topology_carcinoma_2_clean_mac.csv,topology_ad_carcinoma_15_clean_mac.csv,topology_carcinoma_4_clean_mac.csv,topology_ad_carcinoma_4_clean_mac.csv,topology_ad_dysplasia_7_clean_mac.csv,topology_ad_carcinoma_1_clean_mac.csv,topology_dysplasia_9_clean_mac.csv,topology_carcinoma_20_clean_mac.csv,topology_ad_carcinoma_12_clean_mac.csv,topology_ad_dysplasia_1_clean_mac.csv,topology_dysplasia_1_clean_mac.csv,topology_ad_dysplasia_8_clean_mac.csv,topology_ad_dysplasia_6_clean_mac.csv,topology_carcinoma_18_clean_mac.csv,topology_dysplasia_11_clean_mac.csv,topology_ad_carcinoma_7_clean_mac.csv,topology_ad_carcinoma_2_clean_mac.csv,topology_ad_dysplasia_5_clean_mac.csv,topology_carcinoma_6_clean_mac.csv,topology_dysplasia_10_clean_mac.csv,topology_dysplasia_12_clean_mac.csv,topology_ad_dysplasia_3_clean_mac.csv,topology_carcinoma_8_clean_mac.csv,topology_dysplasia_19_clean_mac.csv,topology_dysplasia_17_clean_mac.csv,topology_dysplasia_14_clean_mac.csv,topology_ad_dysplasia_4_clean_mac.csv,topology_dysplasia_3_clean_mac.csv,topology_dysplasia_2_clean_mac.csv,topology_ad_carcinoma_8_clean_mac.csv,topology_carcinoma_17_clean_mac.csv,topology_carcinoma_9_clean_mac.csv,topology_ad_carcinoma_14_clean_mac.csv,topology_carcinoma_14_clean_mac.csv,topology_ad_carcinoma_10_clean_mac.csv,topology_dysplasia_15_clean_mac.csv,topology_carcinoma_7_clean_mac.csv,topology_ad_dysplasia_9_clean_mac.csv,topology_ad_carcinoma_3_clean_mac.csv,topology_dysplasia_13_clean_mac.csv,topology_ad_dysplasia_10_clean_mac.csv,topology_carcinoma_13_clean_mac.csv
topology_carcinoma_1_clean_mac.csv,0.0,2047.207461202567,1586.656296234003,1801.3985001298843,2009.6850900392888,1704.3977001734168,1958.2174971348973,1695.5251843921428,1087.4235220976136,1851.9549065622277,1347.3220392701116,1814.5165136481246,1711.1876715101291,1401.0826723819512,1446.2704271584864,1460.7540755525995,2400.016964996862,1028.01032077942,2071.7383178960736,2112.455426298084,1934.4412669081935,2152.2035362821107,1247.5999629237442,1773.4221128428178,1199.3231451400845,1632.6126339928019,1595.230333642804,1693.79267228496,2411.148903146747,1231.7775171901917,1903.2690497035876,1156.0936056026767,1464.679196044616,1869.1271326320818,1644.8847771919352,1734.9948483897788,1754.5123932841354,1484.4821412254591,1696.9584645251239,1765.7164513194502,1514.7382697825951,2143.622448102938,1968.2915363221969,1678.38085571602,1060.398763463694,2017.9207743553995,1995.3618938194531,1916.2888612488064,1756.614961286015,2346.0892011278465,2241.612429275657,1285.8459222131048,1115.9971685620376,917.6489809479816,1842.0741525043327,1463.9016092045188,1642.2443507721148,1970.7268045606806,1372.842124426326,1857.3970620989546,1766.5651215299845,1890.4612725329675,1213.7757995961024,1000.4802765391718
topology_ad_carcinoma_11_clean_mac.csv,2047.207461202567,0.0,603.9876352754617,279.3093929007497,1123.8667394784952,502.5447558846527,826.5760891917098,418.6824801946815,1323.2570837613507,3267.744398377722,2131.8888333580303,257.4732292521852,1778.1782155289375,1797.8468442190272,749.9858123150785,911.7697080522126,742.7804493598472,1624.1867204982013,309.16856787819955,416.32363181585765,237.74276983081887,423.5604647232304,2330.501159607809,309.52175305167054,2489.1767137217,687.0433914963654,769.139258263727,824.773566221285,784.6174512369779,1566.4764700137132,216.82722296500305,1205.1212096863308,1532.2191440968363,193.7401040941041,454.14063692721163,825.9005691677289,623.4126470014232,715.214509484875,437.730285102047,340.8843788824989,1140.8924297678298,515.6444327605121,468.922146051628,393.2633940286347,1573.3417254562605,230.4648892308653,180.33348377329673,253.8725898940345,319.52609962109835,657.4123110609466,1016.7714193147236,1298.4740961094665,1214.6693387191035,1876.710583637291,437.9321262821973,933.0554418519606,753.5399737052885,244.92377640217893,1086.9909957255,207.59656095388243,730.0013908783114,390.7940014733119,1063.3036838670066,1426.7555059223384
topology_ad_carcinoma_9_clean_mac.csv,1586.656296234003,603.9876352754617,0.0,492.8253784855378,1017.1331747653804,471.543405705565,771.9967537625821,404.5519428629095,898.9190552692655,2824.9024347472387,1721.5789279030553,501.7577391710838,1527.3719558843882,1429.3810463889727,501.0257835261494,701.8622887801635,1089.3367715248505,1237.8827274160574,656.9595828646658,726.9813301955094,574.3460477472564,769.7077753934576,1860.6027462547286,461.35485688935466,2067.8111262473567,575.2384243495479,621.4696187655392,727.7042556898455,1122.0181568644552,1178.9055229294243,540.9658981333985,826.0254021656905,1223.8263999877481,522.8730356989403,501.032706519766,765.027734489201,635.354342658695,474.2312509832533,466.8043013374954,447.9833070611382,949.3210352558493,770.1662628438085,757.067888407568,483.6204232341088,1117.694244194915,644.1024645820347,620.0183115268626,515.9541244285858,499.6776259567093,998.3314018634967,1201.8315802873174,929.2301365339376,840.0684756160534,1454.8629040523476,473.23562521761255,742.394154845826,653.1770624027422,588.872565474125,794.7074255243692,510.2842413691053,779.2252748289982,552.6281078971042,705.9806551970112,1046.1175527936214
topology_dysplasia_16_clean_mac.csv,1801.3985001298843,279.3093929007497,492.8253784855378,0.0,1070.9263363575071,339.5789529496284,741.174147208003,260.6380858662521,1088.4036184940242,3099.1539926515075,1918.12718921237,157.3079369477121,1603.861832379779,1626.5618535739309,557.3791642613947,736.278748682301,830.8988987351406,1382.8449203641912,437.2763965701928,452.07475486795056,192.33171462297798,464.87271161775624,2111.1276806091287,210.95830448532058,2299.136167222774,556.3681733041351,627.7229043158732,705.8883919106523,816.9727471201126,1369.103616237857,182.91744109220593,990.3429735899197,1359.676103069071,162.4179593558305,250.99516994132262,737.4488875887247,584.9802505721714,516.2321503066751,299.0880830290093,287.20293738843134,1076.343934464852,490.17339896451665,456.6578068460447,229.77762851995894,1334.9330545013283,304.8452791746455,231.89946189699162,236.7201352833743,200.1109886269375,776.9147219272404,1006.4166707881741,1101.2829491018795,981.611714344705,1651.191493930781,370.9125724726591,826.4597273011111,598.3488897413433,251.38810415377725,855.8190174803719,157.42591238932766,636.3108637375253,302.3939440850541,866.705829479809,1202.161558805475
topology_carcinoma_19_clean_mac.csv,2009.6850900392888,1123.8667394784952,1017.1331747653804,1070.9263363575071,0.0,1043.1019899876487,866.19598088756,1059.2842020605922,1417.0000694937853,3240.530983971325,1839.8864856650307,1140.0205686071795,1313.4088009315994,1504.9761276587865,1176.3419667277412,1028.1505936169856,1264.1759385206092,1692.098104122416,1045.129192775703,1221.0132701775044,1208.746103612744,1413.9146658180432,2208.805132914533,1091.8647248247278,2189.931639018692,1176.7297043646606,1186.2507467473717,1388.02928549565,1284.7514399661382,1313.220607785226,1120.8481730136243,1350.790156111035,1191.0365194018193,1184.3892915819174,1067.4786775581306,930.9415366787541,950.4040539318836,1103.6652105399344,1004.3844644908418,1128.0553535562933,1059.9868109660295,1137.0300100691284,849.6645381822028,1086.8153973790381,1584.3729732617678,1159.9131356120768,1107.1218563991313,1058.7321376689856,1154.0932797620578,1027.817081731731,967.8074253090887,1364.7291022147888,1345.6138445046415,1831.1445574887493,985.6472925416035,1361.222492506071,967.282936133834,1181.315748316172,1144.0586148835287,1172.7365310383377,837.6768388638843,1092.8479372198256,1218.1008335335428,1526.5578517349584
topology_ad_carcinoma_5_clean_mac.csv,1704.3977001734168,502.5447558846527,471.543405705565,339.5789529496284,1043.1019899876487,0.0,724.2979235524804,349.9861476208018,1009.569060096708,2975.8656249642536,1826.4904105751166,353.98149588322536,1568.8943893371263,1548.688568993563,554.378204943082,727.867498952925,973.1377034917484,1312.4609333139433,562.7853700822395,555.9751268322391,421.22775137178917,609.279433029568,2008.0157578371213,338.3940614058999,2201.8939554133954,558.1900144660733,655.6440736763623,690.5284443960016,990.611517733854,1275.4876792562256,364.55770466529714,914.0598529738329,1315.6516171026458,363.92651793848535,328.8553744273167,741.7120534939019,595.6811740241179,431.3699207717704,319.55250353935884,374.6543394657384,1066.670758536632,650.8975927546976,624.2409016110678,339.50524206351275,1221.2977152104536,502.0199574537902,475.6337784193263,434.1608049625252,325.16568159803677,921.863254446125,1084.7124710386056,1026.584943298207,911.8658774381902,1552.5128426433878,454.7859468022386,711.6051567273565,624.2200794250077,418.252344538613,840.469392206346,352.3860932708142,738.6686314006251,404.3253091125084,829.9034962877859,1118.3706859903002
topology_dysplasia_5_clean_mac.csv,1958.2174971348973,826.5760891917098,771.9967537625821,741.174147208003,866.19598088756,724.2979235524804,0.0,746.2508316176477,1313.3281029947057,3215.593541271894,1829.955127144256,819.7303907897965,1426.0068284037793,1515.4545010373865,929.9841813404419,777.9793600272185,1022.2455535661866,1628.508372816818,723.2357210606331,843.1150761055144,814.8330310090244,927.6326013810472,2159.0170533647815,771.2223064194661,2252.7159820081383,996.5845122029971,1023.8730995520802,1229.9539551564974,864.2681714884139,1313.704381456814,778.6242454391047,1150.6138437918223,1269.5636046411867,830.0760795991425,726.8576264313028,745.9864930574652,730.0703419214576,861.4747816766637,696.3499484419522,876.164716776045,1026.9201152018422,802.2861185642818,630.8892670710491,801.4926893759553,1512.8179954844456,843.4704076706084,773.6239567956015,754.3719250928036,806.5773921252392,845.1372039630664,869.395377170164,1294.8763585401339,1189.4261359934626,1776.2647977105719,689.8455656147794,1233.8656010857133,816.7305052384093,822.7467829586169,939.0758769445988,817.4974963776465,619.2916457863712,653.261055215348,1081.5348349225908,1441.3156367654267
topology_ad_carcinoma_13_clean_mac.csv,1695.5251843921428,418.6824801946815,404.5519428629095,260.6380858662521,1059.2842020605922,349.9861476208018,746.2508316176477,0.0,1001.7287560094485,2971.066671732109,1807.4889709562299,310.66267174694656,1499.3844795016007,1478.1296964481237,471.1279239211566,651.806746388763,937.2662106181699,1266.6529364061537,514.8623336735648,566.8464968692892,350.32108120364455,583.4702262675204,1963.4138446834168,248.44797769359488,2180.36524452568,468.94509756927374,647.6103793746385,692.5043661802912,956.1484474033828,1236.3669480507876,344.47367884374273,900.2980417158442,1270.3226019154679,298.9556967985402,263.38537192584204,657.0041901878808,559.8458597838107,431.6168630102394,310.1917560164674,302.07287294505863,1008.88627522015,604.5318858230024,579.2998740053406,318.4551915557611,1202.343646037081,455.5077362537337,411.8690909099232,344.7905682346056,294.0727138720895,908.7381889789493,1054.8545572417088,963.7828819967467,887.6653766795037,1532.5490972751,395.01054575824935,765.4492026823914,556.7532233349868,412.0781762663851,836.0036923353333,300.2716121919883,677.5038939384953,323.14711644358596,754.1418418694991,1090.6847477127226
topology_carcinoma_11_clean_mac.csv,1087.4235220976136,1323.2570837613507,898.9190552692655,1088.4036184940242,1417.0000694937853,1009.569060096708,1313.3281029947057,1001.7287560094485,0.0,2336.464148451225,1359.3649260006744,1130.3891703168636,1434.7897765481923,1179.0739022378636,833.5991996443454,920.9269851447045,1735.9528153014437,848.8231308905171,1347.7881772680514,1407.092370128502,1229.8320100303542,1436.7217005157581,1485.0568892129104,1045.0265735212397,1508.0449398123483,972.6312622762645,996.7326952924774,1034.5698121301639,1712.483662792181,1022.3505307928881,1200.6616406892153,819.5588219213839,1108.9234305773803,1164.6092255432118,954.4398747996205,1069.4063537869717,1053.0663822927509,813.710514762803,981.7813687443884,1058.6065918606964,1020.9024149398401,1436.8360114919753,1324.9157553262446,1012.6493184502201,830.8567340679639,1310.4898121944238,1276.6444284132158,1187.485136141067,1075.6459247392102,1649.0039689017856,1569.4659832082764,834.4417688519521,750.7397861702026,992.9283213648403,1147.913813261462,946.2141433993854,946.9357093948504,1266.9313671607788,889.4177114289237,1151.384798932037,1193.053580234254,1157.9527322168606,764.5220898411148,806.0876497070867
topology_carcinoma_5_clean_mac.csv,1851.9549065622277,3267.744398377722,2824.9024347472387,3099.1539926515075,3240.530983971325,2975.8656249642536,3215.593541271894,2971.066671732109,2336.464148451225,0.0,2246.674796817795,3177.30355724647,2895.712229355383,2428.1841711969737,2712.7854746595567,2719.6336094041994,3750.75804435999,2032.0746638055894,3308.076946352176,3411.590963711674,3236.788615351109,3443.179649228279,1781.629708104676,3060.2896753410887,1701.1558686654184,2778.8985883949017,2785.190198842113,2743.912027378645,3710.26414221683,2465.3850627040524,3234.0226197612074,2401.531194271041,2583.1765613106954,3193.4811790900567,2967.949547422374,2994.0593411703417,3037.636223262245,2774.3110974626056,2953.5715519220184,3061.67847338083,2711.041653348391,3393.7491325337965,3274.902669407608,3051.3124580030076,2138.2529534141618,3339.0666101353904,3272.1921360408,3117.241243747009,3079.1543693125586,3567.9992147995904,3479.6702489191866,2348.1539608151925,2290.9474927509855,1961.0759337694224,3079.3798358416307,2597.663741978282,2880.2664561354354,3269.4880928014154,2676.771717667413,3185.5265629520036,3123.779035353358,3113.9019912174927,2520.1608328568705,2266.8630378921316
topology_carcinoma_16_clean_mac.csv,1347.3220392701116,2131.8888333580303,1721.5789279030553,1918.12718921237,1839.8864856650307,1826.4904105751166,1829.955127144256,1807.4889709562299,1359.3649260006744,2246.674796817795,0.0,1984.5071219325932,1392.3118076018836,1099.3509330626407,1667.4650162148864,1455.104324117087,2503.9796666677717,1513.5517560742792,2116.1782105796105,2204.4042160450244,2083.1761875073385,2281.4211127073604,1133.2732402583201,1886.5930049887554,1477.2394617105015,1879.3400062733763,1796.787505405472,1991.6460612661556,2379.6260540624844,1185.0877528108613,2048.255443967469,1328.691716025553,1343.8901348988163,2037.883436871817,1792.4903113928765,1590.1790280399891,1716.1220280000928,1656.038368737132,1770.2796381382113,1941.5864661139778,1437.5645706486976,2165.0055877935133,1970.7660561617463,1852.3011996392484,1495.1800393284586,2130.1572158354866,2103.0614103687294,1977.7962297732815,1932.873557048015,2334.191828386096,2087.606747860711,1506.1045736639276,1367.1384529114762,1235.219522571484,1892.544322991792,1843.2583836627132,1599.265964399564,2135.5495025356563,1351.919964256091,2027.732593445703,1792.9724048026603,1925.9345425127706,1379.329910059028,1384.9295020667018
topology_ad_carcinoma_6_clean_mac.csv,1814.5165136481246,257.4732292521852,501.7577391710838,157.3079369477121,1140.0205686071795,353.98149588322536,819.7303907897965,310.66267174694656,1130.3891703168636,3177.30355724647,1984.5071219325932,0.0,1690.1731583670175,1695.1310289538544,551.9160728422261,794.6823008713355,819.4463849247965,1454.4348340829977,416.9530725649339,401.4216547763349,137.8005491689972,467.02838909485183,2165.865038927942,224.85388068680962,2372.4808184014696,545.1687511112373,669.3421789390993,632.8380730022037,858.3651729873814,1406.389062521985,156.0154763247015,993.3535512496965,1431.736178654795,72.37191200704271,292.6045880960876,772.1358432337413,625.1738470813144,516.7476982715089,336.7550873605665,173.66990620896365,1144.2882723184714,536.8393650039891,519.016372770687,250.18985040368352,1354.9847976420638,238.72598368515781,229.4032457530448,251.6260151257082,161.31889210621983,819.007726477511,1103.4265366687364,1138.4152186474175,1040.8105830549127,1698.0916927753108,402.944787120108,762.9711459495732,648.1689150373251,197.44767039863768,932.1229891475068,75.79309471612673,726.2726574403047,326.38739136670404,881.9234450308571,1193.1161390775308
topology_carcinoma_15_clean_mac.csv,1711.1876715101291,1778.1782155289375,1527.3719558843882,1603.861832379779,1313.4088009315994,1568.8943893371263,1426.0068284037793,1499.3844795016007,1434.7897765481923,2895.712229355383,1392.3118076018836,1690.1731583670175,0.0,1184.22517954586,1442.6881157030552,1206.5992607800017,1992.205068480957,1633.1060341367474,1717.4389658612313,1893.0352081126453,1768.8874853665297,1970.5329891706333,1915.2713384079254,1583.1070614100158,1786.7175159762182,1602.72564466229,1530.1406672045111,1833.556887411674,1914.3246060983665,1049.4841068040623,1757.9976176621317,1312.1551224046916,956.6169624250165,1734.4286927784076,1532.1194240260888,1211.397523854602,1386.531534619706,1428.704287241944,1504.7305411268867,1639.9319781517963,1091.2668793899031,1786.7378710211162,1467.4364290754456,1577.404623757055,1599.627123341341,1820.4498649608593,1782.28658131684,1602.4733410379538,1653.9883596290153,1811.6931423296464,1526.2156423030074,1425.5325767933068,1334.6098003095558,1617.9061989646077,1569.1879901820996,1748.3419509735788,1353.8929909101273,1822.7376116460925,1191.9524238059093,1721.797668853899,1293.0986760915582,1593.0714630448747,1303.156051877318,1416.0039444674117
topology_carcinoma_10_clean_mac.csv,1401.0826723819512,1797.8468442190272,1429.3810463889727,1626.5618535739309,1504.9761276587865,1548.688568993563,1515.4545010373865,1478.1296964481237,1179.0739022378636,2428.1841711969737,1099.3509330626407,1695.1310289538544,1184.22517954586,0.0,1368.8684966539795,1161.7114426831206,2186.323659032105,1317.7291139370934,1773.553698661844,1929.9968808971116,1774.5442052734977,1984.9058864172443,1376.3900820212993,1586.4130349547265,1419.677778647342,1577.4050855223045,1490.139645079073,1683.8526545853908,2120.8182387321176,957.622923689797,1758.7854134290972,1111.3201834615434,1106.4969659027004,1742.8986263304391,1501.7156009367063,1306.935590831949,1445.965212964827,1407.1330601445106,1465.0940098169262,1641.4277846368777,1158.6980937978774,1881.6509417202583,1684.1613755399078,1606.080771046949,1328.1488474866715,1864.7870517127678,1820.8141625089568,1645.8504830452403,1646.4045286569647,1929.1243723804519,1707.5183418027777,1299.6667835970634,1149.442024890664,1239.2404939069165,1586.4732509548867,1606.335431580881,1320.396134377078,1850.527085446582,1170.7139780044872,1734.485042586416,1542.5510815058947,1593.7163987786164,1142.3076693105454,1220.4000896166485
topology_ad_dysplasia_2_clean_mac.csv,1446.2704271584864,749.9858123150785,501.0257835261494,557.3791642613947,1176.3419667277412,554.378204943082,929.9841813404419,471.1279239211566,833.5991996443454,2712.7854746595567,1667.4650162148864,551.9160728422261,1442.6881157030552,1368.8684966539795,0.0,585.2452628995371,1228.0731943120766,1029.541829290513,808.0557928282833,847.6305720247253,628.8542750970705,854.0608631952904,1775.2584664918697,525.3566206288158,1947.7205304483755,626.0443470708441,588.5023732162833,810.5719021538512,1263.8552227070772,1074.2968559989504,594.6499602372203,711.874050213559,1210.1647844222575,556.2457082209745,435.69538316650613,795.9404934081468,720.3174386284563,499.91748373754945,560.7161753557805,469.34922128986057,957.2297789431327,940.0804099552106,902.3521822059353,455.681939137631,1009.4509424910171,728.5441760114179,717.1975918067404,665.0339521309209,495.1862212826773,1167.6596386890633,1295.2520212915388,808.5488267707003,727.9497067939853,1321.111830040314,610.8518925487074,719.3427379828302,740.0162783727307,670.2075176953738,695.2490073344218,569.8783098186511,881.8714847492877,661.6950916327414,581.527661659749,836.8012628945411
topology_carcinoma_3_clean_mac.csv,1460.7540755525995,911.7697080522126,701.8622887801635,736.278748682301,1028.1505936169856,727.867498952925,777.9793600272185,651.806746388763,920.9269851447045,2719.6336094041994,1455.104324117087,794.6823008713355,1206.5992607800017,1161.7114426831206,585.2452628995371,0.0,1357.5144755584492,1206.5456495428675,944.5969853832518,1017.4073896984598,865.1867203287704,1084.4492460245542,1641.2727813694296,724.4403942848319,1757.8575581783316,948.356089280569,947.8279381898334,1114.042134221614,1309.4190768821031,912.1739581656897,846.9570573241347,761.7927757588279,996.9754284828064,812.34337070355,639.460237383895,767.3171126377101,782.5434790360932,702.4630018651072,659.324873946569,781.5509969989539,887.0708323050856,1020.0368393139127,889.7863454670221,673.5427942842871,1076.3286138817266,959.828879929456,936.055253026514,772.6291661844215,772.7557872653964,1198.4281565614458,1102.4178202462215,956.14818748469,839.2766884482703,1321.4386193624896,779.3252650047012,1129.5214769676766,651.6418776809228,926.9687659135942,653.423849655499,799.8680158060503,821.6210654156287,733.9067363166131,663.0197242730023,1000.935507878049
topology_dysplasia_4_clean_mac.csv,2400.016964996862,742.7804493598472,1089.3367715248505,830.8988987351406,1264.1759385206092,973.1377034917484,1022.2455535661866,937.2662106181699,1735.9528153014437,3750.75804435999,2503.9796666677717,819.4463849247965,1992.205068480957,2186.323659032105,1228.0731943120766,1357.5144755584492,0.0,2033.654718996941,718.6865401434108,638.7445912447539,782.3054458753504,785.8261699756854,2740.850676680886,873.5546848399046,2861.5369200191135,1222.1688227973032,1185.0354986150887,1370.480329830384,788.0866544886007,1920.601737973755,783.0119522251321,1656.3756327439369,1927.6258105471893,826.3742214217041,955.3545569613782,1210.2564057794407,1021.6229618079607,1198.859674203577,961.4546286960111,936.5614035069383,1447.8515522874136,728.834619506692,771.5973203866179,910.4817342836599,1984.0053664425109,749.2321649472702,728.1784235961206,837.2624915596172,904.4241687385265,733.8354739574725,1210.007548971858,1730.071012767794,1681.952264824144,2283.970714925963,840.559334121766,1466.3206506892475,1249.9825203949367,764.2520805688794,1426.3027540783137,818.9999597421153,942.6423256203445,812.4980502457357,1517.092285096192,1863.8616440056599
topology_carcinoma_12_clean_mac.csv,1028.01032077942,1624.1867204982013,1237.8827274160574,1382.8449203641912,1692.098104122416,1312.4609333139433,1628.508372816818,1266.6529364061537,848.8231308905171,2032.0746638055894,1513.5517560742792,1454.4348340829977,1633.1060341367474,1317.7291139370934,1029.541829290513,1206.5456495428675,2033.654718996941,0.0,1650.718987438578,1718.2790551759103,1537.8132298485689,1760.2296016741427,1482.319963444071,1377.365723016275,1370.5103577990603,1161.5775080417477,1130.6997799039837,1199.435838862731,2025.0114065824182,1138.273540093287,1525.0563406872457,1011.8616390428463,1274.4100346750456,1487.7114882002322,1233.7969838400336,1344.0398335547002,1389.40104595494,1085.9342151557842,1300.130029462564,1357.5883132161207,1239.4790482856793,1729.9310202803176,1635.7398193920944,1340.3087651535309,780.7990678058961,1625.168050723969,1581.719582687887,1490.71354066648,1372.733193757846,1936.3953704348576,1867.0848435764108,851.5732585866704,828.4495953572277,904.3465188585718,1422.4761535817418,1075.908532688975,1246.3729136586467,1576.1775202431731,1165.6039137510024,1478.3557306817243,1511.8391368318742,1464.65451090094,933.1738015965735,856.6977594777177
topology_dysplasia_6_clean_mac.csv,2071.7383178960736,309.16856787819955,656.9595828646658,437.2763965701928,1045.129192775703,562.7853700822395,723.2357210606331,514.8623336735648,1347.7881772680514,3308.076946352176,2116.1782105796105,416.9530725649339,1717.4389658612313,1773.553698661844,808.0557928282833,944.5969853832518,718.6865401434108,1650.718987438578,0.0,516.5481631947375,449.9163736952388,571.2577149434227,2345.182070905345,467.77377708856056,2500.85233603446,792.4206645250663,845.6761439573149,976.5555036672002,680.7364332925415,1586.3187619246078,380.0787320894795,1261.8560930773851,1507.7683186428517,409.44578022680463,522.5150520401061,806.2739148893455,605.1976896387777,774.6315861019871,559.2959440812888,528.8802465674489,1165.6817113662937,567.7233130039592,435.18806953675073,532.1272109449803,1610.806010865847,445.46645478874694,368.5204359677804,398.28057783536,505.82515592426296,664.3367343350086,1074.5137371803792,1325.0262002223508,1246.1986646121281,1885.4729167132814,417.77791483834216,1058.4033162604424,785.1332963381237,399.81016833042736,1090.1845526433692,416.98634668764305,704.5611422277659,426.6022356954702,1108.3852662363415,1458.9481344691417
topology_dysplasia_8_clean_mac.csv,2112.455426298084,416.32363181585765,726.9813301955094,452.07475486795056,1221.0132701775044,555.9751268322391,843.1150761055144,566.8464968692892,1407.092370128502,3411.590963711674,2204.4042160450244,401.4216547763349,1893.0352081126453,1929.9968808971116,847.6305720247253,1017.4073896984598,638.7445912447539,1718.2790551759103,516.5481631947375,0.0,335.7010929327606,484.5684529466975,2431.0246781275923,497.1422614890384,2614.984893719949,815.7378172309463,881.8135018541815,958.3000009338075,787.1387546439367,1653.2548790339451,378.2955419189927,1272.5044043332546,1673.1130042364641,378.46862102136913,565.2150019639018,993.2827790574436,776.9209748342338,801.8379582867158,605.1201360170327,497.52467270633423,1329.1911788387054,516.8474941359949,647.7704371635621,541.5035890786037,1659.4798363222285,337.2741795871493,409.7299221531666,472.8707416633971,483.87287709217725,756.6704644928302,1175.54563928421,1405.381369451854,1305.018454158527,1967.08835503672,608.2719493320266,1031.2055556363741,895.0386454692355,375.7081600686015,1118.1646524692399,384.9985106258129,845.2746001643683,465.75064561168034,1159.8144734040072,1507.2955743363314
topology_dysplasia_18_clean_mac.csv,1934.4412669081935,237.74276983081887,574.3460477472564,192.33171462297798,1208.746103612744,421.22775137178917,814.8330310090244,350.32108120364455,1229.8320100303542,3236.788615351109,2083.1761875073385,137.8005491689972,1768.8874853665297,1774.5442052734977,628.8542750970705,865.1867203287704,782.3054458753504,1537.8132298485689,449.9163736952388,335.7010929327606,0.0,395.89981622138515,2262.034897809467,257.7615351512205,2450.422448955159,594.7221130632033,774.3948366082655,705.5326258037044,839.7702295741774,1491.5092589893102,167.15875546310102,1094.2938197445337,1511.240711551028,80.2916361008044,357.3260023849781,842.0267340064537,695.6952209131288,615.0822883257761,408.3979533735578,227.4359108891992,1228.1433338579056,466.21923432478764,553.7426538472595,300.3469371945693,1474.5017696027367,236.11503538692173,230.75445073922296,255.95991497281037,206.0776316277986,833.5506379293072,1080.2408654477595,1223.6596995091497,1130.762943184415,1791.1225961999328,475.537734498418,829.6011956978639,702.4795411755981,208.11082749429517,1025.9043831423326,94.14809296058269,799.1120557043535,303.7045478384746,967.2899979680509,1302.2231786453335
topology_dysplasia_7_clean_mac.csv,2152.2035362821107,423.5604647232304,769.7077753934576,464.87271161775624,1413.9146658180432,609.279433029568,927.6326013810472,583.4702262675204,1436.7217005157581,3443.179649228279,2281.4211127073604,467.02838909485183,1970.5329891706333,1984.9058864172443,854.0608631952904,1084.4492460245542,785.8261699756854,1760.2296016741427,571.2577149434227,484.5684529466975,395.89981622138515,0.0,2462.1857917676443,467.35516159590986,2651.9199400792168,846.5328796706646,971.443490375799,1006.346157645041,785.3941611828488,1695.724067224589,435.9133473625841,1351.6528582275653,1707.3343563242433,423.83807606804703,572.8270622467059,1018.0741040192838,810.803602000969,864.0919621408467,644.598222869318,566.9430715140901,1374.8420330061074,595.3530317711442,779.8957257548967,492.03291109570193,1695.0640076435732,471.9919737231137,448.4953674439747,454.95767481484006,522.5452751444601,929.8794143404905,1085.9382915499787,1420.3861160398715,1360.9539817450739,2003.1340439197736,642.192917644571,1107.2192126936902,909.7558708896426,468.239386251533,1248.8741058770468,411.2176112863011,975.3194912469837,544.3125600498239,1196.5397997608318,1535.8097039498653
topology_carcinoma_2_clean_mac.csv,1247.5999629237442,2330.501159607809,1860.6027462547286,2111.1276806091287,2208.805132914533,2008.0157578371213,2159.0170533647815,1963.4138446834168,1485.0568892129104,1781.629708104676,1133.2732402583201,2165.865038927942,1915.2713384079254,1376.3900820212993,1775.2584664918697,1641.2727813694296,2740.850676680886,1482.319963444071,2345.182070905345,2431.0246781275923,2262.034897809467,2462.1857917676443,0.0,2075.008023863094,1409.4744622506612,2003.4382759918674,1881.1049531832805,2092.985563628498,2661.457839921918,1384.8605558705808,2242.5956730032112,1355.8334735907804,1644.3741496781238,2216.7628923198026,1989.7940194353496,1923.3403004278944,1986.410442882444,1816.0028443636145,1977.482718787669,2100.174714859739,1739.1484353139952,2412.557177462073,2257.8140552039217,2031.8525244988134,1441.9406411622006,2341.9274043229766,2308.0663167748244,2185.5211320234666,2109.605681973756,2607.9159970795736,2458.3471167541957,1574.31357612006,1431.6325072913955,1209.9613974157078,2102.6113065783948,1894.254034804485,1861.3910472190898,2321.5009737886207,1608.745867135719,2203.361163753147,2125.898762291386,2133.987977270348,1478.9093306046527,1416.714595822336
topology_ad_carcinoma_15_clean_mac.csv,1773.4221128428178,309.52175305167054,461.35485688935466,210.95830448532058,1091.8647248247278,338.3940614058999,771.2223064194661,248.44797769359488,1045.0265735212397,3060.2896753410887,1886.5930049887554,224.85388068680962,1583.1070614100158,1586.4130349547265,525.3566206288158,724.4403942848319,873.5546848399046,1377.365723016275,467.77377708856056,497.1422614890384,257.7615351512205,467.35516159590986,2075.008023863094,0.0,2285.3308763587484,525.8812220303423,719.4758574579163,687.3328499595581,916.8363952421244,1330.0375969301426,257.06298377326,992.2375221530324,1343.760933204909,195.75939555343354,268.5745324572629,733.4708331895063,582.0982019944639,511.0127114196489,294.2384115340217,284.3112946093196,1026.9068367604093,550.9081772915999,507.29703331746236,185.9652967599208,1307.3593307432686,356.8973470794594,316.34304495314313,212.87863223700452,204.2437200596923,794.87121322359,1008.0988362990154,1059.3731712419894,991.0482976282044,1630.6869706578414,433.3095327458609,799.7003438969821,612.2334274862525,314.50426951885106,915.4835149603945,194.8012424556199,609.7157166699569,313.6941944256771,840.2710448774403,1167.2310388485087
topology_carcinoma_4_clean_mac.csv,1199.3231451400845,2489.1767137217,2067.8111262473567,2299.136167222774,2189.931639018692,2201.8939554133954,2252.7159820081383,2180.36524452568,1508.0449398123483,1701.1558686654184,1477.2394617105015,2372.4808184014696,1786.7175159762182,1419.677778647342,1947.7205304483755,1757.8575581783316,2861.5369200191135,1370.5103577990603,2500.85233603446,2614.984893719949,2450.422448955159,2651.9199400792168,1409.4744622506612,2285.3308763587484,0.0,2030.243913083396,2026.9076745726925,2049.463657687118,2772.6126402771715,1456.3574143480064,2433.5192912440143,1628.8132196532501,1519.8655769383508,2419.904580138642,2174.3470216840396,1963.539194450061,2117.262835982047,1941.8088131851189,2137.290038137519,2296.4897560253394,1681.8072240270142,2509.269879495933,2327.2242177231437,2233.7061821584566,1336.8086862221892,2533.582928356988,2505.562850499414,2326.5248018289144,2305.233432226137,2652.9522198469886,2383.1067422882543,1584.4086580696114,1547.5305895452332,1242.125602767423,2243.391684830305,1881.5053261022922,1893.9639581908043,2506.5683583417563,1772.6765436912965,2406.4366511915537,2139.1878740273573,2324.0518840085588,1625.9225004574178,1525.5718783699954
topology_ad_carcinoma_4_clean_mac.csv,1632.6126339928019,687.0433914963654,575.2384243495479,556.3681733041351,1176.7297043646606,558.1900144660733,996.5845122029971,468.94509756927374,972.6312622762645,2778.8985883949017,1879.3400062733763,545.1687511112373,1602.72564466229,1577.4050855223045,626.0443470708441,948.356089280569,1222.1688227973032,1161.5775080417477,792.4206645250663,815.7378172309463,594.7221130632033,846.5328796706646,2003.4382759918674,525.8812220303423,2030.243913083396,0.0,633.9724662274102,564.563519734574,1279.2676316095767,1354.492521741128,595.2608770426621,1003.1277739197898,1329.1075300992297,539.2585374087323,518.3036529459519,914.1832482989923,835.1625901713711,522.2964518941128,554.131629228275,509.3539878726625,1177.9363203444514,901.413882565811,900.7466793840695,581.6966598998904,1099.6372919987148,700.5087099826113,691.0045596139945,634.6011673694471,499.33304085267446,1152.1747272607263,1328.1988471384395,902.5932179696357,892.8520671676938,1492.1626168261816,679.8486791519887,619.1820028402332,720.3420662956783,643.8036605523978,1020.6726786616912,553.1149942685105,956.6987294768877,628.8307771175378,924.7112016178962,1119.503343135373
topology_ad_dysplasia_7_clean_mac.csv,1595.230333642804,769.139258263727,621.4696187655392,627.7229043158732,1186.2507467473717,655.6440736763623,1023.8730995520802,647.6103793746385,996.7326952924774,2785.190198842113,1796.787505405472,669.3421789390993,1530.1406672045111,1490.139645079073,588.5023732162833,947.8279381898334,1185.0354986150887,1130.6997799039837,845.6761439573149,881.8135018541815,774.3948366082655,971.443490375799,1881.1049531832805,719.4758574579163,2026.9076745726925,633.9724662274102,0.0,800.5228066701759,1257.1446256101995,1254.6730143264376,682.2093593065124,890.0835190827598,1285.7165186680295,709.511746687382,654.8564779398971,874.0930590753576,768.1031666982911,647.3935784723773,657.1785954754798,615.3766013742851,1004.325259833793,898.3798700729603,932.5771361378722,700.5565710419954,1092.7463034968846,732.0003120909174,707.1348821686892,767.4127388175411,650.4055529694641,1111.0188356661492,1347.6867106343664,888.223695661774,767.4294973925273,1404.2545718392662,655.4319795595706,697.6748502238054,836.9520277144802,703.2333416777294,899.1970672209904,696.2844336911758,1011.4749797955388,779.6804411899477,757.2693083964024,1021.0255483896024
topology_ad_carcinoma_1_clean_mac.csv,1693.79267228496,824.773566221285,727.7042556898455,705.8883919106523,1388.02928549565,690.5284443960016,1229.9539551564974,692.5043661802912,1034.5698121301639,2743.912027378645,1991.6460612661556,632.8380730022037,1833.556887411674,1683.8526545853908,810.5719021538512,1114.042134221614,1370.480329830384,1199.435838862731,976.5555036672002,958.3000009338075,705.5326258037044,1006.346157645041,2092.985563628498,687.3328499595581,2049.463657687118,564.563519734574,800.5228066701759,0.0,1415.9100387750016,1510.8933982662172,695.9895367172455,1153.0752035579205,1465.4318130003765,635.1360596636722,727.706072405218,1064.7402409907752,963.5791252930517,651.7330233037328,700.6784314914214,579.6101966556332,1350.7700541024483,1043.4578929512531,1043.2493012510545,685.2175220028919,1184.8982892714714,803.120744250504,797.0739728141928,815.7039985850408,569.9714557880613,1302.110820031986,1477.383432361514,1000.1586703088597,1106.6421765411965,1554.6790660836427,800.478035239629,571.7409785861281,832.0172255308249,736.0333985348975,1159.622819259936,630.2148402488959,1103.4014822473243,791.7861965101208,1051.3466103124515,1245.32389314507
topology_dysplasia_9_clean_mac.csv,2411.148903146747,784.6174512369779,1122.0181568644552,816.9727471201126,1284.7514399661382,990.611517733854,864.2681714884139,956.1484474033828,1712.483662792181,3710.26414221683,2379.6260540624844,858.3651729873814,1914.3246060983665,2120.8182387321176,1263.8552227070772,1309.4190768821031,788.0866544886007,2025.0114065824182,680.7364332925415,787.1387546439367,839.7702295741774,785.3941611828488,2661.457839921918,916.8363952421244,2772.6126402771715,1279.2676316095767,1257.1446256101995,1415.9100387750016,0.0,1822.748258339871,798.2674496755295,1647.287847809203,1813.7911418335943,860.4579349068373,942.5181850994207,1135.3995292858067,958.3617500057406,1209.901290059037,977.4585400385932,993.041598178699,1455.5610370195272,781.7114366883653,658.9820535142821,972.5422621191518,1943.1076856771851,779.1129661993524,767.4957554618885,825.452453444295,965.4301004435316,850.074271517022,1088.3495449099673,1703.230137168715,1654.5279853377629,2221.5026059059733,849.3645822000962,1537.3583761104574,1143.4773236573117,814.4210135567774,1389.3920056682482,852.8464288254447,889.0751045263557,835.4115854550026,1490.7068441114807,1816.7336879245308
topology_carcinoma_20_clean_mac.csv,1231.7775171901917,1566.4764700137132,1178.9055229294243,1369.103616237857,1313.220607785226,1275.4876792562256,1313.704381456814,1236.3669480507876,1022.3505307928881,2465.3850627040524,1185.0877528108613,1406.389062521985,1049.4841068040623,957.622923689797,1074.2968559989504,912.1739581656897,1920.601737973755,1138.273540093287,1586.3187619246078,1653.2548790339451,1491.5092589893102,1695.724067224589,1384.8605558705808,1330.0375969301426,1456.3574143480064,1354.492521741128,1254.6730143264376,1510.8933982662172,1822.748258339871,0.0,1475.633986863283,840.0939966329215,900.6486944500771,1452.1268686281367,1210.0767848784596,1064.7188079187074,1250.3952584961712,1148.102829941013,1235.7554636842758,1356.6447699961125,911.7122568551555,1592.8778675307392,1439.9158336781395,1259.5586233113327,1168.7310558903175,1573.1868612778505,1556.391775385727,1409.926172625568,1355.2711863613604,1732.094896980686,1545.6434648481513,1095.3714147854316,910.1954348909337,1146.9200308064324,1385.9412088186702,1358.614898809112,1119.2331843682514,1562.5736921521464,914.6007744336225,1438.709338459709,1262.6301581143177,1380.304695655343,870.8445207717814,919.9395613836355
topology_ad_carcinoma_12_clean_mac.csv,1903.2690497035876,216.82722296500305,540.9658981333985,182.91744109220593,1120.8481730136243,364.55770466529714,778.6242454391047,344.47367884374273,1200.6616406892153,3234.0226197612074,2048.255443967469,156.0154763247015,1757.9976176621317,1758.7854134290972,594.6499602372203,846.9570573241347,783.0119522251321,1525.0563406872457,380.0787320894795,378.2955419189927,167.15875546310102,435.9133473625841,2242.5956730032112,257.06298377326,2433.5192912440143,595.2608770426621,682.2093593065124,695.9895367172455,798.2674496755295,1475.633986863283,0.0,1060.9184609717029,1497.074660593136,107.93601992375861,345.06086477354137,798.4189172029963,594.4120149284522,573.1865119072199,372.6914338835399,250.2713938942406,1149.0525469625752,470.6470846232479,478.4168510783991,270.39786251219334,1427.3779320478484,193.45621156663032,168.26166497089446,285.2548563959903,193.6211873801595,750.1087573982113,1064.7921953579817,1218.585535234156,1107.9508895208849,1780.0718318069753,394.8983537707757,791.6352049750342,705.7226446479273,144.29169687992317,954.8552119881457,112.2343592329225,699.7693151813015,346.87309246121714,953.6795488247328,1264.8193713636656
