,topology_ad_dysplasia_1_clean_no_tumorales.csv,topology_carcinoma_19_clean_no_tumorales.csv,topology_dysplasia_19_clean_no_tumorales.csv,topology_carcinoma_11_clean_no_tumorales.csv,topology_ad_carcinoma_4_clean_no_tumorales.csv,topology_dysplasia_5_clean_no_tumorales.csv,topology_carcinoma_20_clean_no_tumorales.csv,topology_ad_carcinoma_14_clean_no_tumorales.csv,topology_ad_carcinoma_3_clean_no_tumorales.csv,topology_carcinoma_14_clean_no_tumorales.csv,topology_dysplasia_18_clean_no_tumorales.csv,topology_ad_dysplasia_2_clean_no_tumorales.csv,topology_ad_carcinoma_11_clean_no_tumorales.csv,topology_dysplasia_17_clean_no_tumorales.csv,topology_carcinoma_3_clean_no_tumorales.csv,topology_ad_dysplasia_4_clean_no_tumorales.csv,topology_ad_carcinoma_9_clean_no_tumorales.csv,topology_ad_dysplasia_3_clean_no_tumorales.csv,topology_carcinoma_16_clean_no_tumorales.csv,topology_ad_carcinoma_12_clean_no_tumorales.csv,topology_dysplasia_8_clean_no_tumorales.csv,topology_dysplasia_16_clean_no_tumorales.csv,topology_carcinoma_12_clean_no_tumorales.csv,topology_ad_carcinoma_10_clean_no_tumorales.csv,topology_ad_dysplasia_7_clean_no_tumorales.csv,topology_ad_carcinoma_8_clean_no_tumorales.csv,topology_carcinoma_15_clean_no_tumorales.csv,topology_ad_carcinoma_7_clean_no_tumorales.csv,topology_carcinoma_4_clean_no_tumorales.csv,topology_dysplasia_1_clean_no_tumorales.csv,topology_carcinoma_6_clean_no_tumorales.csv,topology_ad_carcinoma_15_clean_no_tumorales.csv,topology_carcinoma_8_clean_no_tumorales.csv,topology_dysplasia_11_clean_no_tumorales.csv,topology_ad_carcinoma_1_clean_no_tumorales.csv,topology_dysplasia_14_clean_no_tumorales.csv,topology_ad_carcinoma_13_clean_no_tumorales.csv,topology_ad_carcinoma_6_clean_no_tumorales.csv,topology_dysplasia_3_clean_no_tumorales.csv,topology_ad_dysplasia_8_clean_no_tumorales.csv,topology_dysplasia_13_clean_no_tumorales.csv,topology_carcinoma_9_clean_no_tumorales.csv,topology_carcinoma_10_clean_no_tumorales.csv,topology_dysplasia_7_clean_no_tumorales.csv,topology_dysplasia_6_clean_no_tumorales.csv,topology_dysplasia_15_clean_no_tumorales.csv,topology_ad_dysplasia_9_clean_no_tumorales.csv,topology_dysplasia_10_clean_no_tumorales.csv,topology_carcinoma_13_clean_no_tumorales.csv,topology_carcinoma_1_clean_no_tumorales.csv,topology_ad_carcinoma_5_clean_no_tumorales.csv,topology_ad_carcinoma_2_clean_no_tumorales.csv,topology_dysplasia_9_clean_no_tumorales.csv,topology_carcinoma_17_clean_no_tumorales.csv,topology_dysplasia_12_clean_no_tumorales.csv,topology_ad_dysplasia_10_clean_no_tumorales.csv,topology_dysplasia_4_clean_no_tumorales.csv,topology_carcinoma_5_clean_no_tumorales.csv,topology_carcinoma_2_clean_no_tumorales.csv,topology_ad_dysplasia_6_clean_no_tumorales.csv,topology_carcinoma_7_clean_no_tumorales.csv,topology_carcinoma_18_clean_no_tumorales.csv,topology_ad_dysplasia_5_clean_no_tumorales.csv,topology_dysplasia_2_clean_no_tumorales.csv
topology_ad_dysplasia_1_clean_no_tumorales.csv,0.0,28790.83169545822,27911.746619533664,23908.01524123905,11090.684750748207,24583.668171117202,29483.019243309893,7406.871556512293,7211.236738550458,18111.82698567153,27259.993350407745,11086.619526319595,4556.974723250805,27342.54266499292,27729.39876366068,17827.29699135627,7202.227705862819,14363.114842043196,30009.406987152084,11762.960614237023,24999.875643404885,26890.82781945597,24834.20101047988,6081.368587273837,8882.001831883616,8359.228186283126,26239.51729368019,9698.1172933321,27341.17285533878,27699.125033779845,28914.31014883303,11776.691155988614,24007.21135641127,23650.84815001466,7122.036469508569,26359.059239191974,16066.099536105532,19386.56265177758,29150.109586141967,24038.33998697752,28385.807563031503,26425.445216242493,27711.92357744942,24066.795893345396,27810.862202585493,26827.572993837923,23065.023014054965,24936.162182548996,25592.139694748425,27918.667537707817,10078.179261007117,9014.533486204984,26285.160346489953,26568.425964620288,28490.63263599571,2051.5979264390494,29252.826265794796,29654.339654478033,27731.654567778885,16113.336166700774,24640.63796415827,26682.479447965045,19357.579152881568,27470.782697367227
topology_carcinoma_19_clean_no_tumorales.csv,28790.83169545822,0.0,11616.156025104221,6467.0012372259425,19383.931691645666,6456.473398435013,2227.5793206081908,21851.911708167398,31494.171841374246,11131.113876366588,12278.574000524548,19663.871204915875,25358.306009469597,11265.64911981582,4719.261326035946,12078.140414780764,26378.618444756397,15694.282808225025,1803.8743697700318,18604.390335804874,8674.903295366663,11187.143093446783,5719.858340480604,31590.67728551094,26138.177428542138,35548.43910332522,6466.777100044917,28036.529525072496,7353.275846348283,2186.902240673381,1609.022385782211,18576.784380969177,7209.488063196186,6055.700404344424,25185.152595485197,9181.859675636339,15227.295476258152,11830.238457913945,1468.5262549199688,9976.768279091664,10237.34229308135,4303.185514085081,3700.759561171278,7541.4344186643275,11218.85411422107,11425.63815600432,9045.406470482096,8990.7661882807,4903.820436380483,3989.600978889845,20769.055569289307,24430.825146600524,9579.19626867078,4401.029249588528,10161.944501569222,28512.497659423323,4559.280963459693,8188.425298923277,8428.331087179762,13600.710492322753,4476.925305397,2991.66915786793,10822.617267003056,5826.797636075718
topology_dysplasia_19_clean_no_tumorales.csv,27911.746619533664,11616.156025104221,0.0,14504.59361801414,17385.9412030051,6053.047153670809,12078.595715598269,21144.610057680493,29565.674559431634,13840.099929434522,2284.287999750316,17197.412561482834,23892.16008116926,1070.227814666045,7332.461816867252,10162.162201687095,24303.59933268013,13742.410694193364,10909.268122957905,16505.297792851547,4103.9969366459845,1330.012752705736,14151.298570982086,30403.668080632448,24210.34637072396,33574.38570726647,16144.812853970381,24686.97672377114,17519.750979139302,11434.804585020742,11754.735159559983,16248.240264125385,15036.950405387188,7095.645591203706,22935.584759604597,2945.6475256623617,12222.286140329457,8590.257782969451,10542.787510454807,4078.7121944430382,2059.47960938517,13444.412785410002,14561.14497059946,5086.266712870455,2311.369607801512,1359.8522955461947,4951.632753313483,3552.469753555111,12057.039817853014,14305.235325273508,19185.102205133586,21721.276263719486,6218.383859937046,8114.073715993385,1770.130666253847,27308.498586555124,8164.371686333036,19230.88865240192,18643.121915696254,12040.016452886759,11285.880956673776,9164.77697695269,8709.597613446871,15706.559873284956
topology_carcinoma_11_clean_no_tumorales.csv,23908.01524123905,6467.0012372259425,14504.59361801414,0.0,15567.164333355222,8915.201214633436,6199.169123650034,17209.5972555052,27265.091124450915,5827.108189262122,14386.723597958357,15867.16932578665,20777.054949284986,13869.306293618843,7972.516684760097,8951.646597660674,22467.54061855941,11758.443655747347,8126.74756866391,14752.949849386307,11057.872886629644,13497.479857227772,1395.0554952596967,27014.733001769157,22373.537582866542,31089.529774994528,2597.656911547982,24585.768932462157,3993.157696473313,4601.360648444621,5909.882819663538,14738.313916113031,1123.741149706278,7449.352729107601,21157.26170025894,11592.804320062029,12066.130970159595,9679.283968360089,6803.843183069228,11883.61894939352,13701.621672480946,2695.668405058951,4243.258722310884,9629.13008419774,14041.016576913804,13764.658181929912,10928.010323667793,11682.154701732677,3307.624541372868,4192.755436861368,16894.34593846623,20811.698342397456,11774.74283086269,6541.021315905389,13631.664727681406,23778.162425487484,9969.318921664582,6297.910314451184,4678.5306036113925,9636.784765312384,3517.979526457748,6542.46219939167,8348.372473216323,3709.8946776673843
topology_ad_carcinoma_4_clean_no_tumorales.csv,11090.684750748207,19383.931691645666,17385.9412030051,15567.164333355222,0.0,14592.565538537547,20199.04276473035,3989.1185883497997,12297.085659407136,9993.078041172797,16712.251205257624,1847.691825354813,6695.009998877356,16880.046727669687,17969.774912361365,7557.740125794349,7369.830169752977,3971.613727433958,20466.27466813267,1202.9927737633839,14707.684332094448,16402.57342849887,16255.623121575458,13129.331441319637,7455.698213867641,16411.49817811808,17857.520526034656,9051.84061104245,19109.187395813413,18602.648088322094,19707.384214365164,2460.5336027945245,15839.25346555952,13988.933838809875,5856.687102049201,16129.90995375863,5405.173993265663,8820.811951054946,19798.23485503423,13419.855650310716,17955.863894624872,17743.068069945017,18830.33778085543,13986.23463049275,17362.09360759463,16335.557017708441,12466.669892259479,14636.674869959656,16886.381861517224,19090.59472530139,2125.283844862743,5269.9173030712855,16005.247622175946,17000.37571004608,18068.906100490596,10150.210662864518,19279.894239324625,21688.507864402967,19684.94426919041,6100.201280793347,15565.954650664118,16999.58532863159,8824.621805137827,19193.133201826244
topology_dysplasia_5_clean_no_tumorales.csv,24583.668171117202,6456.473398435013,6053.047153670809,8915.201214633436,14592.565538537547,0.0,7889.1776720246535,17754.727056397616,26851.581977167225,9139.327836442786,7494.6851895047075,14834.530490503066,20911.971337085655,5870.5076389379565,5094.505146991286,7125.429590059455,21575.547459051384,11001.097924940661,6837.407527239873,13777.275878980028,3752.508835455382,6245.647164404124,8591.835329272733,27191.5913603187,21274.6512382608,30988.239300395024,10485.01146562551,22904.35653778289,11825.41233678742,6635.188502022078,7164.876727892836,13720.367526109138,9486.437665191334,1802.3996065508818,20391.662948139914,4591.764513363165,10157.29504492788,6563.331986769226,6789.089721179126,5464.9483055572555,5095.064260456453,7806.206796132054,8705.63614860714,2168.222328907549,5692.819096317707,6251.613998877624,4514.71676089589,3409.988721590376,6878.662690887865,8544.643433073627,16097.019063011909,19422.835415516794,3366.952536738601,4859.36522809818,4959.941548218894,24206.855329971986,4778.535951496288,13363.587065343007,12946.233632074507,9076.457876391589,5700.807991763559,3839.6289695054506,5844.029871525404,10039.676411761835
topology_carcinoma_20_clean_no_tumorales.csv,29483.019243309893,2227.5793206081908,12078.595715598269,6199.169123650034,20199.04276473035,7889.1776720246535,0.0,22563.05129803542,32288.090147390616,11585.30877302286,12390.548271218191,20480.555217557332,26107.776219170948,11623.317684681124,4883.403330742351,12934.013089840622,27189.688663392266,16496.683015116298,2959.775138261507,19414.67357512113,9302.058672396348,11373.766111981466,5192.802351848824,32330.12573806539,26970.448750930344,36323.50350580569,5302.365985892423,28905.80033494676,6361.494233718274,2060.2358968101275,1160.3936001335837,19392.52553438834,6593.117056310724,7237.302976931139,25994.82466650792,9321.006141435311,16096.296966052125,12740.664980718566,2364.9516256388224,10410.090142834622,10920.65873267584,3685.980230403225,3318.833501045806,8528.389442895133,11633.188388065735,11639.98929580412,9654.732656937817,9847.908118280915,4472.79201715662,2805.481758854261,21574.8232754916,25272.660299830444,11067.151703620837,4479.799371558854,10832.485693058965,29230.61917229572,6338.387000687838,7281.773056663874,7232.387621767212,14385.700298528454,4951.926723436282,4358.252998750313,11701.62728212248,4741.824797016471
topology_ad_carcinoma_14_clean_no_tumorales.csv,7406.871556512293,21851.911708167398,21144.610057680493,17209.5972555052,3989.1185883497997,17754.727056397616,22563.05129803542,0.0,10171.607945224885,11406.112753986974,20482.06889607789,4256.1336084808845,3676.4721541713006,20584.56263764273,20772.374950533467,11063.0283860589,6234.329874822138,7507.340186342289,23052.121056457654,4746.0640788383125,18242.241489089294,20135.08103545389,18064.640760303173,9907.50370639826,6667.953344073966,13892.906989577617,19567.17815215679,8820.306946113373,20708.238305517534,20790.576333839923,21997.51103015457,5012.026952645671,17338.233051222716,16698.374857454568,4813.346431772096,19594.124473633325,9175.651325429728,12584.772846035834,22215.11907391758,17214.26000987335,21617.34059833122,19639.520183229233,20874.128544590196,17271.035503076917,21045.16066653345,20068.6422194434,16206.225783862988,18172.185952442946,18800.98713123283,21090.402691316438,3772.9296489545777,5664.044081773134,19527.006229142655,19610.74579913537,21721.661297014423,6832.656553821841,22347.366118133494,23136.30519986005,21162.720170107325,9246.688870971298,17734.55415548203,19723.026078780123,12500.33933915801,20815.502243594576
topology_ad_carcinoma_3_clean_no_tumorales.csv,7211.236738550458,31494.171841374246,29565.674559431634,27265.091124450915,12297.085659407136,26851.581977167225,32288.090147390616,10171.607945224885,0.0,21500.71918248001,28839.84370583082,12511.091476842052,7187.196794206949,29107.584676768292,30191.336507010838,19794.867378455787,5437.078108630753,15890.22974803937,32619.01257214444,13110.353197096607,26969.43953987878,28608.215245839103,28054.386863243377,1659.969743738359,5782.191402594216,4219.598849443398,29604.945981558696,5132.205100373535,30786.75597796599,30610.655700691193,31760.062858591224,13359.107968808383,27419.0552523991,26144.99842154042,6724.5405839421755,28391.04912290077,17459.186717402186,21008.005256581066,31899.294540990635,25529.634030543253,30175.586883617467,29593.791783699005,30763.11209581162,26232.25974413412,29582.71960313709,28546.720027511834,24690.843274620005,26894.15919482873,28753.632491143642,30998.866184222195,10801.601631391413,7879.782073231853,28264.45880378112,29156.273674698557,30303.928243785675,5423.643162257824,31538.26486540683,33259.938173726165,31277.834362146255,17923.48797762837,27552.92505436025,29186.900813909717,21030.777730534897,30888.644224547184
topology_carcinoma_14_clean_no_tumorales.csv,18111.82698567153,11131.113876366588,13840.099929434522,5827.108189262122,9993.078041172797,9139.327836442786,11585.30877302286,11406.112753986974,21500.71918248001,0.0,13286.174452191579,10243.576381149569,14975.88357302772,13188.562706099323,10833.169044002423,4348.143399882662,16784.572130706758,6181.797649429468,12590.07519696691,9181.613824011434,10535.17390119637,12712.121429055227,6755.932677549156,21210.372115777274,16821.137854511384,25285.580116820467,8180.626892869205,19026.828359234216,9319.67213138385,9791.740260589871,11051.208819923499,9088.465125599827,5956.841860030947,7674.256641604101,15449.394118565802,11345.144156153898,6861.834377180067,6190.947590879269,11463.966931279478,10247.728506656269,13815.5685941978,8341.004113106845,9667.778328461176,9087.387642814276,13522.550088783557,12782.038556038498,9285.173815333874,10847.388006183593,7516.052751177951,9855.030597154226,11284.73351806544,15229.547248421955,11712.796251782765,9250.406453751193,13861.268389170178,17974.41911643938,12740.017024641153,11777.136540179545,9795.821909028882,4146.785846867289,6796.104447815079,9688.859606681239,5623.608909353075,9418.488106433939
topology_dysplasia_18_clean_no_tumorales.csv,27259.993350407745,12278.574000524548,2284.287999750316,14386.723597958357,16712.251205257624,7494.6851895047075,12390.548271218191,20482.06889607789,28839.84370583082,13286.174452191579,0.0,16417.71488549985,23192.59346795803,2143.390094476589,7719.019427529284,9528.633780876215,23653.627182687007,13059.852310353477,11917.113707847797,15806.431842046537,3931.823242337233,1382.2077022639999,13882.800864458102,29754.420937039868,23576.048409071904,32833.99775601178,16134.024688057936,23865.214911553598,17837.19025535208,11689.311266676657,12173.235144104316,15567.213409664484,14778.200456878858,7849.161024430145,22222.1208877843,3177.9608479424487,11435.544313561972,7918.9437656638,11145.14356878982,3318.77671116051,3213.4633537863933,13537.838963479378,15038.383382833463,5558.666633276693,3294.5779929643977,1502.9444962622065,4289.620542143658,5184.599036607087,11693.4961431599,14467.998042027644,18551.413826011853,21016.521403295246,7778.122330228939,8100.982164186551,3440.480042420383,26650.09245467405,10119.051465705648,19506.434045838738,18679.74483283434,11343.36415504344,11136.156149158542,9711.762207009737,8026.8728628394965,15846.662993087726
topology_ad_dysplasia_2_clean_no_tumorales.csv,11086.619526319595,19663.871204915875,17197.412561482834,15867.16932578665,1847.691825354813,14834.530490503066,20480.555217557332,4256.1336084808845,12511.091476842052,10243.576381149569,16417.71488549985,0.0,6872.99529661747,16788.58271925793,18236.468284927807,7730.255608488578,7668.1311353229175,4121.840027368219,20741.52879656493,1741.4242650516217,14787.911075036001,16235.26629869911,16558.278073883637,13505.941623485474,7926.3102965178205,16461.674147399997,18159.64766450434,8804.982211067501,19406.576035183753,18883.14745514668,19986.08943568991,1461.1286102232987,16115.821961390988,14264.713393275637,5896.901043792408,16212.424166183888,5051.736678405849,8773.383139870592,20079.855279703,13126.186988900907,17850.444287257706,18046.852470177844,19125.791591836045,14180.338050647602,17228.69683208056,16177.193088517692,12456.418444388588,14755.351092573956,17186.508641154087,19386.46458497734,3245.3208723280763,5327.012326350919,16105.875954902927,17275.144070530252,17985.89364039689,10473.80692929043,19508.246605809367,21972.26746313102,19976.518316669597,6259.515071542851,15852.043719553516,17271.998900770745,9015.254792778602,19493.371497048574
topology_ad_carcinoma_11_clean_no_tumorales.csv,4556.974723250805,25358.306009469597,23892.16008116926,20777.054949284986,6695.009998877356,20911.971337085655,26107.776219170948,3676.4721541713006,7187.196794206949,14975.88357302772,23192.59346795803,6872.99529661747,0.0,23390.757380919622,24160.78155008957,13994.16249229009,4680.141523900926,10182.339189504886,26523.78104112877,7502.302529040721,21200.00772967526,22919.110011613822,21644.437029843197,6914.513059805346,6085.817305163964,10362.299904840587,23138.288791396353,7495.305347636917,24271.611253212963,24358.88051031904,25551.969254842566,7665.281602749164,20906.834052711718,20082.197086270266,3702.2900496035113,22605.724689897037,11826.894431796265,15322.327438647926,25739.27525389537,19885.631490553198,24469.43966931943,23221.317168360823,24454.59154202024,20363.138505152972,23875.20723238789,22850.43561418366,18959.835213992774,21106.692111204888,22382.6316355455,24672.728010082104,6019.770958825626,5474.238869802841,22487.31525271735,23067.230033358435,24577.51602233236,3723.244030484992,25596.068683021564,26665.227698440776,24704.549220705183,11923.366585821183,21301.386411960462,23139.186856389922,15213.020067167976,24382.39785706842
topology_dysplasia_17_clean_no_tumorales.csv,27342.54266499292,11265.64911981582,1070.227814666045,13869.306293618843,16880.046727669687,5870.5076389379565,11623.317684681124,20584.56263764273,29107.584676768292,13188.562706099323,2143.390094476589,16788.58271925793,23390.757380919622,0.0,6870.639997546877,9546.043137432838,23758.273304841267,13264.686761362285,10655.621172985291,16036.820107816033,3312.204580763174,1262.155299169848,13469.766181585197,29822.622224040424,23658.75583662828,33149.35439745236,15535.447476857513,24301.709790976878,16980.30773976143,10923.637108125477,11317.6264923431,15768.356759477392,14353.331905163472,6568.133285637395,22480.949279543493,2358.593992380045,11822.47130522321,8110.337977357103,10175.521388752575,3691.814662714152,1664.868952036095,12895.71732645547,14078.551611842397,4365.651290326976,2013.737264771574,952.8427732513499,4435.572055290628,3245.700301093411,11319.054253356442,13795.257170437997,18605.68042911385,21294.258385776033,6003.53322798247,7498.663251703484,1532.3624007805392,26768.110656601693,8153.532247965743,18750.12700587564,18068.243679227053,11557.084761525639,10653.084011317418,8747.814103058725,8208.084463445164,15147.947443718602
topology_carcinoma_3_clean_no_tumorales.csv,27729.39876366068,4719.261326035946,7332.461816867252,7972.516684760097,17969.774912361365,5094.505146991286,4883.403330742351,20772.374950533467,30191.336507010838,10833.169044002423,7719.019427529284,18236.468284927807,24160.78155008957,6870.639997546877,0.0,10541.652831520596,24975.028756703647,14353.029129883102,4421.509642995501,17171.20810812446,5518.861702319724,6673.961605923897,7597.65993811298,30422.731110298704,24677.18991586735,34307.926315727556,9122.880065392252,26366.764571142314,10624.084674988395,4500.72347513185,4607.745312686576,17137.298689765954,8678.498461795532,4902.716807111106,23786.497692939753,4653.609231548555,13618.326697483293,9922.98551404381,3677.672862309011,6703.739822744094,6233.614419724854,6342.55012880647,7571.477796340598,5318.685913187162,7151.288627346208,6943.104964912522,6321.60018665756,6484.9337031843415,6190.442602716948,7037.875082696163,19425.818676077564,22874.9235454509,7875.548059759451,1765.3266939941257,6136.664979291737,27399.857911613144,3942.206079110855,11942.393495098537,11634.494482917595,12354.77128486877,5072.550536368862,2438.404479861604,9242.448847464784,8685.060962166233
topology_ad_dysplasia_4_clean_no_tumorales.csv,17827.29699135627,12078.140414780764,10162.162201687095,8951.646597660674,7557.740125794349,7125.429590059455,12934.013089840622,11063.0283860589,19794.867378455787,4348.143399882662,9528.633780876215,7730.255608488578,13994.16249229009,9546.043137432838,10541.652831520596,0.0,14494.60330117709,3976.9060611456407,13088.745203289718,6759.52135725878,7224.68037897457,9099.657196078435,9425.107652492003,20295.64955085133,14381.520757651582,23928.388115602538,11064.35216722858,15980.423302390293,12545.225833813865,11390.196765480558,12455.053025283481,6617.192944709087,9387.905775873442,6657.129416833863,13286.342336390533,8619.476661529596,3191.682415981429,2094.1511512965485,12511.009695732786,6399.844595890991,10568.783794983168,10813.144724910751,11839.81680857945,6470.943472947962,10003.174519478622,9074.63936582331,5448.20305271035,7160.543246078377,9880.520863237298,12051.983199167327,9142.876023666962,12370.568008612785,8509.568391202794,9622.920357491312,10672.605934354275,17322.658412032237,11791.8170963893,15197.594111682089,13129.88349701232,2203.113373632073,8446.254690747408,9606.214607133848,1982.2604456540607,12501.695461691788
topology_ad_carcinoma_9_clean_no_tumorales.csv,7202.227705862819,26378.618444756397,24303.59933268013,22467.54061855941,7369.830169752977,21575.547459051384,27189.688663392266,6234.329874822138,5437.078108630753,16784.572130706758,23653.627182687007,7668.1311353229175,4680.141523900926,23758.273304841267,24975.028756703647,14494.60330117709,0.0,11193.244085966366,27465.086253975172,8184.75346672534,21584.179859858006,23298.657403666657,23183.237215495134,6150.19189980344,1945.4721110718563,9519.392839434344,24776.00370896914,3173.7707985521697,26002.090860048396,25571.33277795253,26690.488720381316,8273.473206166394,22675.965338479204,20986.647631665885,2080.4768940851695,23007.533064427545,12511.539610130987,15793.979854663852,26792.461500787576,20491.858424461134,24828.085053951185,24680.22977450761,25781.518722352925,20918.30447714754,24236.50961968511,23228.645503980842,19568.799455262917,21523.926154059038,23831.3084911105,26040.747465663826,5721.987553700481,2965.6965105006616,22879.825385197673,23999.38232398104,24935.037700396922,5266.239957560362,26249.590256017957,28539.19048392153,26551.868454301384,13376.638372937188,22525.36121540757,24000.819628093,16108.58422581479,26096.466918176728
topology_ad_dysplasia_3_clean_no_tumorales.csv,14363.114842043196,15694.282808225025,13742.410694193364,11758.443655747347,3971.613727433958,11001.097924940661,16496.683015116298,7507.340186342289,15890.22974803937,6181.797649429468,13059.852310353477,4121.840027368219,10182.339189504886,13264.686761362285,14353.029129883102,3976.9060611456407,11193.244085966366,0.0,16804.156405310485,3237.391083270422,11124.365790331514,12774.159885558558,12454.249678537535,16792.83563682237,11388.85587878944,19996.39285836258,14053.952455920646,12865.334838964023,15298.204739186544,14866.725495314397,15988.691702518458,3153.2230212214063,12022.92933370524,10326.068065783238,9510.634752585278,12546.359879674434,2245.290700173777,5272.05524630362,16105.112631279657,9768.40827448994,14336.460161632238,13949.578255958768,15057.638950730245,10398.340355855318,13744.560657199641,12710.957116765661,8843.905213666927,11053.967210627246,13098.864320353427,15314.711905474524,5894.891137601312,9080.78715807959,12421.176701730607,13339.823611840751,14459.637207770238,13757.676014309625,15689.74156180212,17873.97454266099,15873.83042933309,2251.4200208252764,11817.892906464434,13359.117921022094,5208.551321814012,15383.657000492825
topology_carcinoma_16_clean_no_tumorales.csv,30009.406987152084,1803.8743697700318,10909.268122957905,8126.74756866391,20466.27466813267,6837.407527239873,2959.775138261507,23052.121056457654,32619.01257214444,12590.07519696691,11917.113707847797,20741.52879656493,26523.78104112877,10655.621172985291,4421.509642995501,13088.745203289718,27465.086253975172,16804.156405310485,0.0,19677.8494140516,8434.266902927619,10702.272541726994,7355.499332987609,32764.433786361464,27195.529352461275,36698.1637110139,8004.631298106975,28994.03712671791,8777.381955591878,3690.273291035878,2705.4244293038046,19645.93829615637,8855.314032857921,6846.925459306546,26272.37412634412,8794.920141505427,16211.41459184898,12642.55164641432,1985.9936056524743,9924.996617390187,9550.016835228596,5896.708850177696,4962.696313762211,7769.040849775616,10536.063129331338,10908.095248974256,9279.592829542298,8715.496810885674,6545.071807514751,5470.156982960296,21872.703915577233,25451.880920368592,9688.568458164975,4159.040981446564,9453.07023692785,29709.667295264233,3886.121742096329,9508.307932133655,9840.863413420771,14746.702210986268,6059.638333077925,3643.4228648325325,11805.835723920618,7404.697252347929
topology_ad_carcinoma_12_clean_no_tumorales.csv,11762.960614237023,18604.390335804874,16505.297792851547,14752.949849386307,1202.9927737633839,13777.275878980028,19414.67357512113,4746.0640788383125,13110.353197096607,9181.613824011434,15806.431842046537,1741.4242650516217,7502.302529040721,16036.820107816033,17171.20810812446,6759.52135725878,8184.75346672534,3237.391083270422,19677.8494140516,0.0,13902.326691009921,15540.260110106532,15433.524490562586,13996.172482573247,8299.811892363368,17231.445914423894,17038.5423822059,9888.360098785171,18295.329352285018,17804.68422085297,18917.492852518586,1944.3033007432575,15015.376354681757,13203.928146314216,6643.783409145732,15321.019760632902,4630.4221329342845,7961.905412705494,19016.219477171628,12630.102291091005,17104.23865092929,16920.411398870405,18012.734651473103,13165.566699886926,16510.623323395714,15476.742509534799,11769.243868373958,13825.034184164433,16067.972366151365,18271.719957261717,2965.956210880898,6116.073304560751,15196.640303533411,16210.781023904776,17232.63357296863,10961.646644245322,18463.029372247427,20869.120790784502,18869.722237589445,5371.2000941127835,14759.859011713943,16204.46574771674,8126.727224900299,18378.369344737275
topology_dysplasia_8_clean_no_tumorales.csv,24999.875643404885,8674.903295366663,4103.9969366459845,11057.872886629644,14707.684332094448,3752.508835455382,9302.058672396348,18242.241489089294,26969.43953987878,10535.17390119637,3931.823242337233,14787.911075036001,21200.00772967526,3312.204580763174,5518.861702319724,7224.68037897457,21584.179859858006,11124.365790331514,8434.266902927619,13902.326691009921,0.0,3527.4526254161615,10671.187543026985,27494.750060050235,21400.570475387474,31064.79879247744,12715.722157783464,22495.799950333236,14177.432925618243,8316.764652212572,8747.64607064308,13668.447256693895,11553.05450383097,4075.472032470937,20377.97692696569,2546.3245463815642,9897.455432118946,6069.726935436889,8335.556361721843,2562.8155158403615,3721.9800247398985,10090.010782924375,11315.443729784507,2172.009959387449,3161.720669346012,3599.926643345151,2420.4487209635,2334.0472020126144,8553.010910315797,11004.882606989004,16341.865846866034,19256.494217497715,4349.492938334239,5436.868500118359,4068.5429280219814,24534.49897378432,6494.837182501557,15961.064583562922,15253.096946842843,9355.247265326754,7851.509598312914,6138.059239875574,6025.866063114917,12360.623450314313
topology_dysplasia_16_clean_no_tumorales.csv,26890.82781945597,11187.143093446783,1330.012752705736,13497.479857227772,16402.57342849887,6245.647164404124,11373.766111981466,20135.08103545389,28608.215245839103,12712.121429055227,1382.2077022639999,16235.26629869911,22919.110011613822,1262.155299169848,6673.961605923897,9099.657196078435,23298.657403666657,12774.159885558558,10702.272541726994,15540.260110106532,3527.4526254161615,0.0,13082.352083374133,29373.658009710478,23212.698882504785,32615.07829137689,15174.454636180753,23720.49307118057,16749.17394463993,10642.537612231388,11131.13677298327,15274.217792318053,13964.03867610733,6760.076786217812,21976.301182280156,2114.657377565625,11258.2260044561,7620.837859383573,10080.195421278568,3112.819516659047,2621.308822540242,12567.583336291062,13922.982406860305,4496.071957501815,3018.4894968010362,772.3495562162639,3966.157057068502,4363.864988239204,10912.375219552458,13503.622792903112,18153.52778863491,20763.836358403,7134.595711153328,7120.719601079996,2456.3371888479533,26302.50894097011,8936.59922855927,18498.0997056356,17732.60420274897,11075.216365978642,10276.735343536848,8624.635428275054,7728.124682673698,14853.326022344094
topology_carcinoma_12_clean_no_tumorales.csv,24834.20101047988,5719.858340480604,14151.298570982086,1395.0554952596967,16255.623121575458,8591.835329272733,5192.802351848824,18064.640760303173,28054.386863243377,6755.932677549156,13882.800864458102,16558.278073883637,21644.437029843197,13469.766181585197,7597.65993811298,9425.107652492003,23183.237215495134,12454.249678537535,7355.499332987609,15433.524490562586,10671.187543026985,13082.352083374133,0.0,27867.192701671862,23047.769027695154,31940.960582284868,2594.033832541624,25223.470509546052,4303.279416584137,3779.341528767975,5056.266177017293,15438.689263921544,1605.3000708000402,7119.816196662969,21901.442874327848,11234.817950010813,12588.317031139217,9821.50934876855,6094.238278114385,11352.98711400219,13386.169229177078,1924.1854456265576,3317.4041861927476,9217.060842930356,13681.742930574566,13321.909631243081,10394.863112470744,11290.650968744803,2708.7137448227763,3183.833644500054,17586.367812194134,21476.45606907818,11465.685724073888,6211.779059411803,13318.758945517366,24675.95607825699,9497.363026608487,6153.2753031500415,5055.601559286409,10312.656771504622,3059.139638015992,6143.003522094442,8507.588438247807,3268.745050369794
topology_ad_carcinoma_10_clean_no_tumorales.csv,6081.368587273837,31590.67728551094,30403.668080632448,27014.733001769157,13129.331441319637,27191.5913603187,32330.12573806539,9907.50370639826,1659.969743738359,21210.372115777274,29754.420937039868,13505.941623485474,6914.513059805346,29822.622224040424,30422.731110298704,20295.64955085133,6150.19189980344,16792.83563682237,32764.433786361464,13996.172482573247,27494.750060050235,29373.658009710478,27867.192701671862,0.0,6300.303430795722,4226.608057986128,29372.03454706162,6184.750076306863,30514.303307110844,30575.301803459308,31771.716418927168,14240.767486083872,27143.115316980187,26342.669126388195,7701.446102074186,28892.097250299306,18455.233025940834,21855.453963593613,31966.859229010435,26503.630042309862,30850.487573211376,29441.002945679727,30668.394809193218,26650.2336802868,30281.129890504817,29315.739912424913,25493.77543670854,27404.220485333743,28601.717210048642,30886.74740481087,11277.391292029453,8835.622814821483,28776.712619691236,29311.753582776542,30952.1423912505,4331.9318478124005,31873.323800421724,32924.22751792032,30959.203381792267,18617.351995094872,27518.07600448761,29396.356246413754,21829.861675313256,30621.81747295216
topology_ad_dysplasia_7_clean_no_tumorales.csv,8882.001831883616,26138.177428542138,24210.34637072396,22373.537582866542,7455.698213867641,21274.6512382608,26970.448750930344,6667.953344073966,5782.191402594216,16821.137854511384,23576.048409071904,7926.3102965178205,6085.817305163964,23658.75583662828,24677.18991586735,14381.520757651582,1945.4721110718563,11388.85587878944,27195.529352461275,8299.811892363368,21400.570475387474,23212.698882504785,23047.769027695154,6300.303430795722,0.0,9899.668588893712,24664.910430341828,2906.175239706861,25877.46482369986,25369.03252486286,26473.3438768469,8519.327091237625,22623.97766547815,20733.024695171487,2805.3454248500248,22814.302759153823,12625.727481457285,15737.839938231344,26561.099035223553,20595.651596078944,24708.152397208432,24544.319611886804,25609.231583928442,20642.99629477664,24119.469090557173,23146.58364474544,19653.33658299641,21318.476869080205,23691.44231014093,25881.25860094748,5712.239975962225,3059.4578339348473,22688.31008611969,23727.588730194533,24801.605702793495,6984.498306501902,25950.156220078617,28428.86905532558,26441.769941853127,13484.611380627348,22347.385641130946,23714.894263777267,16080.258457577373,25970.54932137446
topology_ad_carcinoma_8_clean_no_tumorales.csv,8359.228186283126,35548.43910332522,33574.38570726647,31089.529774994528,16411.49817811808,30988.239300395024,36323.50350580569,13892.906989577617,4219.598849443398,25285.580116820467,32833.99775601178,16461.674147399997,10362.299904840587,33149.35439745236,34307.926315727556,23928.388115602538,9519.392839434344,19996.39285836258,36698.1637110139,17231.445914423894,31064.79879247744,32615.07829137689,31940.960582284868,4226.608057986128,9899.668588893712,0.0,33448.68773985434,9079.348550755258,34586.5501859289,34601.48889436227,35779.43686324192,17418.840489719634,31218.655646208113,30238.67334164018,10726.004567260525,32495.236868581083,21436.886345553332,25063.757482002442,35942.86423709188,29520.491125475135,34207.90312921925,33512.143273418675,34721.44836778015,30377.389687756586,33598.904143849395,32556.519344221626,28766.924890491628,31005.611746439885,32672.578716088297,34946.35554921871,14939.624097585853,11878.09747434895,32366.310260866627,33238.74137609259,34349.38401659123,7658.9461361381855,35677.53729330527,36989.32311100067,35026.53619728703,21960.0549328357,31545.110774641515,33295.021932465264,25174.2114155692,34695.82827157503
topology_carcinoma_15_clean_no_tumorales.csv,26239.51729368019,6466.777100044917,16144.812853970381,2597.656911547982,17857.520526034656,10485.01146562551,5302.365985892423,19567.17815215679,29604.945981558696,8180.626892869205,16134.024688057936,18159.64766450434,23138.288791396353,15535.447476857513,9122.880065392252,11064.35216722858,24776.00370896914,14053.952455920646,8004.631298106975,17038.5423822059,12715.722157783464,15174.454636180753,2594.033832541624,29372.03454706162,24664.910430341828,33448.68773985434,0.0,26838.400195490893,2318.6582503495692,4927.290164138506,5464.63512784106,17036.494557619208,2553.914713242461,9101.515168744141,23477.645975659627,13232.480223776289,14222.987801893649,11561.17570803638,7081.765153696557,13666.41194871571,15228.97518410126,2923.007660208208,3503.5769845127197,11306.637033073943,15684.37600981325,15443.676449060842,12711.404611199087,13353.874929053392,4763.994740341699,2725.668259571682,19188.54954436663,23086.429286251023,13338.129158974576,8118.925382107881,15151.52068829596,26127.325285365827,10768.41449382488,4369.879329256451,2913.5507676794264,11925.49450681245,5218.798200407681,7651.294971420019,10236.604786702368,1795.739562321546
topology_ad_carcinoma_7_clean_no_tumorales.csv,9698.1172933321,28036.529525072496,24686.97672377114,24585.768932462157,9051.84061104245,22904.35653778289,28905.80033494676,8820.306946113373,5132.205100373535,19026.828359234216,23865.214911553598,8804.982211067501,7495.305347636917,24301.709790976878,26366.764571142314,15980.423302390293,3173.7707985521697,12865.334838964023,28994.03712671791,9888.360098785171,22495.799950333236,23720.49307118057,25223.470509546052,6184.750076306863,2906.175239706861,9079.348550755258,26838.400195490893,0.0,28136.823081820537,27363.870575718487,28423.369076568677,10027.225018122033,24881.165588914668,22615.490470638702,4087.6627447794763,23889.505637272603,12821.16906841079,16490.750576213057,28471.3373372478,20614.38489023184,25365.333026687204,26682.938992509306,27724.529575950197,22174.74464752507,24733.10017612555,23663.33652910964,20198.14647525675,22581.548121550346,25790.75299953632,27966.47947055937,7777.487228574228,3824.4329065423267,23922.435161819638,25529.107375496613,25497.907144054974,7702.638917734426,27506.867180259673,30729.09551429344,28720.31706228235,14966.802270814273,24393.94555520956,25519.315743405114,17227.192086759416,28201.417758306583
topology_carcinoma_4_clean_no_tumorales.csv,27341.17285533878,7353.275846348283,17519.750979139302,3993.157696473313,19109.187395813413,11825.41233678742,6361.494233718274,20708.238305517534,30786.75597796599,9319.67213138385,17837.19025535208,19406.576035183753,24271.611253212963,16980.30773976143,10624.084674988395,12545.225833813865,26002.090860048396,15298.204739186544,8777.381955591878,18295.329352285018,14177.432925618243,16749.17394463993,4303.279416584137,30514.303307110844,25877.46482369986,34586.5501859289,2318.6582503495692,28136.823081820537,0.0,6395.893207699647,6526.372507180085,18273.880557973658,3776.0948958290874,10492.6577060186,24689.132367435283,14779.797961408545,15638.838602238138,13276.442852962184,8114.820085889104,15476.904026623379,16584.30749412223,4668.48521048467,4030.033002156948,12815.444358071392,17054.549855703375,16997.49614505861,14519.460328809735,14760.930496174029,6476.106285732451,3988.2782423565277,20435.24263610512,24355.03356918245,14676.220623430514,9819.75000905061,16506.321727401333,27247.409288702955,11733.993529137864,2996.3044153864466,1472.1587991248693,13180.375021005751,6959.081912502041,8974.97590565954,11962.285144977426,2455.0738934770857
topology_dysplasia_1_clean_no_tumorales.csv,27699.125033779845,2186.902240673381,11434.804585020742,4601.360648444621,18602.648088322094,6635.188502022078,2060.2358968101275,20790.576333839923,30610.655700691193,9791.740260589871,11689.311266676657,18883.14745514668,24358.88051031904,10923.637108125477,4500.72347513185,11390.196765480558,25571.33277795253,14866.725495314397,3690.273291035878,17804.68422085297,8316.764652212572,10642.537612231388,3779.341528767975,30575.301803459308,25369.03252486286,34601.48889436227,4927.290164138506,27363.870575718487,6395.893207699647,0.0,1561.460594996081,17789.3186124776,5241.989167807241,5663.136519523165,24365.428000734202,8620.021439362941,14558.565271318173,11294.522565558118,2427.2393106584173,9495.917921151893,10440.378030595322,2394.431436107423,3669.3559320718887,7178.736519502556,10976.840612563241,10900.017800014504,8580.593531603998,8758.805396758335,2995.695366833223,3004.3555239485013,19953.3366948556,23711.40548594156,9875.715944379115,3819.274993861173,10358.112299092109,27460.733864292775,6089.449961437957,7937.951024248956,7381.33842057901,12710.680245328334,3105.7925820330743,3236.4151722993374,10177.786804425228,4448.955535461863
