,topology_ad_dysplasia_1_clean_no_tumorales.csv,topology_carcinoma_19_clean_no_tumorales.csv,topology_dysplasia_19_clean_no_tumorales.csv,topology_carcinoma_11_clean_no_tumorales.csv,topology_ad_carcinoma_4_clean_no_tumorales.csv,topology_dysplasia_5_clean_no_tumorales.csv,topology_carcinoma_20_clean_no_tumorales.csv,topology_ad_carcinoma_14_clean_no_tumorales.csv,topology_ad_carcinoma_3_clean_no_tumorales.csv,topology_carcinoma_14_clean_no_tumorales.csv,topology_dysplasia_18_clean_no_tumorales.csv,topology_ad_dysplasia_2_clean_no_tumorales.csv,topology_ad_carcinoma_11_clean_no_tumorales.csv,topology_carcinoma_3_clean_no_tumorales.csv,topology_ad_dysplasia_4_clean_no_tumorales.csv,topology_ad_carcinoma_9_clean_no_tumorales.csv,topology_ad_dysplasia_3_clean_no_tumorales.csv,topology_carcinoma_16_clean_no_tumorales.csv,topology_ad_carcinoma_12_clean_no_tumorales.csv,topology_dysplasia_8_clean_no_tumorales.csv,topology_dysplasia_16_clean_no_tumorales.csv,topology_carcinoma_12_clean_no_tumorales.csv,topology_ad_carcinoma_10_clean_no_tumorales.csv,topology_ad_dysplasia_7_clean_no_tumorales.csv,topology_ad_carcinoma_8_clean_no_tumorales.csv,topology_carcinoma_15_clean_no_tumorales.csv,topology_ad_carcinoma_7_clean_no_tumorales.csv,topology_carcinoma_4_clean_no_tumorales.csv,topology_dysplasia_1_clean_no_tumorales.csv,topology_carcinoma_6_clean_no_tumorales.csv,topology_ad_carcinoma_15_clean_no_tumorales.csv,topology_carcinoma_8_clean_no_tumorales.csv,topology_dysplasia_11_clean_no_tumorales.csv,topology_ad_carcinoma_1_clean_no_tumorales.csv,topology_dysplasia_14_clean_no_tumorales.csv,topology_ad_carcinoma_13_clean_no_tumorales.csv,topology_ad_carcinoma_6_clean_no_tumorales.csv,topology_dysplasia_3_clean_no_tumorales.csv,topology_ad_dysplasia_8_clean_no_tumorales.csv,topology_dysplasia_13_clean_no_tumorales.csv,topology_carcinoma_9_clean_no_tumorales.csv,topology_carcinoma_10_clean_no_tumorales.csv,topology_dysplasia_7_clean_no_tumorales.csv,topology_dysplasia_6_clean_no_tumorales.csv,topology_dysplasia_15_clean_no_tumorales.csv,topology_ad_dysplasia_9_clean_no_tumorales.csv,topology_dysplasia_10_clean_no_tumorales.csv,topology_carcinoma_13_clean_no_tumorales.csv,topology_carcinoma_1_clean_no_tumorales.csv,topology_ad_carcinoma_5_clean_no_tumorales.csv,topology_ad_carcinoma_2_clean_no_tumorales.csv,topology_dysplasia_9_clean_no_tumorales.csv,topology_carcinoma_17_clean_no_tumorales.csv,topology_dysplasia_12_clean_no_tumorales.csv,topology_ad_dysplasia_10_clean_no_tumorales.csv,topology_dysplasia_4_clean_no_tumorales.csv,topology_carcinoma_5_clean_no_tumorales.csv,topology_carcinoma_2_clean_no_tumorales.csv,topology_ad_dysplasia_6_clean_no_tumorales.csv,topology_carcinoma_7_clean_no_tumorales.csv,topology_carcinoma_18_clean_no_tumorales.csv,topology_ad_dysplasia_5_clean_no_tumorales.csv,topology_dysplasia_2_clean_no_tumorales.csv
topology_ad_dysplasia_1_clean_no_tumorales.csv,0,4451.529035,3700.168926,4346.217879,2091.081604,3554.801546,4563.962321,1856.392924,1852.61723,3393.537768,3543.030588,1803.548226,1346.760521,4210.490438,2871.236351,1583.718365,2330.318853,4605.063387,2155.324748,3693.352861,3617.690051,4360.592143,1374.940552,1555.453289,1655.747401,4760.189594,2142.485443,4972.319483,4459.264063,4570.096696,2231.839685,4272.628683,3558.947166,1567.137026,3654.880301,2533.994542,2974.6583,4398.169895,3385.314439,3749.635578,4572.799858,4696.324817,3413.746903,3666.551655,3549.452359,3356.554219,3519.585518,4328.964432,4683.341107,2093.917035,1839.561942,3571.191181,3997.042703,3687.34478,1010.439849,4118.59446,5218.033879,5001.014317,2495.548299,4134.443048,4061.830294,2914.165926,4725.335824
topology_carcinoma_19_clean_no_tumorales.csv,4451.529035,0,1278.843522,1359.297794,2666.997471,1113.016994,908.3041143,3014.949627,4508.810314,2001.999742,1137.310588,2906.83947,3479.012952,724.3139839,1732.833401,3665.770634,2292.151627,871.8945109,2494.828776,1282.210372,1086.272639,1394.649012,4494.565292,3656.52636,5007.35673,1384.050549,3684.687097,1511.86304,999.0619284,803.7130295,2514.920868,1687.155236,1297.695459,3368.889578,1056.985786,2158.914351,1611.667993,836.0783988,1208.784971,1206.793308,1131.799715,1114.918246,1201.913653,1252.723581,1131.1358,1226.986703,1229.733206,1488.244293,1156.022925,2780.059282,3357.350675,1329.26109,962.8697335,1247.88035,4416.157568,987.9336738,1689.236708,1549.251671,2178.174054,1146.900768,842.1416074,1675.208428,1447.764519
topology_dysplasia_19_clean_no_tumorales.csv,3700.168926,1278.843522,0,1451.610603,1871.502866,605.9881146,1403.107459,2426.263023,3742.75851,1435.025229,157.1383384,2063.429658,2668.700328,865.7241822,868.6582241,2878.757398,1478.071951,1217.419105,1686.20045,387.1187387,223.4466265,1295.137453,3706.342881,3002.156754,4176.103791,1765.171416,2817.227137,1972.341874,1283.340016,1294.737669,1731.764286,1486.16104,850.4314217,2523.172867,295.6101949,1375.965391,762.2617604,1180.080803,344.8169758,269.156088,1424.1897,1611.693986,358.3866584,303.4146544,169.4263512,377.6521355,447.1635317,1324.39662,1596.257664,2043.936625,2543.067165,431.6518323,823.065723,180.1814095,3612.080676,681.7998915,2181.517097,1977.275523,1356.988287,1187.34379,803.4539492,847.2836471,1744.199447
topology_carcinoma_11_clean_no_tumorales.csv,4346.217879,1359.297794,1451.610603,0,2610.095691,1401.923112,951.3131795,2884.983152,4405.271795,1568.162737,1311.567991,2911.627223,3423.715963,1142.132701,1756.878697,3623.83652,2280.633487,1467.328594,2502.853029,1519.653642,1347.974808,710.8891757,4362.39807,3641.133393,4975.705339,917.7553555,3727.793404,1104.49279,852.1867175,1081.665925,2495.939372,960.5034717,1176.572585,3390.092689,1304.356644,2127.314416,1634.405339,1182.554694,1308.240137,1479.034748,1043.566068,1148.340322,1275.557238,1460.860639,1303.794921,1313.476764,1392.144078,778.428612,959.1785943,2634.992327,3367.673809,1509.951572,1054.545165,1455.882183,4362.6112,1282.522423,1273.326567,1128.445229,2102.023623,768.0798034,1127.62738,1648.972963,1120.540987
topology_ad_carcinoma_4_clean_no_tumorales.csv,2091.081604,2666.997471,1871.502866,2610.095691,0,1723.334604,2795.166171,1186.964836,2151.569795,1922.453926,1714.364528,935.1073943,1232.45736,2418.63349,1112.897396,1375.518608,870.1931478,2781.893145,663.3962307,1858.828959,1789.023992,2610.325555,2064.91541,1517.980594,2576.719227,3010.165669,1664.926958,3231.197754,2671.626886,2783.91619,839.114418,2555.250153,1784.243679,1150.805519,1825.726166,846.7372274,1166.691557,2613.573324,1544.111965,1906.092239,2738.984747,2910.795406,1595.403646,1822.580552,1720.00432,1527.974845,1692.905739,2607.85366,2910.467921,823.4134969,1094.212336,1771.969945,2219.301699,1858.678721,1968.908583,2273.362949,3462.354347,3253.005814,1039.503582,2360.258771,2240.631187,1165.697465,2952.860481
topology_dysplasia_5_clean_no_tumorales.csv,3554.801546,1113.016994,605.9881146,1401.923112,1723.334604,0,1364.838096,2227.18125,3586.304092,1248.300145,472.2544394,1991.068248,2544.847712,946.4279771,828.9523002,2756.014613,1362.511026,1285.513616,1584.283948,669.2024705,453.4937026,1354.791781,3545.251577,2834.772012,4074.986465,1658.909791,2799.746447,1733.8432,1166.124474,1260.675319,1637.5382,1424.485823,787.9958544,2451.345226,515.3660306,1284.311209,704.973012,1108.086431,457.1166512,542.0304772,1432.176774,1394.377674,362.1389471,542.9984192,466.0797303,403.0814228,417.8275578,1364.245856,1524.207104,1839.440094,2433.978267,615.5475881,810.6157025,611.9480548,3456.370181,880.0289904,2100.876057,1849.566449,1238.526934,1110.284113,882.2989989,759.0911533,1608.462141
topology_carcinoma_20_clean_no_tumorales.csv,4563.962321,908.3041143,1403.107459,951.3131795,2795.166171,1364.838096,0,3145.310569,4613.019655,1879.114073,1263.23708,3065.726961,3616.781348,856.5611919,1907.654057,3817.482053,2468.991313,1099.824109,2687.797339,1451.749476,1237.30801,1038.943063,4596.244189,3794.242787,5154.349681,969.9743687,3876.647514,1113.413288,778.5292845,768.2608139,2666.429394,1290.687931,1294.553538,3554.5847,1163.591946,2295.088003,1778.253709,862.7461418,1366.111094,1357.25879,1077.134448,1030.794526,1346.273887,1432.152393,1260.274814,1396.181361,1424.802098,1122.274577,819.1048745,2866.995878,3531.842246,1507.023588,909.104538,1389.487282,4570.341702,1141.483159,1296.78886,1186.900508,2298.325536,982.2072714,872.6669888,1808.4091,1212.533978
topology_ad_carcinoma_14_clean_no_tumorales.csv,1856.392924,3014.949627,2426.263023,2884.983152,1186.964836,2227.18125,3145.310569,0,2267.798744,2041.654775,2269.124684,1046.246222,1107.374642,2834.774727,1629.531019,1690.185459,1132.081341,3161.914853,1135.038539,2411.632885,2327.424453,2858.419567,2012.754855,1543.366292,2566.043819,3265.794809,2220.936271,3469.910629,2959.855023,3147.657444,1290.946206,2799.194124,2073.714058,1380.004751,2362.574469,1302.462445,1725.539189,2945.980025,2104.048062,2475.646078,3034.768806,3214.619441,2107.083792,2396.599556,2276.626203,2082.107608,2223.128478,2828.829836,3211.795727,1085.337651,1529.463185,2301.103393,2588.716645,2413.438877,1836.517005,2726.249007,3703.657929,3505.641096,1298.938725,2627.975775,2604.341707,1670.071341,3193.788305
topology_ad_carcinoma_3_clean_no_tumorales.csv,1852.61723,4508.810314,3742.75851,4405.271795,2151.569795,3586.304092,4613.019655,2267.798744,0,3702.237345,3585.620172,2076.175228,2002.058562,4262.518661,3023.743226,1284.901344,2598.003123,4635.156049,2292.433428,3721.964237,3660.279635,4370.047013,1213.931013,1594.375529,1338.175939,4782.308758,1345.102776,5006.637899,4492.354505,4617.289131,2208.820224,4357.791136,3600.081761,1720.07113,3697.21859,2499.83619,3034.302678,4419.133189,3422.162146,3784.706734,4532.365256,4725.667688,3443.854966,3708.757851,3590.785015,3407.406684,3567.268555,4370.535933,4715.102566,2327.867626,1559.442544,3622.491197,4041.005557,3729.934364,1566.478379,4132.304239,5214.65059,4989.038754,2777.43214,4154.325544,4049.733553,3046.199999,4732.334391
topology_carcinoma_14_clean_no_tumorales.csv,3393.537768,2001.999742,1435.025229,1568.162737,1922.453926,1248.300145,1879.114073,2041.654775,3702.237345,0,1290.833698,2358.137443,2602.613762,1775.313037,1306.965739,3063.141421,1591.105062,2157.812159,1971.638981,1472.684574,1365.493161,1523.856723,3569.011137,3156.729072,4261.152524,1976.706005,3355.189175,2137.51185,1702.82562,2013.696487,2086.724158,1308.355064,1076.706334,2783.241033,1376.99455,1719.990192,1257.912813,1847.728405,1239.166258,1474.831516,1896.564306,1942.26527,1159.302249,1453.883245,1301.212959,1135.592376,1300.334227,1395.769917,1995.090973,1797.879359,2786.825764,1428.263122,1446.61628,1435.14789,3425.719092,1790.189492,2388.266623,2234.96841,1299.596022,1349.934125,1654.146791,1107.439025,1750.376863
topology_dysplasia_18_clean_no_tumorales.csv,3543.030588,1137.310588,157.1383384,1311.567991,1714.364528,472.2544394,1263.23708,2269.124684,3585.620172,1290.833698,0,1906.291319,2511.56199,725.9696699,711.5198857,2721.61906,1320.933613,1146.958297,1529.062111,355.1389992,74.65946346,1155.461119,3549.204543,2850.317374,4018.965453,1625.013776,2660.088799,1834.532478,1142.963515,1152.723625,1574.625947,1345.204859,721.6002138,2366.034528,138.4718565,1228.983944,605.1234221,1061.712653,187.6786374,207.331306,1281.535066,1472.090762,205.8596461,200.8747401,12.28801287,220.5137971,310.5897079,1184.706267,1453.051891,1886.798286,2385.928827,376.6810163,683.2383653,144.3141925,3454.942337,736.6925478,2038.626388,1837.533016,1199.849949,1042.534434,657.1003126,690.1453088,1618.492888
topology_ad_dysplasia_2_clean_no_tumorales.csv,1803.548226,2906.83947,2063.429658,2911.627223,935.1073943,1991.068248,3065.726961,1046.246222,2076.175228,2358.137443,1906.291319,0,981.1931711,2621.713215,1295.038419,1262.328494,966.7502525,3010.43868,752.6546119,2085.086712,1980.950783,2916.877845,1865.33942,1205.51228,2251.870871,3300.122278,1664.014425,3539.396393,2967.178342,3008.199357,987.1153927,2935.750784,2149.862127,941.9992787,2029.798398,1037.176512,1409.736447,2883.111705,1782.205662,2112.814056,3064.826303,3197.195474,1826.854905,2036.261368,1911.820352,1772.284641,1918.036862,2932.535111,3184.202496,1128.645006,1133.571228,1967.325716,2508.919815,2050.605512,1760.846961,2498.479232,3735.505367,3543.139894,1272.827201,2709.597468,2473.44011,1439.088187,3328.988963
topology_ad_carcinoma_11_clean_no_tumorales.csv,1346.760521,3479.012952,2668.700328,3423.715963,1232.45736,2544.847712,3616.781348,1107.374642,2002.058562,2602.613762,2511.56199,981.1931711,0,3223.642911,1856.055532,1373.261607,1326.524282,3605.330259,1205.57562,2666.238739,2586.221454,3436.414383,1608.050559,1199.696117,2005.898694,3833.92599,1955.257494,4056.944526,3504.037818,3601.533833,1405.970818,3359.114167,2608.356179,1083.097391,2621.794522,1561.985244,1954.197762,3442.977449,2351.11216,2717.990308,3581.819849,3740.846136,2410.488966,2637.184723,2517.484977,2319.767463,2484.312444,3418.528817,3743.570227,1302.950574,1349.847605,2570.407038,3049.348344,2655.876183,1284.639392,3080.439463,4288.836191,4078.493768,1506.715322,3195.708134,3047.154594,1892.593521,3805.136805
topology_carcinoma_3_clean_no_tumorales.csv,4210.490438,724.3139839,865.7241822,1142.132701,2418.63349,946.4279771,856.5611919,2834.774727,4262.518661,1775.313037,725.9696699,2621.713215,3223.642911,0,1424.984356,3419.257925,2030.642604,831.990938,2241.855983,1045.734738,684.935874,1187.374851,4253.778763,3352.555104,4733.701183,1223.308538,3369.759751,1405.456636,840.116464,629.3553186,2239.530148,1443.723529,1052.74027,3081.51367,666.4150539,1873.279305,1321.179366,775.1112584,903.238153,798.626283,1072.848293,1153.501993,877.8414595,878.5712729,721.5018072,937.1508505,934.4932282,1209.376735,1092.8286,2540.904166,3101.10039,1018.925244,608.564622,842.7101506,4167.507375,729.5282865,1659.187022,1373.854429,1914.774621,920.5107173,599.032748,1404.21039,1270.551657
topology_ad_dysplasia_4_clean_no_tumorales.csv,2871.236351,1732.833401,868.6582241,1756.878697,1112.897396,828.9523002,1907.654057,1629.531019,3023.743226,1306.965739,711.5198857,1295.038419,1856.055532,1424.984356,0,2099.848601,720.4838076,1814.644261,915.1503981,915.5267459,786.1793492,1750.918884,2922.849508,2197.230154,3342.885918,2130.278737,2208.065516,2358.016216,1776.058068,1843.748616,1122.783471,1747.549248,1049.695473,1712.141111,833.559689,776.7234418,409.418336,1692.061092,652.0507248,918.3688064,1895.611664,2015.506117,653.9704866,850.0099365,717.2094742,615.9506666,745.0877122,1768.325299,1990.859179,1316.035067,1795.67482,848.5443601,1316.418941,855.8340782,2780.339683,1301.536578,2543.357762,2372.726473,710.7943436,1548.12684,1284.073449,462.3785476,2156.220977
topology_ad_carcinoma_9_clean_no_tumorales.csv,1583.718365,3665.770634,2878.757398,3623.83652,1375.518608,2756.014613,3817.482053,1690.185459,1284.901344,3063.141421,2721.61906,1262.328494,1373.261607,3419.257925,2099.848601,0,1765.915431,3800.796781,1368.274457,2862.573026,2796.278523,3630.018031,1294.316893,1074.364302,1628.877324,4006.256673,1026.50811,4246.162225,3675.013035,3770.518152,1464.565788,3639.029948,2857.734389,902.4972606,2839.645426,1704.884542,2210.535241,3612.697174,2569.58968,2927.99791,3774.228006,3905.883261,2596.482312,2847.68169,2727.130404,2576.416129,2720.901186,3632.550287,3901.695491,1618.084648,896.6172877,2779.646328,3213.072846,2865.933252,1312.461401,3278.397657,4452.779823,4249.226515,2081.895306,3416.33196,3246.039754,2234.224928,4036.396172
topology_ad_dysplasia_3_clean_no_tumorales.csv,2330.318853,2292.151627,1478.071951,2280.633487,870.1931478,1362.511026,2468.991313,1132.081341,2598.003123,1591.105062,1320.933613,966.7502525,1326.524282,2030.642604,720.4838076,1765.915431,0,2417.435366,721.8208383,1490.241509,1395.593076,2272.820223,2427.347094,1774.159618,2871.961008,2670.650957,2108.450257,2888.304145,2327.712575,2425.252723,1124.670004,2229.508185,1468.291339,1398.540771,1431.423739,825.7770195,831.8702441,2250.92804,1181.688697,1527.486683,2392.954428,2557.340496,1226.113391,1451.125159,1327.235474,1136.393277,1301.230021,2261.483958,2557.540809,934.0908012,1459.944924,1389.54253,1858.384209,1465.247805,2206.153557,1893.47504,3099.0273,2914.845404,588.6155148,2029.83946,1860.034966,812.3581604,2640.804642
topology_carcinoma_16_clean_no_tumorales.csv,4605.063387,871.8945109,1217.419105,1467.328594,2781.893145,1285.513616,1099.824109,3161.914853,4635.156049,2157.812159,1146.958297,3010.43868,3605.330259,831.990938,1814.644261,3800.796781,2417.435366,0,2621.26336,1354.52104,1121.02021,1489.721757,4633.410669,3775.247049,5110.283983,1597.399613,3774.321064,1600.027729,1162.690146,1016.294213,2624.335528,1849.320287,1361.063646,3464.014846,1066.28667,2261.169879,1697.983877,890.9406398,1290.317055,1183.420579,1081.944644,1304.48705,1270.996996,1251.253157,1141.694914,1314.817971,1317.40035,1600.772498,1207.827068,2927.124874,3478.592948,1331.693619,1084.848154,1285.419529,4539.702317,951.7523543,1656.984429,1604.005315,2288.887824,1198.062341,951.4803708,1784.910916,1379.635933
topology_ad_carcinoma_12_clean_no_tumorales.csv,2155.324748,2494.828776,1686.20045,2502.853029,663.3962307,1584.283948,2687.797339,1135.038539,2292.433428,1971.638981,1529.062111,752.6546119,1205.57562,2241.855983,915.1503981,1368.274457,721.8208383,2621.26336,0,1678.699155,1603.721575,2517.260153,2179.517409,1506.456818,2602.295142,2876.269124,1636.038683,3124.218513,2543.380136,2621.482834,759.0142333,2511.295198,1751.165641,1083.568283,1646.89231,696.9198304,1054.725162,2461.914619,1400.12498,1735.712982,2636.584729,2770.95491,1416.453924,1657.063226,1535.228521,1398.515853,1540.456836,2503.479401,2755.323281,903.2316705,1119.72934,1606.002165,2079.792593,1673.376304,2045.408104,2103.056802,3311.954921,3122.864595,1023.754266,2289.259275,2072.051809,1090.339262,2908.015157
topology_dysplasia_8_clean_no_tumorales.csv,3693.352861,1282.210372,387.1187387,1519.653642,1858.828959,669.2024705,1451.749476,2411.632885,3721.964237,1472.684574,355.1389992,2085.086712,2666.238739,1045.734738,915.5267459,2862.573026,1490.241509,1354.52104,1678.699155,0,402.4551454,1419.422801,3688.479342,2992.190227,4180.423361,1793.524472,2851.450493,1994.580244,1403.459545,1452.355198,1750.39287,1581.593503,926.0002333,2545.811752,461.3270509,1381.043243,787.8026919,1324.043073,415.8024066,473.1811341,1507.915051,1694.578336,405.5450566,447.5091224,361.3541284,439.143197,535.9501903,1453.378442,1685.225538,2030.308937,2543.637845,492.6029023,951.6703688,409.3266255,3614.081477,797.208004,2237.538249,2053.829353,1367.449746,1286.661279,861.3478203,856.1385468,1842.386428
topology_dysplasia_16_clean_no_tumorales.csv,3617.690051,1086.272639,223.4466265,1347.974808,1789.023992,453.4937026,1237.30801,2327.424453,3660.279635,1365.493161,74.65946346,1980.950783,2586.221454,684.935874,786.1793492,2796.278523,1395.593076,1121.02021,1603.721575,402.4551454,0,1218.779005,3623.864006,2855.63199,4093.624916,1625.129359,2734.748262,1776.453957,1103.509942,1119.21474,1649.285411,1381.198701,751.6440678,2440.693992,176.2215747,1303.643407,679.7828855,1004.61421,262.3381009,250.1027009,1311.310511,1435.683079,280.5191096,244.5701113,86.94747633,295.1732606,335.6935861,1240.036831,1446.394766,1961.45775,2460.588291,451.3404797,680.8363564,205.0052648,3529.601801,738.1102387,2037.136268,1799.680567,1274.509412,1068.236699,661.967066,764.8047722,1565.357551
topology_carcinoma_12_clean_no_tumorales.csv,4360.592143,1394.649012,1295.137453,710.8891757,2610.325555,1354.791781,1038.943063,2858.419567,4370.047013,1523.856723,1155.461119,2916.877845,3436.414383,1187.374851,1750.918884,3630.018031,2272.820223,1489.721757,2517.260153,1419.422801,1218.779005,0,4375.053182,3701.031042,4976.672508,1047.678131,3710.284229,1252.490142,936.3945048,1118.135003,2483.929515,940.311267,1176.739958,3398.03768,1205.729173,2119.389114,1612.999277,1209.488687,1228.549574,1330.359772,1081.026675,1133.747111,1200.862431,1330.064312,1155.294787,1230.144742,1321.154432,656.016596,1105.32102,2631.940573,3353.524781,1410.508623,1064.644383,1299.775312,4347.179465,1304.475992,1366.570516,1122.585558,2084.055663,770.1519293,1144.68188,1658.712129,1096.749609
topology_ad_carcinoma_10_clean_no_tumorales.csv,1374.940552,4494.565292,3706.342881,4362.39807,2064.91541,3545.251577,4596.244189,2012.754855,1213.931013,3569.011137,3549.204543,1865.33942,1608.050559,4253.778763,2922.849508,1294.316893,2427.347094,4633.410669,2179.517409,3688.479342,3623.864006,4375.053182,0,1411.787136,1390.161649,4750.725575,1669.543883,4977.691993,4466.556102,4615.735361,2185.734389,4282.240083,3530.547724,1532.024733,3659.283053,2488.180276,2993.257586,4414.965356,3370.682217,3755.756584,4514.222584,4696.611663,3417.872606,3673.28131,3554.574739,3365.084896,3528.327259,4331.721621,4688.536017,2134.384505,1566.196361,3600.634049,4026.273513,3693.518735,1190.651401,4100.516777,5209.916519,4983.377579,2591.143537,4109.676477,4049.259891,2940.101693,4682.742625
topology_ad_dysplasia_7_clean_no_tumorales.csv,1555.453289,3656.52636,3002.156754,3641.133393,1517.980594,2834.772012,3794.242787,1543.366292,1594.375529,3156.729072,2850.317374,1205.51228,1199.696117,3352.555104,2197.230154,1074.364302,1774.159618,3775.247049,1506.456818,2992.190227,2855.63199,3701.031042,1411.787136,0,1753.848818,3987.661199,1471.731197,4269.534959,3673.359534,3733.388833,1589.252511,3725.524103,2920.892282,981.7313102,2919.34316,1867.252818,2314.45263,3622.686092,2702.907743,2986.20084,3827.394463,3965.75686,2758.118375,2971.30427,2856.181323,2683.956065,2815.709127,3693.648681,3906.062573,1676.727444,1057.346909,2887.986191,3213.980622,2978.652805,1435.621796,3218.687342,4466.392622,4265.662696,2056.568702,3462.279023,3192.495215,2283.644209,4041.977594
topology_ad_carcinoma_8_clean_no_tumorales.csv,1655.747401,5007.35673,4176.103791,4975.705339,2576.719227,4074.986465,5154.349681,2566.043819,1338.175939,4261.152524,4018.965453,2251.870871,2005.898694,4733.701183,3342.885918,1628.877324,2871.961008,5110.283983,2602.295142,4180.423361,4093.624916,4976.672508,1390.161649,1753.848818,0,5358.371644,1765.381171,5599.022381,5045.359063,5107.246941,2717.707123,4941.077316,4185.021975,1856.116268,4137.170751,3017.969129,3477.686797,4964.76318,3864.824382,4225.375328,5129.320478,5264.271695,3914.972544,4142.486394,4024.402961,3860.856436,4018.214995,4979.774893,5250.761437,2749.400321,1947.483834,4071.21639,4581.654132,4163.279646,1441.269889,4587.078475,5812.141215,5591.712479,3121.150642,4772.873452,4559.051718,3469.236097,5376.539948
topology_carcinoma_15_clean_no_tumorales.csv,4760.189594,1384.050549,1765.171416,917.7553555,3010.165669,1658.909791,969.9743687,3265.794809,4782.308758,1976.706005,1625.013776,3300.122278,3833.92599,1223.308538,2130.278737,4006.256673,2670.650957,1597.399613,2876.269124,1793.524472,1625.129359,1047.678131,4750.725575,3987.661199,5358.371644,0,4073.857295,1018.796917,983.7091169,1053.297541,2878.608351,1176.01667,1547.885629,3754.422925,1562.138089,2499.014195,2000.088948,1310.262902,1638.438665,1721.892094,1227.194697,1141.528535,1616.560227,1748.677982,1617.764439,1666.052439,1706.513518,1087.307937,960.1257521,3009.650874,3717.908078,1791.55963,1245.158921,1767.882915,4749.693355,1557.151549,1227.27165,956.0920603,2506.404711,1060.665548,1302.397019,2058.876325,1330.52475
topology_ad_carcinoma_7_clean_no_tumorales.csv,2142.485443,3684.687097,2817.227137,3727.793404,1664.926958,2799.746447,3876.647514,2220.936271,1345.102776,3355.189175,2660.088799,1664.014425,1955.257494,3369.759751,2208.065516,1026.50811,2108.450257,3774.321064,1636.038683,2851.450493,2734.748262,3710.284229,1669.543883,1471.731197,1765.381171,4073.857295,0,4327.512768,3747.002825,3789.555731,1567.46435,3804.681795,3051.143484,1216.466314,2784.548286,1855.843549,2239.422892,3656.37679,2560.321532,2866.521368,3835.581761,3999.952829,2596.159044,2783.990614,2665.388688,2585.048194,2716.835093,3726.129029,3951.159813,2010.592263,1066.980013,2753.523352,3271.874128,2804.402991,1808.888989,3262.829298,4508.291663,4311.380659,2435.643584,3525.95047,3235.431976,2410.795044,4145.259369
topology_carcinoma_4_clean_no_tumorales.csv,4972.319483,1511.86304,1972.341874,1104.49279,3231.197754,1733.8432,1113.413288,3469.910629,5006.637899,2137.51185,1834.532478,3539.396393,4056.944526,1405.456636,2358.016216,4246.162225,2888.304145,1600.027729,3124.218513,1994.580244,1776.453957,1252.490142,4977.691993,4269.534959,5599.022381,1018.796917,4327.512768,0,1239.206395,1183.648367,3098.859515,1251.679323,1667.959064,3997.30975,1748.376637,2745.930126,2218.470663,1421.140462,1855.311659,1890.445237,1281.800667,1204.760592,1806.108204,1938.124657,1830.78582,1867.523338,1898.797023,1269.120098,1151.217124,3224.891004,3956.891295,1970.797144,1449.580857,1950.388366,4952.599004,1725.680998,1258.357814,991.6787225,2715.290897,1273.380201,1491.90044,2254.555231,1311.584661
topology_dysplasia_1_clean_no_tumorales.csv,4459.264063,999.0619284,1283.340016,852.1867175,2671.626886,1166.124474,778.5292845,2959.855023,4492.354505,1702.82562,1142.963515,2967.178342,3504.037818,840.116464,1776.058068,3675.013035,2327.712575,1162.690146,2543.380136,1403.459545,1103.509942,936.3945048,4466.556102,3673.359534,5045.359063,983.7091169,3747.002825,1239.206395,0,792.0076158,2561.269071,1207.334668,1139.426265,3424.378973,1072.237997,2175.014149,1632.244839,760.663473,1229.263986,1255.111738,920.2859095,913.3184812,1205.432499,1338.626922,1139.987163,1258.087289,1282.997329,1015.643005,802.883554,2715.758564,3396.516517,1414.943543,744.2431974,1259.055102,4421.115706,1032.188703,1313.315133,1189.393983,2164.112082,764.8793264,871.1257679,1693.777583,1120.259715
topology_carcinoma_6_clean_no_tumorales.csv,4570.096696,803.7130295,1294.737669,1081.665925,2783.91619,1260.675319,768.2608139,3147.657444,4617.289131,2013.696487,1152.723625,3008.199357,3601.533833,629.3553186,1843.748616,3770.518152,2425.252723,1016.294213,2621.482834,1452.355198,1119.21474,1118.135003,4615.735361,3733.388833,5107.246941,1053.297541,3789.555731,1183.648367,792.0076158,0,2594.118421,1437.579633,1318.144111,3487.775561,1081.634686,2226.564805,1724.18614,873.0044739,1290.942212,1234.112043,1087.173959,1030.168009,1269.424413,1309.953609,1149.984753,1335.159932,1354.143379,1271.61911,917.1345967,2901.477651,3483.204083,1413.352412,891.2839508,1275.220617,4542.094149,1064.282007,1454.213082,1192.027828,2281.624754,970.2557386,870.815445,1776.545102,1302.137018
topology_ad_carcinoma_15_clean_no_tumorales.csv,2231.839685,2514.920868,1731.764286,2495.939372,839.114418,1637.5382,2666.429394,1290.946206,2208.820224,2086.724158,1574.625947,987.1153927,1405.970818,2239.530148,1122.783471,1464.565788,1124.670004,2624.335528,759.0142333,1750.39287,1649.285411,2483.929515,2185.734389,1589.252511,2717.707123,2878.608351,1567.46435,3098.859515,2561.269071,2594.118421,0,2556.758333,1816.481469,1213.196951,1692.989631,744.2055164,1157.355108,2485.670804,1457.184882,1781.175356,2633.414831,2791.908659,1453.567856,1699.259835,1580.729129,1472.349291,1617.775795,2507.622086,2746.384643,1060.857837,1195.962186,1661.212638,2108.239784,1718.94014,2194.151184,2129.991787,3291.619781,3078.978915,1304.136155,2325.014877,2060.976581,1245.808935,2900.295292
topology_carcinoma_8_clean_no_tumorales.csv,4272.628683,1687.155236,1486.16104,960.5034717,2555.250153,1424.485823,1290.687931,2799.194124,4357.791136,1308.355064,1345.204859,2935.750784,3359.114167,1443.723529,1747.549248,3639.029948,2229.508185,1849.320287,2511.295198,1581.593503,1381.198701,940.311267,4282.240083,3725.524103,4941.077316,1176.01667,3804.681795,1251.679323,1207.334668,1437.579633,2556.758333,0,1142.55746,3348.545878,1328.208914,2180.510756,1624.751385,1484.161622,1389.022984,1517.483393,1468.778217,1373.514546,1332.97825,1537.178115,1343.337599,1298.783468,1415.993156,849.0704644,1327.957117,2518.562916,3339.631683,1585.418593,1259.222306,1489.519052,4241.866154,1619.406719,1698.961261,1394.614374,2002.328565,967.3084314,1426.801065,1615.155947,1261.585037
topology_dysplasia_11_clean_no_tumorales.csv,3558.947166,1297.695459,850.4314217,1176.572585,1784.243679,787.9958544,1294.553538,2073.714058,3600.081761,1076.706334,721.6002138,2149.862127,2608.356179,1052.74027,1049.695473,2857.734389,1468.291339,1361.063646,1751.165641,926.0002333,751.6440678,1176.739958,3530.547724,2920.892282,4185.021975,1547.885629,3051.143484,1667.959064,1139.426265,1318.144111,1816.481469,1142.55746,0,2631.172181,744.3412492,1434.431021,908.6233167,1151.096721,698.3895106,892.1312497,1254.35082,1436.210168,682.8404399,855.5461775,721.5812276,614.1140079,716.6361534,1125.90423,1438.70521,1838.441602,2583.102297,918.5051486,814.0142367,865.9144064,3499.652144,1048.507178,1938.290116,1787.559487,1255.806065,828.3397005,901.4873513,891.9398669,1399.687675
topology_ad_carcinoma_1_clean_no_tumorales.csv,1567.137026,3368.889578,2523.172867,3390.092689,1150.805519,2451.345226,3554.5847,1380.004751,1720.07113,2783.241033,2366.034528,941.9992787,1083.097391,3081.51367,1712.141111,902.4972606,1398.540771,3464.014846,1083.568283,2545.811752,2440.693992,3398.03768,1532.024733,981.7313102,1856.116268,3754.422925,1216.466314,3997.30975,3424.378973,3487.775561,1213.196951,3348.545878,2631.172181,0,2485.007894,1486.19331,1856.169335,3344.658409,2244.51955,2572.435387,3523.534661,3648.707653,2287.917605,2491.461552,2371.255787,2228.239701,2378.827544,3396.984428,3635.482559,1403.780159,840.5148385,2443.069617,2964.432708,2510.348721,1417.90786,2953.494243,4201.513835,4010.279901,1758.554859,3180.283621,2932.660403,1897.64328,3790.408378
topology_dysplasia_14_clean_no_tumorales.csv,3654.880301,1056.985786,295.6101949,1304.356644,1825.726166,515.3660306,1163.591946,2362.574469,3697.21859,1376.99455,138.4718565,2029.798398,2621.794522,666.4150539,833.559689,2839.645426,1431.423739,1066.28667,1646.89231,461.3270509,176.2215747,1205.729173,3659.283053,2919.34316,4137.170751,1562.138089,2784.548286,1748.376637,1072.237997,1081.634686,1692.989631,1328.208914,744.3412492,2485.007894,0,1346.66424,720.1155741,952.709178,298.4388904,324.8674505,1240.015336,1365.39672,326.9853417,339.1153992,144.0696938,331.8447831,367.8008184,1230.759606,1381.61768,1994.501834,2497.014157,497.3130208,628.5318119,272.677193,3566.315005,685.7640705,1994.932434,1772.513879,1309.332242,1026.219194,580.0678408,801.9103441,1585.46914
topology_ad_carcinoma_13_clean_no_tumorales.csv,2533.994542,2158.914351,1375.965391,2127.314416,846.7372274,1284.311209,2295.088003,1302.462445,2499.83619,1719.990192,1228.983944,1037.176512,1561.985244,1873.279305,776.7234418,1704.884542,825.7770195,2261.169879,696.9198304,1381.043243,1303.643407,2119.389114,2488.180276,1867.252818,3017.969129,2499.014195,1855.843549,2745.930126,2175.014149,2226.564805,744.2055164,2180.510756,1434.431021,1486.19331,1346.66424,0,794.3857444,2092.241424,1100.342499,1435.601478,2253.875679,2413.495068,1082.567972,1358.441291,1234.355563,1130.399667,1264.891572,2128.508497,2384.636167,972.655666,1455.159127,1306.242968,1701.347007,1373.298136,2482.957037,1785.108088,2910.176871,2713.917272,952.9093688,1918.443309,1692.837432,862.7656723,2533.284631
topology_ad_carcinoma_6_clean_no_tumorales.csv,2974.6583,1611.667993,762.2617604,1634.405339,1166.691557,704.973012,1778.253709,1725.539189,3034.302678,1257.912813,605.1234221,1409.736447,1954.197762,1321.179366,409.418336,2210.535241,831.8702441,1697.983877,1054.725162,787.8026919,679.7828855,1612.999277,2993.257586,2314.45263,3477.686797,2000.088948,2239.422892,2218.470663,1632.244839,1724.18614,1157.355108,1624.751385,908.6233167,1856.169335,720.1155741,794.3857444,0,1568.156648,502.7809226,811.8053593,1722.302231,1896.493272,532.5862552,736.9344597,613.7336187,469.0060526,618.0717205,1616.203267,1884.179769,1346.634728,1836.081078,706.8602927,1174.901027,749.4376146,2890.356076,1189.277864,2435.007713,2262.253489,773.1482908,1391.891349,1160.799911,413.2865163,2008.859559
topology_dysplasia_3_clean_no_tumorales.csv,4398.169895,836.0783988,1180.080803,1182.554694,2613.573324,1108.086431,862.7461418,2945.980025,4419.133189,1847.728405,1061.712653,2883.111705,3442.977449,775.1112584,1692.061092,3612.697174,2250.92804,890.9406398,2461.914619,1324.043073,1004.61421,1209.488687,4414.965356,3622.686092,4964.76318,1310.262902,3656.37679,1421.140462,760.663473,873.0044739,2485.670804,1484.161622,1151.096721,3344.658409,952.709178,2092.241424,1568.156648,0,1154.247746,1173.11836,970.4114213,1001.43456,1132.331441,1208.107932,1065.239879,1164.722225,1151.673187,1288.438217,948.1956012,2692.991093,3320.783523,1358.346082,781.9432224,1188.988691,4369.162294,937.7224135,1534.6371,1457.438452,2109.832093,943.1353253,868.2760293,1627.186043,1251.824929
topology_ad_dysplasia_8_clean_no_tumorales.csv,3385.314439,1208.784971,344.8169758,1308.240137,1544.111965,457.1166512,1366.111094,2104.048062,3422.162146,1239.166258,187.6786374,1782.205662,2351.11216,903.238153,652.0507248,2569.58968,1181.688697,1290.317055,1400.12498,415.8024066,262.3381009,1228.549574,3370.682217,2702.907743,3864.824382,1638.438665,2560.321532,1855.311659,1229.263986,1290.942212,1457.184882,1389.022984,698.3895106,2244.51955,298.4388904,1100.342499,502.7809226,1154.247746,0,394.3760907,1340.58566,1505.143411,226.9191623,333.7523149,197.2885786,217.1304713,334.307741,1235.709698,1502.591659,1720.331899,2227.656365,291.5734103,762.2408499,331.99283,3284.561293,823.82879,2071.431526,1886.579499,1064.148684,1082.410147,744.3797786,594.0549258,1646.090034
topology_dysplasia_13_clean_no_tumorales.csv,3749.635578,1206.793308,269.156088,1479.034748,1906.092239,542.0304772,1357.25879,2475.646078,3784.706734,1474.831516,207.331306,2112.814056,2717.990308,798.626283,918.3688064,2927.99791,1527.486683,1183.420579,1735.712982,473.1811341,250.1027009,1330.359772,3755.756584,2986.20084,4225.375328,1721.892094,2866.521368,1890.445237,1255.111738,1234.112043,1781.175356,1517.483393,892.1312497,2572.435387,324.8674505,1435.601478,811.8053593,1173.11836,394.3760907,0,1455.337076,1572.47282,412.4763379,117.6806805,219.6193189,427.8451032,413.5689025,1357.46674,1597.514458,2093.248971,2592.326659,486.1193921,804.7796359,240.7237644,3661.374949,809.4669103,2179.643631,1916.133578,1406.654792,1201.20425,774.4269221,896.5915365,1724.898474
topology_carcinoma_9_clean_no_tumorales.csv,4572.799858,1131.799715,1424.1897,1043.566068,2738.984747,1432.176774,1077.134448,3034.768806,4532.365256,1896.564306,1281.535066,3064.826303,3581.819849,1072.848293,1895.611664,3774.228006,2392.954428,1081.944644,2636.584729,1507.915051,1311.310511,1081.026675,4514.222584,3827.394463,5129.320478,1227.194697,3835.581761,1281.800667,920.2859095,1087.173959,2633.414831,1468.778217,1254.35082,3523.534661,1240.015336,2253.875679,1722.302231,970.4114213,1340.58566,1455.337076,0,1027.55687,1313.245139,1452.750154,1276.331469,1356.529192,1456.178986,1192.16558,918.3875091,2804.673565,3470.100419,1552.098524,1081.920048,1408.894717,4473.811408,1200.260637,1232.544387,1270.806573,2240.017588,914.9119535,1062.831216,1784.957629,1230.542725
topology_carcinoma_10_clean_no_tumorales.csv,4696.324817,1114.918246,1611.693986,1148.340322,2910.795406,1394.377674,1030.794526,3214.619441,4725.667688,1942.26527,1472.090762,3197.195474,3740.846136,1153.501993,2015.506117,3905.883261,2557.340496,1304.48705,2770.95491,1694.578336,1435.683079,1133.747111,4696.611663,3965.75686,5264.271695,1141.528535,3999.952829,1204.760592,913.3184812,1030.168009,2791.908659,1373.514546,1436.210168,3648.707653,1365.39672,2413.495068,1896.493272,1001.43456,1505.143411,1572.47282,1027.55687,0,1493.225181,1611.644589,1465.682572,1511.668477,1544.86159,1224.578209,970.9462238,2945.620601,3632.621268,1715.183413,1174.760539,1602.630035,4650.950375,1336.17613,1308.624129,1196.578363,2411.281701,1160.209999,1209.893685,1943.112455,1443.088583
topology_dysplasia_7_clean_no_tumorales.csv,3413.746903,1201.913653,358.3866584,1275.557238,1595.403646,362.1389471,1346.273887,2107.083792,3443.854966,1159.302249,205.8596461,1826.854905,2410.488966,877.8414595,653.9704866,2596.482312,1226.113391,1270.996996,1416.453924,405.5450566,280.5191096,1200.862431,3417.872606,2758.118375,3914.972544,1616.560227,2596.159044,1806.108204,1205.432499,1269.424413,1453.567856,1332.97825,682.8404399,2287.917605,326.9853417,1082.567972,532.5862552,1132.331441,226.9191623,412.4763379,1313.245139,1493.225181,0,359.1081086,215.30073,240.0606702,344.3609932,1215.680795,1475.250667,1715.66806,2286.758989,427.4485742,754.412687,350.1738386,3327.414367,807.1806157,2035.785407,1831.63652,1102.291536,1039.013604,749.1854283,611.0271584,1619.485931
topology_dysplasia_6_clean_no_tumorales.csv,3666.551655,1252.723581,303.4146544,1460.860639,1822.580552,542.9984192,1432.152393,2396.599556,3708.757851,1453.883245,200.8747401,2036.261368,2637.184723,878.5712729,850.0099365,2847.68169,1451.125159,1251.253157,1657.063226,447.5091224,244.5701113,1330.064312,3673.28131,2971.30427,4142.486394,1748.677982,2783.990614,1938.124657,1338.626922,1309.953609,1699.259835,1537.178115,855.5461775,2491.461552,339.1153992,1358.441291,736.9344597,1208.107932,333.7523149,117.6806805,1452.750154,1611.644589,359.1081086,0,210.9508771,376.8599144,355.0500954,1380.477955,1615.92164,2011.503378,2509.177607,470.7206026,874.6371851,257.615464,3579.378288,870.2490519,2206.446689,1953.713474,1326.823862,1235.421176,837.1898911,835.6335376,1730.310754
topology_dysplasia_15_clean_no_tumorales.csv,3549.452359,1131.1358,169.4263512,1303.794921,1720.00432,466.0797303,1260.274814,2276.626203,3590.785015,1301.212959,12.28801287,1911.820352,2517.484977,721.5018072,717.2094742,2727.130404,1327.235474,1141.694914,1535.228521,361.3541284,86.94747633,1155.294787,3554.574739,2856.181323,4024.402961,1617.764439,2665.388688,1830.78582,1139.987163,1149.984753,1580.729129,1343.337599,721.5812276,2371.255787,144.0696938,1234.355563,613.7336187,1065.239879,197.2885786,219.6193189,1276.331469,1465.682572,215.30073,210.9508771,0,228.322362,318.3982727,1196.99428,1446.761697,1891.926091,2391.123357,386.2909575,686.247877,156.6022054,3460.17232,731.8797449,2036.948604,1833.263738,1207.504117,1039.515174,652.0813594,696.3339017,1615.859619
topology_ad_dysplasia_9_clean_no_tumorales.csv,3356.554219,1226.986703,377.6521355,1313.476764,1527.974845,403.0814228,1396.181361,2082.107608,3407.406684,1135.592376,220.5137971,1772.284641,2319.767463,937.1508505,615.9506666,2576.416129,1136.393277,1314.817971,1398.515853,439.143197,295.1732606,1230.144742,3365.084896,2683.956065,3860.856436,1666.052439,2585.048194,1867.523338,1258.087289,1335.159932,1472.349291,1298.783468,614.1140079,2228.239701,331.8447831,1130.399667,469.0060526,1164.722225,217.1304713,427.8451032,1356.529192,1511.668477,240.0606702,376.8599144,228.322362,0,194.4287106,1229.926509,1522.434811,1701.080896,2212.270497,407.6023508,787.1848562,364.8279897,3259.167849,838.6945438,2087.215133,1908.500556,1013.904882,1031.596555,789.5436643,535.5362639,1627.342104
topology_dysplasia_10_clean_no_tumorales.csv,3519.585518,1229.733206,447.1635317,1392.144078,1692.905739,417.8275578,1424.802098,2223.128478,3567.268555,1300.334227,310.5897079,1918.036862,2484.312444,934.4932282,745.0877122,2720.901186,1301.230021,1317.40035,1540.456836,535.9501903,335.6935861,1321.154432,3528.327259,2815.709127,4018.214995,1706.513518,2716.835093,1898.797023,1282.997329,1354.143379,1617.775795,1415.993156,716.6361534,2378.827544,367.8008184,1264.891572,618.0717205,1151.673187,334.307741,413.5689025,1456.178986,1544.86159,344.3609932,355.0500954,318.3982727,194.4287106,0,1325.242157,1586.754953,1873.587776,2368.822907,492.2412524,860.2427551,418.3180108,3425.511801,879.9373308,2153.970455,1936.314553,1178.288998,1135.467739,828.6689426,690.6664924,1684.648904
