dimension,birth,death
1,88.07378483454274,210.57246965026036
1,73.34428042492692,146.32010452984267
1,85.91144861861015,150.00502220248
1,60.16935579672697,109.55360449219846
1,83.35448730281185,125.7210658714252
1,91.8697299207018,133.55574505572594
1,87.2555245262223,125.41315394136674
1,95.09962055657924,127.17952287440728
1,49.172409191188784,80.01197609745304
1,80.12787677291455,110.63694498459576
1,87.33828647591405,114.83688809312105
1,97.97104723392796,124.53341880622123
1,67.48574981990764,93.09466129831809
1,97.99074438344884,122.7626157316312
1,64.77353571059693,89.42975331801706
1,53.49682724723236,75.72430304474165
1,36.21460154684835,55.57071415061177
1,64.51615150756552,83.25959784581033
1,62.609464666369135,80.24370439935377
1,55.41442433948315,72.3014141795954
1,37.693050232208215,54.4658924507018
1,39.33905224029997,55.82977378886739
1,78.178266287987,93.14908091925436
1,64.09012167535063,78.73813591838766
1,63.68747996826801,77.56013008050904
1,87.54363029459206,100.5788611567414
1,67.34785615670168,79.39725528619823
1,57.16037643681005,68.86685742115152
1,68.44362016477044,79.28469097959642
1,110.02731276142003,120.11695383418936
1,31.528494645455527,41.1623757333135
1,94.72483968412088,104.33512610399916
1,36.49848190009058,45.98147988094201
1,94.43217283832767,103.16329203625996
1,65.41151978974496,73.9342699156335
1,39.81164076829224,47.92077721131311
1,84.87245522467268,92.51898156019296
1,43.05293507273295,50.50420493110419
1,95.0498372786325,102.49685368161988
1,25.610715141037407,32.7845557553997
1,89.08078913863307,94.97147658624046
1,50.5355763761331,55.68638803640209
1,31.369015225529,36.27844054236251
1,100.69477333631124,105.17658794344877
1,53.636961303443854,58.02036046311061
1,53.776873318572434,58.08060292386793
1,64.16581846343837,68.42380160600247
1,109.99701813033482,113.73783742197504
1,74.35576297754031,77.76910174951531
1,44.20095653798423,47.46050648004566
1,25.498451360307712,28.478861610021493
1,53.76113179848995,56.3745930309755
1,25.875820239756766,28.46658149437001
1,64.99647954035447,67.53216970520147
1,42.74287185787643,45.238430555976194
1,79.25257890784755,81.54924969806558
1,35.91672022672651,38.036933635235926
1,31.264009164518463,33.364513955542165
1,42.48460970005598,44.01216965838099
1,42.48282193314074,43.354237891757855
1,23.612392931175822,24.127238237019625
1,79.2352423009189,79.6369713207815
1,51.80035272981599,52.077250033963885
1,41.68507114200955,41.92362528567711
0,0.0,inf
0,0.0,96.51211151162504
0,0.0,79.64682052168601
0,0.0,77.50512953092068
0,0.0,76.50102997083162
0,0.0,74.07481896658638
0,0.0,72.99762662763219
0,0.0,71.13400518055137
0,0.0,70.19251658138963
0,0.0,68.69707980324058
0,0.0,68.6065944687268
0,0.0,68.48024060142373
0,0.0,68.29339817564501
0,0.0,67.99368202280877
0,0.0,66.92291559842204
0,0.0,66.06689706329456
0,0.0,62.62410896167563
0,0.0,61.62056665635414
0,0.0,61.11189085600664
0,0.0,60.50954704491164
0,0.0,60.22240037555177
0,0.0,59.86932398414955
0,0.0,59.456750953238426
0,0.0,59.38346762624999
0,0.0,58.7232951458214
0,0.0,58.34248415180616
0,0.0,58.17534254023018
0,0.0,57.50109404327649
0,0.0,56.27169544409983
0,0.0,55.85009014169656
0,0.0,54.98049543513274
0,0.0,54.16966579050999
0,0.0,53.92979121648491
0,0.0,53.71371363775911
0,0.0,53.48579122628935
0,0.0,53.37326997085992
0,0.0,53.111081630953485
0,0.0,53.07582683341124
0,0.0,52.78648987633473
0,0.0,51.85182440411532
0,0.0,51.46134216364958
0,0.0,51.15781584562793
0,0.0,50.75745395319064
0,0.0,50.38199473542679
0,0.0,50.254381078318126
0,0.0,50.18553505935565
0,0.0,49.81614191898201
0,0.0,49.45670972800522
0,0.0,48.97152274057023
0,0.0,48.66923473357843
0,0.0,48.07448364331758
0,0.0,47.53151109571444
0,0.0,47.18291649903655
0,0.0,46.71174087334448
0,0.0,46.52102896241068
0,0.0,45.61274219379425
0,0.0,45.509029998762784
0,0.0,45.33962515917723
0,0.0,44.92161809126589
0,0.0,44.6920629907676
0,0.0,44.58577749495241
0,0.0,44.479275165447056
0,0.0,42.97690930019946
0,0.0,42.91468316465327
0,0.0,42.64158527504496
0,0.0,42.309473158003314
0,0.0,42.20336441762329
0,0.0,41.40590228292216
0,0.0,41.31471288608995
0,0.0,41.204987684594045
0,0.0,40.99109142331529
0,0.0,40.93987575093772
0,0.0,40.75363134716767
0,0.0,40.73520069870524
0,0.0,40.58410489960452
0,0.0,39.80040993463786
0,0.0,39.4191631081509
0,0.0,39.07172637104813
0,0.0,38.97806033780688
0,0.0,38.806036253039096
0,0.0,38.6202873737362
0,0.0,38.057377025311695
0,0.0,37.96222922219327
0,0.0,37.93135975069888
0,0.0,37.76977493668723
0,0.0,37.30414498860136
0,0.0,36.95803872614452
0,0.0,36.73727666246104
0,0.0,36.51719969316187
0,0.0,36.44822088292934
0,0.0,36.4445406392204
0,0.0,35.71390529825124
0,0.0,35.394414504912554
0,0.0,35.256518366363544
0,0.0,34.98252840395147
0,0.0,34.9500521847425
0,0.0,34.708002713965115
0,0.0,34.65296317726098
0,0.0,34.56203135207773
0,0.0,34.55444768897643
0,0.0,34.548769513182975
0,0.0,34.20245234929843
0,0.0,34.18714069653553
0,0.0,34.14402330826138
0,0.0,34.014387678225695
0,0.0,33.8819381051889
0,0.0,33.83714406452885
0,0.0,33.82937658950591
0,0.0,33.78366366433851
0,0.0,33.76444090405103
0,0.0,33.48037249707275
0,0.0,32.97059440919914
0,0.0,32.91286439885327
0,0.0,32.776213308088195
0,0.0,31.92380575791539
0,0.0,31.741694630318403
0,0.0,31.731446742716106
0,0.0,31.72756598110546
0,0.0,31.453478225073045
0,0.0,31.39860026892807
0,0.0,30.20214405538485
0,0.0,30.06895496278824
0,0.0,29.980544657947792
0,0.0,29.955203907070537
0,0.0,29.94069635155068
0,0.0,29.872321760507063
0,0.0,29.77522173950451
0,0.0,29.71916801541283
0,0.0,29.694481953007227
0,0.0,29.522264810470936
0,0.0,29.38641745319078
0,0.0,29.125761646089988
0,0.0,29.066027689197234
0,0.0,28.785272795502745
0,0.0,28.53004496649706
0,0.0,28.44310239977677
0,0.0,28.36499647956775
0,0.0,28.092740488366218
0,0.0,27.98001438626156
0,0.0,27.89788891198337
0,0.0,27.743089170441603
0,0.0,27.214380827200465
0,0.0,27.138585141425605
0,0.0,27.00266988318292
0,0.0,26.8804173080322
0,0.0,26.8326214972822
0,0.0,26.56555826585973
0,0.0,26.51017454907744
0,0.0,26.371283139109057
0,0.0,26.341016443286183
0,0.0,26.2980282613006
0,0.0,26.24782556617798
0,0.0,26.05465652208843
0,0.0,26.04609553177721
0,0.0,26.016060082199907
0,0.0,25.9839453101541
0,0.0,25.84402650711285
0,0.0,25.8242911114073
0,0.0,25.751428336393456
0,0.0,25.737419130071554
0,0.0,25.73568135698321
0,0.0,25.72988912063033
0,0.0,25.550639452620985
0,0.0,25.45960897609275
0,0.0,25.247666858911938
0,0.0,25.06561697511767
0,0.0,24.87569666251929
0,0.0,24.80210059090933
0,0.0,24.783535257955126
0,0.0,24.77151084572913
0,0.0,24.76449684008389
0,0.0,24.72723675752587
0,0.0,24.43136082676496
0,0.0,24.387509627766367
0,0.0,24.28827018963922
0,0.0,24.019765241730024
0,0.0,23.98156290938707
0,0.0,23.83565431856987
0,0.0,23.738555242029005
0,0.0,23.616375500545978
0,0.0,23.523797089760976
0,0.0,23.41250361764816
0,0.0,23.164319723397654
0,0.0,23.078811037435184
0,0.0,23.05745641634053
0,0.0,22.991802076843506
0,0.0,22.607372969885525
0,0.0,22.43735459345494
0,0.0,22.33505450349968
0,0.0,22.32996878247835
0,0.0,22.17253050826446
0,0.0,21.98051889512713
0,0.0,21.970212787093065
0,0.0,21.920326161915888
0,0.0,21.76230947858112
0,0.0,21.68293881089208
0,0.0,21.556235703062057
0,0.0,21.550899172860294
0,0.0,21.53590632042417
0,0.0,21.479654082934207
0,0.0,21.465508361765664
0,0.0,21.31138998057303
0,0.0,21.257406525421644
0,0.0,21.21562136035205
0,0.0,21.09547023799156
0,0.0,21.09500762129432
0,0.0,20.99311649213926
0,0.0,20.967305033160542
0,0.0,20.950849855244574
0,0.0,20.904194561310508
0,0.0,20.83237431330492
0,0.0,20.753498954192384
0,0.0,20.680374954604805
0,0.0,20.5476259318064
0,0.0,20.404510838874145
0,0.0,20.350109906037936
0,0.0,20.21871208596748
0,0.0,20.1374926060115
0,0.0,20.03767824877788
0,0.0,19.94238863524953
0,0.0,19.6974272979292
0,0.0,19.633993908862845
0,0.0,19.60818210531128
0,0.0,19.545128294616884
0,0.0,19.53797662905767
0,0.0,19.506769173480468
0,0.0,19.47918896563537
0,0.0,19.230394369522468
0,0.0,19.217401107645102
0,0.0,19.003266626133545
0,0.0,18.849462766767
0,0.0,18.783812242292782
0,0.0,18.067860226900965
0,0.0,17.883030840643773
0,0.0,17.83017907723907
0,0.0,17.608897721022775
0,0.0,17.368175037081418
0,0.0,17.34709428158062
0,0.0,17.247980408719673
0,0.0,17.17636765448198
0,0.0,17.003680129237225
0,0.0,16.482595609701026
0,0.0,16.306128298001333
0,0.0,16.22096203789683
0,0.0,16.17231231733376
0,0.0,15.632223524802294
0,0.0,15.393361009053471
0,0.0,15.025969893967549
0,0.0,14.554598201337614
0,0.0,14.54790357228985
0,0.0,14.430790127908589
0,0.0,13.964432032698618
0,0.0,13.877755019181448
0,0.0,13.539686443255892
0,0.0,13.283413554796084
0,0.0,12.85388059166466
0,0.0,12.623668696112444
0,0.0,12.158839200113809
0,0.0,8.858238773623995
1,47.55132419884405,134.8800577799221
1,67.31385272328677,131.7771598451144
1,51.89385243631408,113.98026929634634
1,52.51241600061267,108.87170021349124
1,53.6879421869128,105.52775889760258
1,70.0951772664329,119.28307860267444
1,51.69730573476689,99.99258947358256
1,43.2927476587366,89.42481740142041
1,48.74463424117755,90.441941281363
1,41.70694665648559,80.88508620715653
1,43.10878014943535,79.9383822262452
1,51.26877620537624,78.699797591038
1,122.22664668233632,149.04964248538843
1,37.490631851942375,63.10766596133847
1,62.90769117304124,87.1581458074691
1,35.911882345100835,59.95410635168897
1,46.80946242481807,70.65631253230713
1,43.33355046722657,66.95991251367919
1,49.80518636413685,72.55242220438947
1,87.51097067591802,109.602504756461
1,29.64346105282974,50.09314127467982
1,49.088138481538806,67.83758555552315
1,62.52219409155556,81.09097771495195
1,46.61838139023799,64.6841365912878
1,42.368949061186576,60.06869228583777
1,71.88021352067251,89.30451346023601
1,33.4524197443302,50.310350163065735
1,49.40095802164605,65.8030297868833
1,44.73376034809185,60.71327535637712
1,46.02454903199489,61.77589721196795
1,61.31852844108983,76.21916362069396
1,61.75904535626013,76.49302987095778
1,45.18160854219749,59.55830878001227
1,31.8100701986346,46.09196676293841
1,43.00469871013281,56.80542493611117
1,50.7013506680997,63.99999385512454
1,66.2658554780938,79.16046335752614
1,25.608842234538777,38.31530593880672
1,37.4364592839184,49.910502749374665
1,137.5646749592433,150.02957198487843
1,38.4594454296475,50.67639363165449
1,44.5019675839118,56.092609034009456
1,58.25815546553983,69.40612927974988
1,47.386151922258456,57.71145861791549
1,31.666160989590736,41.735184205950745
1,50.28654498008427,60.1476305694618
1,67.71381571969309,77.39897090062506
1,60.993907785087394,70.4368276815165
1,49.88586595856549,58.77391920690172
1,47.32127172240839,56.02074460868501
1,57.084511831500215,65.54061463767975
1,36.90550319875878,45.10537342196782
1,32.592920997939615,40.32662815708231
1,45.55934780380213,53.19742310943612
1,31.719900894018448,39.0288077313776
1,35.224778975442526,42.44854676965508
1,24.24477931196716,31.40825914971087
1,25.670057130532943,32.47349859464438
1,63.48516702956079,70.17714274068642
1,57.313146153272086,63.828812477602966
1,57.07309478802128,63.55418895535701
1,41.39383281495393,47.629095741323376
1,26.46533319133568,32.36199566779179
1,37.84822720746802,43.69487074454247
1,20.569812703423874,26.299089334696472
1,66.2037201816843,71.6543077834338
1,37.11376146926249,42.55426115592402
1,31.55912996762132,36.97387692718656
1,62.3416281137296,67.65277112936256
1,62.5140606411851,67.82156442521176
1,31.487989512208856,36.15900174840289
1,36.20973567122654,40.87709124591388
1,26.976166247479235,31.22564402037071
1,46.06196061587109,50.0552074135852
1,36.116652986042766,40.021518672864886
1,46.06552478081142,49.83699407483004
1,31.731709230843173,35.5010423274952
1,34.023603914442866,37.52497413300368
1,57.16467784875095,60.561493882398
1,44.17234678993595,47.55881629956474
1,45.87892558516816,49.255333426729855
1,47.936033922029246,51.01801632641085
1,39.0471112993285,42.12904459934479
1,27.19407161144876,30.26867151654949
1,45.66805786941939,48.70113647249707
1,42.50266923779616,45.42048568970621
1,64.20657790936666,67.08182630651977
1,33.18457333522982,36.05720188199993
1,29.61567584138109,32.34634909915683
1,40.3093585334413,42.859723871687365
1,25.60158984264541,28.06646252383346
1,24.438055521555807,26.765358029226736
1,58.44991611166023,60.76847980934175
1,28.926684541361805,31.23761694113924
1,58.05772181885687,60.3637765621503
1,29.80429586788783,32.10169263811215
1,58.63365556867318,60.88025351839192
1,40.29036780676109,42.4143636844583
1,28.1217195342696,29.96094116668252
1,77.17901007799122,78.92200361850375
1,47.7187675333697,49.42791981132805
1,56.7685139278293,58.38063663119271
1,56.62147494735793,58.20157635335047
1,75.68098221467335,77.2501095643742
1,29.682377857990595,30.95168817374654
1,39.31341678871434,40.54853040573759
1,110.91231952769108,112.11624544448703
1,28.606366941799084,29.785901422646774
1,39.54328954483501,40.69641814243813
1,28.37461626772505,29.467445035323767
1,39.12564571410667,40.20549073404219
1,32.39937967761183,33.39100719928373
1,34.82132440557785,35.73693732099001
1,39.41331728384274,40.304571144105445
1,52.40976864161879,53.22554350761374
1,56.70687129660268,57.51895904483823
1,48.48051324442278,49.20868435048046
1,46.8539834829738,47.56444075155436
1,49.63677245124951,50.23903119123332
1,44.18420439276265,44.62761405467509
1,74.01177381195086,74.17282115356701
1,52.232560764592826,52.39151303033971
1,46.90287942568638,47.04342881470885
0,0.0,80.36520150741256
0,0.0,78.82086301999307
0,0.0,65.57478063604104
0,0.0,63.61481370931836
0,0.0,61.5906613686398
0,0.0,60.58943893503973
0,0.0,59.98076898045047
0,0.0,58.60760615798193
0,0.0,55.34907560054478
0,0.0,53.10582201392497
0,0.0,53.098437547981234
0,0.0,51.2966455861115
0,0.0,50.50066642834332
0,0.0,50.06621558870405
0,0.0,49.89213264352952
0,0.0,49.05584561001222
0,0.0,48.94132133412048
0,0.0,48.69400008078332
0,0.0,48.15478258753244
0,0.0,47.63353448931817
0,0.0,46.44483683779825
0,0.0,45.47189017839271
0,0.0,45.403287165160336
0,0.0,45.38378554844808
0,0.0,45.29789592535964
0,0.0,45.29433268151793
0,0.0,45.23635962614138
0,0.0,45.2326483160535
0,0.0,44.632770619533474
0,0.0,43.87860030400349
0,0.0,43.7448985535653
0,0.0,43.22337925321924
0,0.0,43.05039761436643
0,0.0,42.61581624352009
0,0.0,42.04017708000283
0,0.0,41.75299271060096
0,0.0,40.603305178701554
0,0.0,40.46216558231634
0,0.0,40.115386520956775
0,0.0,40.0581608359954
0,0.0,39.87577596053741
0,0.0,39.79489491970003
0,0.0,38.832294048430775
0,0.0,38.64093555865722
0,0.0,38.6154133062506
0,0.0,38.48497976701656
0,0.0,38.25427371652177
0,0.0,38.04296419751066
0,0.0,38.016431470141946
0,0.0,37.89354696294984
0,0.0,37.51084859059729
0,0.0,37.40042842619752
0,0.0,37.193672427830606
0,0.0,37.09029880632707
0,0.0,37.08911697530446
0,0.0,37.074101613159606
0,0.0,36.90609999350301
0,0.0,36.537753662005365
0,0.0,36.515527703713474
0,0.0,36.49713376669048
0,0.0,36.36461950409176
0,0.0,36.35245377443079
0,0.0,36.26248527221286
0,0.0,36.23160569129453
0,0.0,36.13412790717987
0,0.0,36.068603187142045
0,0.0,35.90672898797425
0,0.0,35.83135592612841
0,0.0,35.793473640225955
0,0.0,35.785830118092534
0,0.0,35.62177587929866
0,0.0,35.47369287027138
0,0.0,35.44433768111003
0,0.0,35.40864962664514
0,0.0,35.39140066655477
0,0.0,35.362555546101966
0,0.0,35.06229989217901
0,0.0,34.912726053733884
0,0.0,34.672373507828524
0,0.0,34.61051797811295
0,0.0,34.43710450929379
0,0.0,34.37910902348817
0,0.0,34.37246598332234
0,0.0,34.35621766416772
0,0.0,34.176789415876016
0,0.0,33.79842482848822
0,0.0,33.72129975926069
0,0.0,33.677122019764774
0,0.0,33.59911173646983
0,0.0,33.575162409196004
0,0.0,33.53720235104613
0,0.0,33.393392338945574
0,0.0,33.18504177550118
0,0.0,33.094755197276164
0,0.0,33.02266468927218
0,0.0,32.9078712367115
0,0.0,32.86687401297467
0,0.0,32.76647673688585
0,0.0,32.7371798335259
0,0.0,32.660885024953124
0,0.0,32.553286555881265
0,0.0,32.380602514184226
0,0.0,32.29207553621066
0,0.0,32.23064576082123
0,0.0,32.211164235529075
0,0.0,32.188609813859536
0,0.0,32.098091705768255
0,0.0,31.891122127532253
0,0.0,31.822336231580188
0,0.0,31.70734733101272
0,0.0,31.70174211140977
0,0.0,31.389903334783444
0,0.0,31.331769725972126
0,0.0,31.33019549209991
0,0.0,31.257315170987013
0,0.0,31.09821228490015
0,0.0,30.70729349397197
0,0.0,30.693347707997077
0,0.0,30.61369336482892
0,0.0,30.43146894128658
0,0.0,30.227153117174783
0,0.0,30.01181370547585
0,0.0,29.961742809299604
0,0.0,29.95708553706794
0,0.0,29.950442649168806
0,0.0,29.74601490656962
0,0.0,29.728133519346127
0,0.0,29.619276609037865
0,0.0,29.596821872852143
0,0.0,29.572171646498287
0,0.0,29.50379922862011
0,0.0,29.490184985529503
0,0.0,29.466191558318624
0,0.0,29.449464701717496
0,0.0,29.415172539382542
0,0.0,29.370976188789907
0,0.0,29.317884332759345
0,0.0,29.294673919523003
0,0.0,29.28835504375589
0,0.0,29.28546967550609
0,0.0,29.179764855305717
0,0.0,29.092725497606423
0,0.0,29.0708200303504
0,0.0,28.974585961198017
0,0.0,28.93159000353665
0,0.0,28.86587511303461
0,0.0,28.79760038705547
0,0.0,28.73793800119933
0,0.0,28.635157226915663
0,0.0,28.493812519317316
0,0.0,28.49074698174488
0,0.0,28.26503974734053
0,0.0,28.22067219008312
0,0.0,28.20985616743761
0,0.0,28.20843915319984
0,0.0,28.14266883260929
0,0.0,28.05754843880791
0,0.0,27.765945873653703
0,0.0,27.752303090384427
0,0.0,27.69942200626271
0,0.0,27.613083125204607
0,0.0,27.47872883221556
0,0.0,27.34336491339951
0,0.0,27.317019368783036
0,0.0,27.0734516071738
0,0.0,27.05600555596649
0,0.0,27.046000205137616
0,0.0,26.983854137115134
0,0.0,26.96319179137026
0,0.0,26.929861581928503
0,0.0,26.88356458423466
0,0.0,26.87648972954374
0,0.0,26.74909165454024
0,0.0,26.56018327113041
0,0.0,26.52201022081115
0,0.0,26.493300950104157
0,0.0,26.48219579489256
0,0.0,26.414214922527037
0,0.0,26.32580142248134
0,0.0,26.3210219318417
0,0.0,26.295541029614533
0,0.0,26.2017918469671
0,0.0,26.1228799024648
0,0.0,26.1095768161562
0,0.0,26.09216614187302
0,0.0,26.08687311526467
0,0.0,26.068346659352432
0,0.0,26.059753974924973
0,0.0,26.01279511503616
0,0.0,25.99622991569496
0,0.0,25.890518141279337
0,0.0,25.856086983304387
0,0.0,25.84852971881964
0,0.0,25.83862485843702
0,0.0,25.760547954077555
0,0.0,25.73025216259235
0,0.0,25.730016704180297
0,0.0,25.57789601883795
0,0.0,25.52462543114964
0,0.0,25.480357100639623
0,0.0,25.45092988655569
0,0.0,25.43625667272605
0,0.0,25.31459728656474
0,0.0,25.306483059109656
0,0.0,25.23726221178354
0,0.0,25.23217905289295
0,0.0,25.138511916815272
0,0.0,25.10842736742277
0,0.0,24.930810471173
0,0.0,24.925606186625924
0,0.0,24.754188944977724
0,0.0,24.642662366717676
0,0.0,24.54552038765186
0,0.0,24.525016598468135
0,0.0,24.5200997558825
0,0.0,24.466668428810312
0,0.0,24.43619267629194
0,0.0,24.399929254055927
0,0.0,24.379871008106925
0,0.0,24.370004398845065
0,0.0,24.36038733625465
0,0.0,24.30318154529685
0,0.0,24.264024731308137
0,0.0,24.21220618188529
0,0.0,24.16674723194552
0,0.0,24.154031384494232
0,0.0,24.064691045979195
0,0.0,24.04862700656413
0,0.0,24.039530771873945
0,0.0,24.004890830724136
0,0.0,24.00004160069172
0,0.0,23.977363174641308
0,0.0,23.95494991480628
0,0.0,23.9030452438351
0,0.0,23.89980326434022
0,0.0,23.681767369000205
0,0.0,23.549782450872502
0,0.0,23.52794432626304
0,0.0,23.524246551174176
0,0.0,23.441996921186316
0,0.0,23.33764694461166
0,0.0,23.27451587337708
0,0.0,23.17008743559984
0,0.0,23.155359270397128
0,0.0,23.11527685403473
0,0.0,23.10619949620796
0,0.0,23.093081815150686
0,0.0,23.080656331591047
0,0.0,23.06300669181385
0,0.0,22.99616294664125
0,0.0,22.959632150303804
0,0.0,22.893740733567174
0,0.0,22.864949450735114
0,0.0,22.76755282474516
0,0.0,22.76043111797327
0,0.0,22.755634654621197
0,0.0,22.70510948157315
0,0.0,22.631133230073797
0,0.0,22.629827666422305
0,0.0,22.508173365547933
0,0.0,22.49154489039813
0,0.0,22.446107725067595
0,0.0,22.40660948492251
0,0.0,22.390465933006112
0,0.0,22.38576313982908
0,0.0,22.38082664102029
0,0.0,22.33106833423537
0,0.0,22.319317213906256
0,0.0,22.23586604251767
0,0.0,22.23525858218795
0,0.0,22.225691279877903
0,0.0,22.16628819537212
0,0.0,22.16520829669696
0,0.0,22.155376979332555
0,0.0,22.104168121036967
0,0.0,22.04500887570348
0,0.0,22.011306383101715
0,0.0,21.9714454422712
0,0.0,21.89908005991987
0,0.0,21.84883343408586
0,0.0,21.733000935133006
0,0.0,21.66397956021339
0,0.0,21.65339842104943
0,0.0,21.43408115256048
0,0.0,21.43280948161834
0,0.0,21.402102277013487
0,0.0,21.37877415569552
0,0.0,21.266450286753265
0,0.0,21.243292080161336
0,0.0,21.236364870823124
0,0.0,21.17981654640122
0,0.0,21.079735830915823
0,0.0,21.056672878434807
0,0.0,21.036478007205098
0,0.0,21.007936662368177
0,0.0,20.96792922522167
0,0.0,20.89593934974185
0,0.0,20.876978464886797
0,0.0,20.801160063133004
0,0.0,20.78793743327949
0,0.0,20.77088062480768
0,0.0,20.672677336393782
0,0.0,20.66900458122571
0,0.0,20.634762454921656
0,0.0,20.62023362155437
0,0.0,20.617994044474035
0,0.0,20.602018812157517
0,0.0,20.567045664633675
0,0.0,20.542838645437406
0,0.0,20.481414336799972
0,0.0,20.476292616034755
0,0.0,20.40918140813453
0,0.0,20.408716462524445
0,0.0,20.4082618783309
0,0.0,20.404840260122675
0,0.0,20.300913737285757
0,0.0,20.26848118040896
0,0.0,20.2526086568674
0,0.0,20.250442540249853
0,0.0,20.22750275239225
0,0.0,20.224074693166862
0,0.0,20.18915783308292
0,0.0,20.179874738205136
0,0.0,20.175868047379293
0,0.0,20.1476175564935
0,0.0,20.14426841757299
0,0.0,20.09213705655766
0,0.0,20.018651364314334
0,0.0,19.988992436176737
0,0.0,19.98410405195185
0,0.0,19.929695030796044
0,0.0,19.853156516071103
0,0.0,19.8156331615224
0,0.0,19.781231469615665
0,0.0,19.780853960422363
0,0.0,19.709355507904743
0,0.0,19.614457884615263
0,0.0,19.582317057269226
0,0.0,19.56823387824265
0,0.0,19.567190058061254
0,0.0,19.543907567926667
0,0.0,19.51715715160931
0,0.0,19.478659646152856
0,0.0,19.435976062321764
0,0.0,19.38064687823925
0,0.0,19.347552484258514
0,0.0,19.32831520583577
0,0.0,19.265931860198734
0,0.0,19.250883608316894
0,0.0,19.224956336032445
0,0.0,19.196669397349016
0,0.0,19.185125258052068
0,0.0,19.153652844425665
0,0.0,19.14386201599906
0,0.0,19.094542224131235
0,0.0,19.08431582902075
0,0.0,19.063610873926937
0,0.0,19.0309029801362
0,0.0,19.0200731166797
0,0.0,18.997836165592933
0,0.0,18.95996185811768
0,0.0,18.858195344596226
0,0.0,18.82502053113989
0,0.0,18.80713256942164
0,0.0,18.72017350659969
0,0.0,18.72005630812917
0,0.0,18.71602153162324
0,0.0,18.67959484933941
0,0.0,18.673937319800675
0,0.0,18.60216270378297
0,0.0,18.57016066745656
0,0.0,18.51363846925642
0,0.0,18.504085008028877
0,0.0,18.44634859415668
0,0.0,18.43439646316661
0,0.0,18.30389940001508
0,0.0,18.29855827873302
0,0.0,18.280562365350026
0,0.0,18.24813204745646
0,0.0,18.233319903669777
0,0.0,18.214732984193827
0,0.0,18.21083412792048
0,0.0,18.171612406422437
0,0.0,18.14392085708273
0,0.0,18.12680769875537
0,0.0,18.042743174501755
0,0.0,18.000154967453874
0,0.0,17.951884917797617
0,0.0,17.94659624541396
0,0.0,17.765621768770835
0,0.0,17.636335302559754
0,0.0,17.62362889880893
0,0.0,17.50798690314705
0,0.0,17.47958571262617
0,0.0,17.431706352732956
0,0.0,17.38831969341589
0,0.0,17.38447715728272
0,0.0,17.33931114385485
0,0.0,17.27918348820767
0,0.0,17.243907676671153
0,0.0,17.23143219635976
0,0.0,17.178321053861787
0,0.0,17.112219696743487
0,0.0,17.0323710391909
0,0.0,17.013309674014476
0,0.0,16.98602000039608
0,0.0,16.98294803703178
0,0.0,16.850309336938917
0,0.0,16.806964701584587
0,0.0,16.763907841846116
0,0.0,16.75205720238991
0,0.0,16.68594076940536
0,0.0,16.68007368475262
0,0.0,16.658259352012934
0,0.0,16.575342115775538
0,0.0,16.571403946873687
0,0.0,16.556966130776647
0,0.0,16.531205237803782
0,0.0,16.524234925926443
0,0.0,16.501429887498364
0,0.0,16.400585520719723
0,0.0,16.386387273127358
0,0.0,16.09830191400256
0,0.0,16.08606871372275
0,0.0,15.815116121245126
0,0.0,15.62051874619064
0,0.0,15.575814947462094
0,0.0,15.564710053131162
0,0.0,15.527277237653667
0,0.0,15.400633839218273
0,0.0,15.398840172559746
0,0.0,15.354544548797271
0,0.0,15.307484972355162
0,0.0,15.301533093471578
0,0.0,15.265516248393602
0,0.0,15.2586252212367
0,0.0,15.235871077475458
0,0.0,15.204118293995109
0,0.0,15.198956679738796
0,0.0,15.174747720083625
0,0.0,15.15802192238326
0,0.0,15.090205139533268
0,0.0,15.071270913852986
0,0.0,14.9683139464029
0,0.0,14.942013283821074
0,0.0,14.843303372235088
0,0.0,14.697345104949754
0,0.0,14.634405857351185
0,0.0,14.601917519349351
0,0.0,14.525285276126784
0,0.0,14.447792027180531
0,0.0,14.125316023900863
0,0.0,14.092608536949802
0,0.0,14.078458866414335
0,0.0,13.906287388203673
0,0.0,13.841119247775405
0,0.0,13.385220566419248
0,0.0,13.352655708606164
0,0.0,13.347695230361184
0,0.0,13.30211466170934
0,0.0,13.21776546460848
0,0.0,12.9068628588636
0,0.0,12.80796269060849
0,0.0,12.42083068113048
0,0.0,11.504966675593495
0,0.0,11.146038880498269
0,0.0,11.13157650872486
0,0.0,11.081399614243471
0,0.0,10.929031220506346
0,0.0,9.73923362909503
0,0.0,8.734631005039196
1,63.97274995266519,149.63003394301822
1,109.41916891630386,184.44313469256687
1,76.51749672812365,146.00149971604043
1,105.19048039184268,162.02506140536883
1,83.8995942809905,131.64107557969265
1,50.95973329147793,81.72579332392448
1,109.64732313892212,137.03392886113875
1,127.60543840127536,151.12571397170893
1,77.75347058168273,100.2983801203973
1,84.14825544347029,105.30696800753532
1,171.320348190747,191.9550617135841
1,67.41856942567743,87.2354505533646
1,141.5633247186488,161.22220023295324
1,99.0931768230116,116.7908370486796
1,83.58370272477909,101.23713622624312
1,112.96868781614891,127.3635593916831
1,86.11850431299837,99.81332027276152
1,87.3970792988824,100.4876682119868
1,53.92192862108704,66.01510762479555
1,38.55444748928796,50.3078494430102
1,78.60971514894928,89.96212231937756
1,53.92361273763776,65.07720292510739
1,57.980218640575615,68.73114751556474
1,75.68007130872412,86.16781481488434
1,51.95985342473001,62.13237501840988
1,41.31236545311253,50.92530308616837
1,33.20622082216303,41.89554373601864
1,56.32835532649617,63.977160949001885
1,68.4685020001299,75.2707771972186
1,127.70090875779124,134.22156904120615
1,69.75922102484829,76.04455320917722
1,20.49842835656677,26.259298819734006
1,20.688557689314827,25.99944164114082
1,46.69828037546093,51.0971743370978
1,25.61630653002457,29.462422083802814
1,31.472343126915277,35.07566458702508
1,27.03554017966021,30.39370546280332
1,81.76191711550054,84.70620713331311
1,80.84365684034793,83.02409383838683
1,49.0481904183722,50.91710697349376
1,81.1451224269422,82.23307121002559
1,52.9156461713894,53.98022845842196
1,51.9600655445753,52.5260401488836
1,24.155871242047198,24.712855773809583
1,22.05460941943565,22.53283386692754
1,52.99610893865167,53.39880363029648
1,129.36025994322597,129.69841758647587
1,115.32524046907916,115.6466041178851
1,36.34226065407712,36.6497621706493
1,43.11078545237535,43.18849613120852
0,0.0,104.15879956965075
0,0.0,102.33604335830054
0,0.0,97.95753003090542
0,0.0,88.23593686984026
0,0.0,84.13557128129122
0,0.0,79.77333625297416
0,0.0,79.07814093076198
0,0.0,78.04637857347153
0,0.0,74.61306950165401
0,0.0,73.87782416196515
0,0.0,69.07449980449047
0,0.0,68.38563641965601
0,0.0,67.76618731890656
0,0.0,67.4158835969149
0,0.0,67.33912978163434
0,0.0,66.1022951135109
0,0.0,65.45130040562543
0,0.0,63.21554877264781
0,0.0,62.9529299910168
0,0.0,62.25147798186679
0,0.0,62.21132389933535
0,0.0,58.89258252706284
0,0.0,58.865105278855296
0,0.0,58.54470827434567
0,0.0,57.389632794761226
0,0.0,57.04346277010292
0,0.0,56.156182608055616
0,0.0,53.73088076415715
0,0.0,53.38892104645884
0,0.0,53.20376132700002
0,0.0,52.0325390538704
0,0.0,50.28917543511695
0,0.0,48.8707210979868
0,0.0,48.77725654083089
0,0.0,48.70237669948538
0,0.0,48.22189784509384
0,0.0,47.92969907991326
0,0.0,47.76048597655368
0,0.0,47.60231613342115
0,0.0,47.256530125632615
0,0.0,46.918313851278455
0,0.0,46.61350582059645
0,0.0,46.60997266366147
0,0.0,46.3149875927243
0,0.0,46.29609285843931
0,0.0,46.1499429320883
0,0.0,46.139309994066096
0,0.0,45.97387520679565
0,0.0,45.83821456163425
0,0.0,45.79211711819518
0,0.0,45.365377639295495
0,0.0,45.18963016617933
0,0.0,44.708817104057886
0,0.0,44.39028515290429
0,0.0,44.35219110667213
0,0.0,44.248697605856655
0,0.0,44.11178675458637
0,0.0,43.57099346305869
0,0.0,43.3458285744389
0,0.0,43.00161941683142
0,0.0,42.141363278756565
0,0.0,41.801415410097846
0,0.0,41.19074550677299
0,0.0,40.65404343591642
0,0.0,40.35980364108533
0,0.0,39.54081018129138
0,0.0,39.39145418646186
0,0.0,39.19632194595872
0,0.0,38.5647552424803
0,0.0,38.48850711046829
0,0.0,38.10165655197419
0,0.0,37.89098845973363
0,0.0,37.422114376802135
0,0.0,37.111005160433045
0,0.0,37.08730381534791
0,0.0,36.21319007852375
0,0.0,35.934243274824205
0,0.0,35.86727562034248
0,0.0,35.08919645720492
0,0.0,34.98038488169724
0,0.0,34.81445096353421
0,0.0,33.96491985077046
0,0.0,33.26188864541789
0,0.0,32.880313309661695
0,0.0,32.56147025595873
0,0.0,32.41068577892484
0,0.0,32.18334246394284
0,0.0,31.890925806569232
0,0.0,31.783493021087388
0,0.0,31.35323955886664
0,0.0,31.24710853758696
0,0.0,31.144121736678382
0,0.0,30.90484020346896
0,0.0,30.8597210538633
0,0.0,29.76650289767055
0,0.0,29.5216370273586
0,0.0,29.406258595477944
0,0.0,29.378836363093036
0,0.0,29.368381500020025
0,0.0,28.578089656596084
0,0.0,28.44640090861177
0,0.0,28.03654621204253
0,0.0,27.96192872158667
0,0.0,27.757244900348734
0,0.0,27.67454266306853
0,0.0,27.653392337208142
0,0.0,27.542173631501637
0,0.0,27.526451876910983
0,0.0,27.25372941451991
0,0.0,27.08755936786329
0,0.0,26.79410542451449
0,0.0,26.6903457813992
0,0.0,26.63618761534196
0,0.0,26.42832529143486
0,0.0,26.00439275527693
0,0.0,25.90817232191616
0,0.0,25.35423211461303
0,0.0,25.31730249010608
0,0.0,25.21744779266971
0,0.0,25.11346564312116
0,0.0,25.05695406883308
0,0.0,25.044655334140288
0,0.0,24.98182973668981
0,0.0,24.92232371561139
0,0.0,24.869988653643443
0,0.0,24.78158056464029
0,0.0,24.731290795952543
0,0.0,24.720097040851577
0,0.0,24.699520843962222
0,0.0,24.683819903753644
0,0.0,24.60514067822775
0,0.0,24.29624596228242
0,0.0,24.09769561743833
0,0.0,23.90745361916819
0,0.0,23.840004833100902
0,0.0,23.80574029498228
0,0.0,23.779005417928555
0,0.0,23.76210947772321
0,0.0,23.690315060881737
0,0.0,23.574860326852
0,0.0,23.468156921700217
0,0.0,23.370210246895144
0,0.0,23.357273933089097
0,0.0,22.72152349635684
0,0.0,22.611482965282597
0,0.0,22.575042757058505
0,0.0,22.219838049546063
0,0.0,22.07226984179827
0,0.0,21.962693768064224
0,0.0,21.891923838311204
0,0.0,21.870784886859507
0,0.0,21.83974938796543
0,0.0,21.81571614847183
0,0.0,21.741248377666786
0,0.0,21.581625913546723
0,0.0,21.526541596595735
0,0.0,21.481504976321297
0,0.0,21.43291228333473
0,0.0,21.30128883785957
0,0.0,21.100396726404327
0,0.0,21.03146858197477
0,0.0,20.944946213256674
0,0.0,20.936531895024995
0,0.0,20.87377949817448
0,0.0,20.734685851569942
0,0.0,20.644544930363992
0,0.0,20.626845249767825
0,0.0,20.51599417058728
0,0.0,20.413808633415968
0,0.0,20.40051032405566
0,0.0,20.32445251715089
0,0.0,20.22878283845065
0,0.0,20.213659835325423
0,0.0,20.1565849294884
0,0.0,20.13712540616234
0,0.0,20.06205262540974
0,0.0,20.031639660239023
0,0.0,20.026157051651225
0,0.0,20.017617266656316
0,0.0,19.953107715843547
0,0.0,19.940329661591285
0,0.0,19.902104256526112
0,0.0,19.88982371695335
0,0.0,19.868541842761065
0,0.0,19.861207819896645
0,0.0,19.81652019767744
0,0.0,19.755402480252823
0,0.0,19.697512474099543
0,0.0,19.681195245022423
0,0.0,19.675695569821706
0,0.0,19.65110075054048
0,0.0,19.600932151909863
0,0.0,19.42116977273284
0,0.0,19.39107814748521
0,0.0,19.34256658595024
0,0.0,19.3330375179673
0,0.0,19.02181846279037
0,0.0,18.979202144770685
0,0.0,18.952783379995328
0,0.0,18.930808714473876
0,0.0,18.800590668949543
0,0.0,18.79685996037292
0,0.0,18.77562265763413
0,0.0,18.74894951595001
0,0.0,18.70011657835228
0,0.0,18.642383602939237
0,0.0,18.386366484000977
0,0.0,18.34833487098156
0,0.0,18.10487649351318
0,0.0,18.089588575873904
0,0.0,18.0723645602911
0,0.0,18.020725842309727
0,0.0,17.977299728338696
0,0.0,17.91325562363601
0,0.0,17.875990105597126
0,0.0,17.848147866689935
0,0.0,17.8465583705862
0,0.0,17.70789184967328
0,0.0,17.67967342208903
0,0.0,17.544475115691178
0,0.0,17.46793727387047
0,0.0,17.40980029648654
0,0.0,17.408268681925346
0,0.0,17.373538986129656
0,0.0,17.30545561503346
0,0.0,17.29091660809125
0,0.0,17.232704686508978
0,0.0,17.139377944589747
0,0.0,16.839273298804134
0,0.0,16.797913207706976
0,0.0,16.79412008032674
0,0.0,16.699250653847454
0,0.0,16.648649910364366
0,0.0,16.549361962506254
0,0.0,16.503344620237453
0,0.0,16.357500373841123
0,0.0,16.320877434871676
0,0.0,16.26191796978084
0,0.0,16.194247983404566
0,0.0,16.191994152596845
0,0.0,16.181605272649385
0,0.0,16.095962261979633
0,0.0,16.0920879143691
0,0.0,16.058964582104885
0,0.0,15.874573385930209
0,0.0,15.790434237427805
0,0.0,15.73662250317029
0,0.0,15.709959983579251
0,0.0,15.66739149714516
0,0.0,15.656471632531725
0,0.0,15.632673430783608
0,0.0,15.539540821329052
0,0.0,15.491017484974764
0,0.0,15.385203663280798
0,0.0,15.331299385305975
0,0.0,15.297320423525155
0,0.0,15.148000504333712
0,0.0,14.994380187088616
0,0.0,14.881211686867228
0,0.0,14.81165471787432
0,0.0,14.766238813019196
0,0.0,14.658358706676497
0,0.0,14.633065031712738
0,0.0,14.499256351602236
0,0.0,14.495938466663365
0,0.0,14.424803891996495
0,0.0,14.05568849266894
0,0.0,14.01233133583904
0,0.0,13.971058752441254
0,0.0,13.954054214234104
0,0.0,13.772803049412582
0,0.0,13.730962331737688
0,0.0,13.48960564475952
0,0.0,13.3950670735775
0,0.0,13.196818588392375
0,0.0,12.937671675233332
0,0.0,12.85594323426118
0,0.0,12.590090550938427
0,0.0,11.805267257157134
