,filtrado_filtrado_stroma_ad_carcinoma_FA_HN15_1_otras.csv,dysplasia_FA_HN11A_4_otras.csv,carcinoma_FA_HN11A_5_otras.csv,stroma_ad_dysplasia_FA_HN11A_1_otras.csv,stroma_ad_dysplasia_FA_HN11A_3_otras.csv,filtrado_filtrado_dysplasia_FA_HN15_2_otras.csv,filtrado_carcinoma_FA_HN14_3_otras.csv,filtrado_carcinoma_FA_HN11A_3_otras.csv,filtrado_dysplasia_FA_HN15_1_otras.csv,filtrado_dysplasia_FA_HN11A_1_otras.csv,filtrado_filtrado_stroma_ad_dysplasia_FA_HN11A_5_otras.csv,filtrado_filtrado_carcinoma_FA_HN11A_3_otras.csv,filtrado_dysplasia_FA_HN14_1_otras.csv,filtrado_stroma_ad_carcinoma_FA_HN14_4_otras.csv,filtrado_carcinoma_FA_HN11A_1_otras.csv,filtrado_stroma_ad_carcinoma_FA_HN11A_2_otras.csv,filtrado_stroma_ad_carcinoma_FA_HN14_5_otras.csv,dysplasia_FA_HN11A_3_otras.csv,filtrado_filtrado_stroma_ad_dysplasia_FA_HN11A_3_otras.csv,filtrado_dysplasia_FA_HN15_5_otras.csv,filtrado_filtrado_stroma_ad_carcinoma_FA_HN15_3_otras.csv,filtrado_filtrado_stroma_ad_carcinoma_FA_HN11A_1_otras.csv,filtrado_stroma_ad_dysplasia_FA_HN14_4_otras.csv,filtrado_carcinoma_FA_HN15_2_otras.csv,filtrado_filtrado_stroma_ad_dysplasia_FA_HN14_4_otras.csv,filtrado_carcinoma_FA_HN15_1_otras.csv,filtrado_filtrado_stroma_ad_dysplasia_FA_HN11A_2_otras.csv,stroma_ad_dysplasia_FA_HN15_2_otras.csv,filtrado_filtrado_carcinoma_FA_HN14_1_otras.csv,filtrado_filtrado_carcinoma_FA_HN11A_2_otras.csv,filtrado_filtrado_dysplasia_FA_HN14_1_otras.csv,filtrado_filtrado_stroma_ad_dysplasia_FA_HN14_3_otras.csv,filtrado_dysplasia_FA_HN11A_5_otras.csv,stroma_ad_carcinoma_FA_HN11A_2_otras.csv,carcinoma_FA_HN14_3_otras.csv,filtrado_filtrado_stroma_ad_carcinoma_FA_HN14_3_otras.csv,filtrado_filtrado_stroma_ad_dysplasia_FA_HN14_1_otras.csv,carcinoma_FA_HN14_4_otras.csv,stroma_ad_carcinoma_FA_HN11A_1_otras.csv,filtrado_stroma_ad_dysplasia_FA_HN11A_1_otras.csv,filtrado_stroma_ad_carcinoma_FA_HN14_3_otras.csv,filtrado_filtrado_dysplasia_FA_HN15_5_otras.csv,stroma_ad_carcinoma_FA_HN14_1_otras.csv,filtrado_filtrado_filtrado_stroma_ad_dysplasia_FA_HN14_2_otras.csv,filtrado_carcinoma_FA_HN11A_4_otras.csv,stroma_ad_dysplasia_FA_HN14_2_otras.csv,stroma_ad_dysplasia_FA_HN11A_5_otras.csv,dysplasia_FA_HN15_5_otras.csv,filtrado_stroma_ad_dysplasia_FA_HN15_5_otras.csv,filtrado_stroma_ad_dysplasia_FA_HN11A_3_otras.csv,filtrado_filtrado_dysplasia_FA_HN11A_1_otras.csv,dysplasia_FA_HN14_1_otras.csv,filtrado_dysplasia_FA_HN11A_4_otras.csv,filtrado_stroma_ad_dysplasia_FA_HN11A_4_otras.csv,filtrado_stroma_ad_dysplasia_FA_HN15_2_otras.csv,dysplasia_FA_HN11A_1_otras.csv,filtrado_filtrado_carcinoma_FA_HN11A_1_otras.csv,filtrado_stroma_ad_dysplasia_FA_HN11A_2_otras.csv,stroma_ad_dysplasia_FA_HN15_4_otras.csv,carcinoma_FA_HN14_2_otras.csv,filtrado_dysplasia_FA_HN11A_2_otras.csv,filtrado_filtrado_dysplasia_FA_HN11A_4_otras.csv,filtrado_filtrado_stroma_ad_dysplasia_FA_HN15_1_otras.csv,filtrado_filtrado_stroma_ad_dysplasia_FA_HN11A_1_otras.csv,filtrado_filtrado_stroma_ad_carcinoma_FA_HN14_2_otras.csv,dysplasia_FA_HN11A_5_otras.csv,filtrado_filtrado_dysplasia_FA_HN11A_5_otras.csv,filtrado_filtrado_stroma_ad_carcinoma_FA_HN14_4_otras.csv,carcinoma_FA_HN15_1_otras.csv,filtrado_stroma_ad_dysplasia_FA_HN14_2_otras.csv,filtrado_stroma_ad_carcinoma_FA_HN15_4_otras.csv,filtrado_filtrado_stroma_ad_dysplasia_FA_HN15_2_otras.csv,filtrado_filtrado_stroma_ad_dysplasia_FA_HN15_4_otras.csv,carcinoma_FA_HN15_2_otras.csv,filtrado_carcinoma_FA_HN14_2_otras.csv,filtrado_filtrado_dysplasia_FA_HN15_3_otras.csv,filtrado_filtrado_stroma_ad_carcinoma_FA_HN14_5_otras.csv,filtrado_stroma_ad_carcinoma_FA_HN15_2_otras.csv,stroma_ad_carcinoma_FA_HN15_1_otras.csv,filtrado_dysplasia_FA_HN15_2_otras.csv,stroma_ad_dysplasia_FA_HN11A_4_otras.csv,filtrado_filtrado_stroma_ad_dysplasia_FA_HN15_3_otras.csv,stroma_ad_carcinoma_FA_HN14_3_otras.csv,filtrado_filtrado_dysplasia_FA_HN11A_2_otras.csv,filtrado_filtrado_carcinoma_FA_HN15_2_otras.csv,filtrado_filtrado_stroma_ad_dysplasia_FA_HN11A_4_otras.csv,filtrado_stroma_ad_dysplasia_FA_HN15_4_otras.csv,stroma_ad_carcinoma_FA_HN14_5_otras.csv,filtrado_filtrado_dysplasia_FA_HN15_1_otras.csv,carcinoma_FA_HN11A_2_otras.csv,filtrado_stroma_ad_carcinoma_FA_HN11A_1_otras.csv,stroma_ad_dysplasia_FA_HN14_3_otras.csv,carcinoma_FA_HN14_1_otras.csv,filtrado_filtrado_dysplasia_FA_HN14_2_otras.csv,stroma_ad_carcinoma_FA_HN14_4_otras.csv,filtrado_dysplasia_FA_HN11A_3_otras.csv,filtrado_stroma_ad_dysplasia_FA_HN14_3_otras.csv,dysplasia_FA_HN14_2_otras.csv,filtrado_carcinoma_FA_HN14_4_otras.csv,dysplasia_FA_HN11A_2_otras.csv,dysplasia_FA_HN15_1_otras.csv,filtrado_filtrado_carcinoma_FA_HN14_4_otras.csv,filtrado_filtrado_stroma_ad_dysplasia_FA_HN14_2_otras.csv,filtrado_stroma_ad_dysplasia_FA_HN15_3_otras.csv,stroma_ad_dysplasia_FA_HN11A_2_otras.csv,stroma_ad_carcinoma_FA_HN15_4_otras.csv,stroma_ad_dysplasia_FA_HN15_1_otras.csv,filtrado_stroma_ad_dysplasia_FA_HN14_1_otras.csv,stroma_ad_dysplasia_FA_HN15_5_otras.csv,filtrado_carcinoma_FA_HN14_1_otras.csv,filtrado_dysplasia_FA_HN15_3_otras.csv,filtrado_carcinoma_FA_HN11A_5_otras.csv,filtrado_stroma_ad_carcinoma_FA_HN14_1_otras.csv,filtrado_filtrado_carcinoma_FA_HN11A_5_otras.csv,filtrado_filtrado_stroma_ad_carcinoma_FA_HN11A_2_otras.csv,stroma_ad_dysplasia_FA_HN14_4_otras.csv,filtrado_dysplasia_FA_HN14_2_otras.csv,filtrado_carcinoma_FA_HN11A_2_otras.csv,stroma_ad_dysplasia_FA_HN14_1_otras.csv,filtrado_filtrado_stroma_ad_carcinoma_FA_HN15_4_otras.csv,stroma_ad_carcinoma_FA_HN14_2_otras.csv,filtrado_filtrado_carcinoma_FA_HN11A_4_otras.csv,carcinoma_FA_HN11A_1_otras.csv,filtrado_filtrado_carcinoma_FA_HN14_2_otras.csv,filtrado_stroma_ad_carcinoma_FA_HN15_3_otras.csv,stroma_ad_carcinoma_FA_HN15_3_otras.csv,filtrado_filtrado_stroma_ad_carcinoma_FA_HN15_2_otras.csv,filtrado_filtrado_stroma_ad_carcinoma_FA_HN14_1_otras.csv,filtrado_filtrado_stroma_ad_dysplasia_FA_HN15_5_otras.csv,filtrado_filtrado_carcinoma_FA_HN14_3_otras.csv,filtrado_filtrado_dysplasia_FA_HN11A_3_otras.csv,dysplasia_FA_HN15_2_otras.csv,filtrado_filtrado_carcinoma_FA_HN15_1_otras.csv,carcinoma_FA_HN11A_3_otras.csv,carcinoma_FA_HN11A_4_otras.csv,filtrado_stroma_ad_carcinoma_FA_HN14_2_otras.csv,stroma_ad_carcinoma_FA_HN15_2_otras.csv,filtrado_stroma_ad_dysplasia_FA_HN15_1_otras.csv,dysplasia_FA_HN15_3_otras.csv,stroma_ad_dysplasia_FA_HN15_3_otras.csv,filtrado_stroma_ad_carcinoma_FA_HN15_1_otras.csv,filtrado_stroma_ad_dysplasia_FA_HN11A_5_otras.csv
filtrado_filtrado_stroma_ad_carcinoma_FA_HN15_1_otras.csv,0.0,284.1015174131196,3.59634708770281,15.69084821273924,3.59634708770281,3.59634708770281,83.74011686467098,3.59634708770281,72.40119118938307,33.01939606493019,3.59634708770281,3.59634708770281,13.30681037392415,106.84550114179345,3.59634708770281,59.67134015276674,182.91632413916403,180.86864451145445,3.59634708770281,19.525873403568767,3.59634708770281,3.59634708770281,103.66011921005295,36.4449920638273,103.66011921005295,3.59634708770281,3.59634708770281,3.59634708770281,97.30323741029335,156.5427770810816,13.30681037392415,220.83055224845634,461.2005719844433,59.67134015276674,83.74011686467098,263.81259805858576,205.61983312531547,147.97752697551132,3.59634708770281,15.69084821273924,263.81259805858576,19.525873403568767,433.7060581958822,79.01274117262213,3.59634708770281,79.01274117262213,3.59634708770281,19.525873403568767,82.20210675621874,3.59634708770281,33.01939606493019,13.30681037392415,284.1015174131196,3.59634708770281,3.59634708770281,33.01939606493019,3.59634708770281,3.59634708770281,50.807943001878456,106.23129337677939,42.1539351058911,284.1015174131196,3.59634708770281,15.69084821273924,178.9328958641598,461.2005719844433,461.2005719844433,106.84550114179345,3.59634708770281,79.01274117262213,71.77863121927675,3.59634708770281,50.807943001878456,36.4449920638273,106.23129337677939,13.019488524122607,182.91632413916403,45.294684177699885,0.0,3.59634708770281,3.59634708770281,47.170973205261504,263.81259805858576,42.1539351058911,36.4449920638273,3.59634708770281,50.807943001878456,182.91632413916403,72.40119118938307,156.5427770810816,3.59634708770281,220.83055224845634,97.30323741029335,44.15005499351988,106.84550114179345,180.86864451145445,220.83055224845634,44.15005499351988,147.97752697551132,42.1539351058911,72.40119118938307,147.97752697551132,79.01274117262213,47.170973205261504,3.59634708770281,71.77863121927675,3.59634708770281,205.61983312531547,82.20210675621874,97.30323741029335,13.019488524122607,3.59634708770281,433.7060581958822,3.59634708770281,59.67134015276674,103.66011921005295,44.15005499351988,156.5427770810816,205.61983312531547,71.77863121927675,178.9328958641598,3.59634708770281,3.59634708770281,106.23129337677939,3.59634708770281,3.59634708770281,45.294684177699885,433.7060581958822,82.20210675621874,83.74011686467098,180.86864451145445,3.59634708770281,3.59634708770281,3.59634708770281,3.59634708770281,178.9328958641598,45.294684177699885,3.59634708770281,13.019488524122607,47.170973205261504,0.0,3.59634708770281
dysplasia_FA_HN11A_4_otras.csv,284.1015174131196,0.0,284.34298251970023,296.4374836447367,284.34298251970023,284.34298251970023,299.7436457718872,284.34298251970023,353.14782662138055,279.65274731290225,284.34298251970023,284.34298251970023,294.0534458059216,326.10968005979623,284.34298251970023,289.8295158697661,368.44853323056407,266.4745452594814,284.34298251970023,300.2725088355662,284.34298251970023,284.34298251970023,297.3035071135736,317.1916274958248,297.3035071135736,284.34298251970023,284.34298251970023,284.34298251970023,292.52976023817183,296.9874251653242,294.0534458059216,303.5294448442685,611.9967417394685,289.8295158697661,299.7436457718872,460.1560987428498,390.2024093059842,300.2508786752666,284.34298251970023,296.4374836447367,460.1560987428498,300.2725088355662,583.5943940571183,345.9113360334564,284.34298251970023,345.9113360334564,284.34298251970023,300.2725088355662,326.62236471238776,284.34298251970023,279.65274731290225,294.0534458059216,0.0,284.34298251970023,284.34298251970023,279.65274731290225,284.34298251970023,284.34298251970023,287.2871615882726,274.33866024011866,268.6750387681217,0.0,284.34298251970023,296.4374836447367,362.88581563762534,611.9967417394685,611.9967417394685,326.10968005979623,284.34298251970023,345.9113360334564,265.60065171779445,284.34298251970023,287.2871615882726,317.1916274958248,274.33866024011866,288.85244227342974,368.44853323056407,286.59159183750273,284.1015174131196,284.34298251970023,284.34298251970023,272.82913853281735,460.1560987428498,268.6750387681217,317.1916274958248,284.34298251970023,287.2871615882726,368.44853323056407,353.14782662138055,296.9874251653242,284.34298251970023,303.5294448442685,292.52976023817183,315.4513871281418,326.10968005979623,266.4745452594814,303.5294448442685,315.4513871281418,300.2508786752666,268.6750387681217,353.14782662138055,300.2508786752666,345.9113360334564,272.82913853281735,284.34298251970023,265.60065171779445,284.34298251970023,390.2024093059842,326.62236471238776,292.52976023817183,288.85244227342974,284.34298251970023,583.5943940571183,284.34298251970023,289.8295158697661,297.3035071135736,315.4513871281418,296.9874251653242,390.2024093059842,265.60065171779445,362.88581563762534,284.34298251970023,284.34298251970023,274.33866024011866,284.34298251970023,284.34298251970023,286.59159183750273,583.5943940571183,326.62236471238776,299.7436457718872,266.4745452594814,284.34298251970023,284.34298251970023,284.34298251970023,284.34298251970023,362.88581563762534,286.59159183750273,284.34298251970023,288.85244227342974,272.82913853281735,284.1015174131196,284.34298251970023
carcinoma_FA_HN11A_5_otras.csv,3.59634708770281,284.34298251970023,0.0,12.09450112503643,0.0,0.0,80.14376977696817,0.0,68.80484410168026,29.42304897722738,0.0,0.0,9.71046328622134,103.24915405409064,0.0,56.07499306506393,179.31997705146122,177.27229742375164,0.0,15.929526315865957,0.0,0.0,100.06377212235014,32.84864497612449,100.06377212235014,0.0,0.0,0.0,93.70689032259054,152.94642999337879,9.71046328622134,217.2342051607535,457.60422489674056,56.07499306506393,80.14376977696817,260.2162509708829,202.02348603761268,144.38117988780854,0.0,12.09450112503643,260.2162509708829,15.929526315865957,430.10971110817945,75.41639408491932,0.0,75.41639408491932,0.0,15.929526315865957,78.60575966851593,0.0,29.42304897722738,9.71046328622134,284.34298251970023,0.0,0.0,29.42304897722738,0.0,0.0,47.211595914175646,105.55260718900404,38.5575880181883,284.34298251970023,0.0,12.09450112503643,175.33654877645702,457.60422489674056,457.60422489674056,103.24915405409064,0.0,75.41639408491932,68.18228413157394,0.0,47.211595914175646,32.84864497612449,105.55260718900404,9.423141436419797,179.31997705146122,41.698337089997075,3.59634708770281,0.0,0.0,43.574626117558694,260.2162509708829,38.5575880181883,32.84864497612449,0.0,47.211595914175646,179.31997705146122,68.80484410168026,152.94642999337879,0.0,217.2342051607535,93.70689032259054,40.55370790581707,103.24915405409064,177.27229742375164,217.2342051607535,40.55370790581707,144.38117988780854,38.5575880181883,68.80484410168026,144.38117988780854,75.41639408491932,43.574626117558694,0.0,68.18228413157394,0.0,202.02348603761268,78.60575966851593,93.70689032259054,9.423141436419797,0.0,430.10971110817945,0.0,56.07499306506393,100.06377212235014,40.55370790581707,152.94642999337879,202.02348603761268,68.18228413157394,175.33654877645702,0.0,0.0,105.55260718900404,0.0,0.0,41.698337089997075,430.10971110817945,78.60575966851593,80.14376977696817,177.27229742375164,0.0,0.0,0.0,0.0,175.33654877645702,41.698337089997075,0.0,9.423141436419797,43.574626117558694,3.59634708770281,0.0
stroma_ad_dysplasia_FA_HN11A_1_otras.csv,15.69084821273924,296.4374836447367,12.09450112503643,0.0,12.09450112503643,12.09450112503643,92.2382709020046,12.09450112503643,80.89934522671669,41.51755010226381,12.09450112503643,12.09450112503643,21.80496441125777,115.34365517912707,12.09450112503643,68.16949419010035,191.41447817649765,189.36679854878807,12.09450112503643,28.024027440902387,12.09450112503643,12.09450112503643,112.15827324738657,44.94314610116092,112.15827324738657,12.09450112503643,12.09450112503643,12.09450112503643,105.80139144762697,165.04093111841522,21.80496441125777,229.32870628578996,469.6987260217769,68.16949419010035,92.2382709020046,272.3107520959194,214.1179871626491,156.47568101284494,12.09450112503643,0.0,272.3107520959194,28.024027440902387,442.2042122332158,87.51089520995575,12.09450112503643,87.51089520995575,12.09450112503643,28.024027440902387,90.70026079355236,12.09450112503643,41.51755010226381,21.80496441125777,296.43748364473674,12.09450112503643,12.09450112503643,41.51755010226381,12.09450112503643,12.09450112503643,59.30609703921208,117.64710831404047,50.65208914322472,296.43748364473674,12.09450112503643,0.0,187.43104990149342,469.6987260217769,469.6987260217769,115.34365517912707,12.09450112503643,87.51089520995575,80.27678525661037,12.09450112503643,59.30609703921208,44.94314610116092,117.64710831404047,21.517642561456228,191.41447817649765,53.792838215033505,15.69084821273924,12.09450112503643,12.09450112503643,55.669127242595124,272.3107520959194,50.65208914322472,44.94314610116092,12.09450112503643,59.30609703921208,191.41447817649765,80.89934522671669,165.04093111841522,12.09450112503643,229.32870628578996,105.80139144762697,52.6482090308535,115.34365517912707,189.36679854878807,229.32870628578996,52.6482090308535,156.47568101284494,50.65208914322472,80.89934522671669,156.47568101284494,87.51089520995575,55.669127242595124,12.09450112503643,80.27678525661037,12.09450112503643,214.1179871626491,90.70026079355236,105.80139144762697,21.517642561456228,12.09450112503643,442.2042122332158,12.09450112503643,68.16949419010035,112.15827324738657,52.6482090308535,165.04093111841522,214.1179871626491,80.27678525661037,187.43104990149342,12.09450112503643,12.09450112503643,117.64710831404047,12.09450112503643,12.09450112503643,53.792838215033505,442.2042122332158,90.70026079355236,92.2382709020046,189.36679854878807,12.09450112503643,12.09450112503643,12.09450112503643,12.09450112503643,187.43104990149342,53.792838215033505,12.09450112503643,21.517642561456228,55.669127242595124,15.69084821273924,12.09450112503643
stroma_ad_dysplasia_FA_HN11A_3_otras.csv,3.59634708770281,284.34298251970023,0.0,12.09450112503643,0.0,0.0,80.14376977696817,0.0,68.80484410168026,29.42304897722738,0.0,0.0,9.71046328622134,103.24915405409064,0.0,56.07499306506393,179.31997705146122,177.27229742375164,0.0,15.929526315865957,0.0,0.0,100.06377212235014,32.84864497612449,100.06377212235014,0.0,0.0,0.0,93.70689032259054,152.94642999337879,9.71046328622134,217.2342051607535,457.60422489674056,56.07499306506393,80.14376977696817,260.2162509708829,202.02348603761268,144.38117988780854,0.0,12.09450112503643,260.2162509708829,15.929526315865957,430.10971110817945,75.41639408491932,0.0,75.41639408491932,0.0,15.929526315865957,78.60575966851593,0.0,29.42304897722738,9.71046328622134,284.34298251970023,0.0,0.0,29.42304897722738,0.0,0.0,47.211595914175646,105.55260718900404,38.5575880181883,284.34298251970023,0.0,12.09450112503643,175.33654877645702,457.60422489674056,457.60422489674056,103.24915405409064,0.0,75.41639408491932,68.18228413157394,0.0,47.211595914175646,32.84864497612449,105.55260718900404,9.423141436419797,179.31997705146122,41.698337089997075,3.59634708770281,0.0,0.0,43.574626117558694,260.2162509708829,38.5575880181883,32.84864497612449,0.0,47.211595914175646,179.31997705146122,68.80484410168026,152.94642999337879,0.0,217.2342051607535,93.70689032259054,40.55370790581707,103.24915405409064,177.27229742375164,217.2342051607535,40.55370790581707,144.38117988780854,38.5575880181883,68.80484410168026,144.38117988780854,75.41639408491932,43.574626117558694,0.0,68.18228413157394,0.0,202.02348603761268,78.60575966851593,93.70689032259054,9.423141436419797,0.0,430.10971110817945,0.0,56.07499306506393,100.06377212235014,40.55370790581707,152.94642999337879,202.02348603761268,68.18228413157394,175.33654877645702,0.0,0.0,105.55260718900404,0.0,0.0,41.698337089997075,430.10971110817945,78.60575966851593,80.14376977696817,177.27229742375164,0.0,0.0,0.0,0.0,175.33654877645702,41.698337089997075,0.0,9.423141436419797,43.574626117558694,3.59634708770281,0.0
filtrado_filtrado_dysplasia_FA_HN15_2_otras.csv,3.59634708770281,284.34298251970023,0.0,12.09450112503643,0.0,0.0,80.14376977696817,0.0,68.80484410168026,29.42304897722738,0.0,0.0,9.71046328622134,103.24915405409064,0.0,56.07499306506393,179.31997705146122,177.27229742375164,0.0,15.929526315865957,0.0,0.0,100.06377212235014,32.84864497612449,100.06377212235014,0.0,0.0,0.0,93.70689032259054,152.94642999337879,9.71046328622134,217.2342051607535,457.60422489674056,56.07499306506393,80.14376977696817,260.2162509708829,202.02348603761268,144.38117988780854,0.0,12.09450112503643,260.2162509708829,15.929526315865957,430.10971110817945,75.41639408491932,0.0,75.41639408491932,0.0,15.929526315865957,78.60575966851593,0.0,29.42304897722738,9.71046328622134,284.34298251970023,0.0,0.0,29.42304897722738,0.0,0.0,47.211595914175646,105.55260718900404,38.5575880181883,284.34298251970023,0.0,12.09450112503643,175.33654877645702,457.60422489674056,457.60422489674056,103.24915405409064,0.0,75.41639408491932,68.18228413157394,0.0,47.211595914175646,32.84864497612449,105.55260718900404,9.423141436419797,179.31997705146122,41.698337089997075,3.59634708770281,0.0,0.0,43.574626117558694,260.2162509708829,38.5575880181883,32.84864497612449,0.0,47.211595914175646,179.31997705146122,68.80484410168026,152.94642999337879,0.0,217.2342051607535,93.70689032259054,40.55370790581707,103.24915405409064,177.27229742375164,217.2342051607535,40.55370790581707,144.38117988780854,38.5575880181883,68.80484410168026,144.38117988780854,75.41639408491932,43.574626117558694,0.0,68.18228413157394,0.0,202.02348603761268,78.60575966851593,93.70689032259054,9.423141436419797,0.0,430.10971110817945,0.0,56.07499306506393,100.06377212235014,40.55370790581707,152.94642999337879,202.02348603761268,68.18228413157394,175.33654877645702,0.0,0.0,105.55260718900404,0.0,0.0,41.698337089997075,430.10971110817945,78.60575966851593,80.14376977696817,177.27229742375164,0.0,0.0,0.0,0.0,175.33654877645702,41.698337089997075,0.0,9.423141436419797,43.574626117558694,3.59634708770281,0.0
filtrado_carcinoma_FA_HN14_3_otras.csv,83.74011686467098,299.7436457718872,80.14376977696817,92.2382709020046,80.14376977696817,80.14376977696817,0.0,80.14376977696817,148.94861387864842,109.56681875419555,80.14376977696817,80.14376977696817,89.85423306318951,128.7633073382113,80.14376977696817,117.27755712356938,163.06576753551983,195.36163776186496,80.14376977696817,96.07329609283413,80.14376977696817,80.14376977696817,165.04840978669927,112.99241475309266,165.04840978669927,80.14376977696817,80.14376977696817,80.14376977696817,108.70018494722275,205.21348562272857,89.85423306318951,222.0761860938846,494.3108715584327,117.27755712356938,0.0,318.5150350156626,216.77219143797296,172.99941587558305,80.14376977696817,92.2382709020046,318.5150350156626,96.07329609283413,476.6532759262806,132.54191955465916,80.14376977696817,132.54191955465916,80.14376977696817,96.07329609283413,132.48614460237212,80.14376977696817,109.56681875419555,89.85423306318951,299.74364577188715,80.14376977696817,80.14376977696817,109.56681875419555,80.14376977696817,80.14376977696817,73.69449681970758,169.77725046341934,118.70135779515645,299.74364577188715,80.14376977696817,92.2382709020046,233.65288733749534,494.3108715584327,494.3108715584327,128.7633073382113,80.14376977696817,132.54191955465916,83.86058319757561,80.14376977696817,73.69449681970758,112.99241475309266,169.77725046341934,89.56691121338797,163.06576753551983,109.53254775231107,83.74011686467098,80.14376977696817,80.14376977696817,123.71839589452686,318.5150350156626,118.70135779515645,112.99241475309266,80.14376977696817,73.69449681970758,163.06576753551983,148.94861387864842,205.21348562272857,80.14376977696817,222.0761860938846,108.70018494722275,97.40913516889715,128.7633073382113,195.36163776186496,222.0761860938846,97.40913516889715,172.99941587558305,118.70135779515645,148.94861387864842,172.99941587558305,132.54191955465916,123.71839589452686,80.14376977696817,83.86058319757561,80.14376977696817,216.77219143797296,132.48614460237212,108.70018494722275,89.56691121338797,80.14376977696817,476.6532759262806,80.14376977696817,117.27755712356938,165.04840978669927,97.40913516889715,205.21348562272857,216.77219143797296,83.86058319757561,233.65288733749534,80.14376977696817,80.14376977696817,169.77725046341934,80.14376977696817,80.14376977696817,109.53254775231107,476.6532759262806,132.48614460237212,0.0,195.36163776186496,80.14376977696817,80.14376977696817,80.14376977696817,80.14376977696817,233.65288733749534,109.53254775231107,80.14376977696817,89.56691121338797,123.71839589452686,83.74011686467098,80.14376977696817
filtrado_carcinoma_FA_HN11A_3_otras.csv,3.59634708770281,284.34298251970023,0.0,12.09450112503643,0.0,0.0,80.14376977696817,0.0,68.80484410168026,29.42304897722738,0.0,0.0,9.71046328622134,103.24915405409064,0.0,56.07499306506393,179.31997705146122,177.27229742375164,0.0,15.929526315865957,0.0,0.0,100.06377212235014,32.84864497612449,100.06377212235014,0.0,0.0,0.0,93.70689032259054,152.94642999337879,9.71046328622134,217.2342051607535,457.60422489674056,56.07499306506393,80.14376977696817,260.2162509708829,202.02348603761268,144.38117988780854,0.0,12.09450112503643,260.2162509708829,15.929526315865957,430.10971110817945,75.41639408491932,0.0,75.41639408491932,0.0,15.929526315865957,78.60575966851593,0.0,29.42304897722738,9.71046328622134,284.34298251970023,0.0,0.0,29.42304897722738,0.0,0.0,47.211595914175646,105.55260718900404,38.5575880181883,284.34298251970023,0.0,12.09450112503643,175.33654877645702,457.60422489674056,457.60422489674056,103.24915405409064,0.0,75.41639408491932,68.18228413157394,0.0,47.211595914175646,32.84864497612449,105.55260718900404,9.423141436419797,179.31997705146122,41.698337089997075,3.59634708770281,0.0,0.0,43.574626117558694,260.2162509708829,38.5575880181883,32.84864497612449,0.0,47.211595914175646,179.31997705146122,68.80484410168026,152.94642999337879,0.0,217.2342051607535,93.70689032259054,40.55370790581707,103.24915405409064,177.27229742375164,217.2342051607535,40.55370790581707,144.38117988780854,38.5575880181883,68.80484410168026,144.38117988780854,75.41639408491932,43.574626117558694,0.0,68.18228413157394,0.0,202.02348603761268,78.60575966851593,93.70689032259054,9.423141436419797,0.0,430.10971110817945,0.0,56.07499306506393,100.06377212235014,40.55370790581707,152.94642999337879,202.02348603761268,68.18228413157394,175.33654877645702,0.0,0.0,105.55260718900404,0.0,0.0,41.698337089997075,430.10971110817945,78.60575966851593,80.14376977696817,177.27229742375164,0.0,0.0,0.0,0.0,175.33654877645702,41.698337089997075,0.0,9.423141436419797,43.574626117558694,3.59634708770281,0.0
filtrado_dysplasia_FA_HN15_1_otras.csv,72.40119118938307,353.14782662138055,68.80484410168026,80.89934522671669,68.80484410168026,68.80484410168026,148.94861387864842,68.80484410168026,0.0,98.22789307890764,68.80484410168026,68.80484410168026,78.5153073879016,172.0539981557709,68.80484410168026,124.87983716674418,248.12482115314148,246.0771415254319,68.80484410168026,84.73437041754622,68.80484410168026,68.80484410168026,168.8686162240304,101.65348907780475,168.8686162240304,68.80484410168026,68.80484410168026,68.80484410168026,162.5117344242708,221.75127409505905,78.5153073879016,286.03904926243376,526.4090689984207,124.87983716674418,148.94861387864842,329.02109507256324,270.8283301392929,213.18602398948877,68.80484410168026,80.89934522671669,329.02109507256324,84.73437041754622,498.91455520985966,144.22123818659958,68.80484410168026,144.22123818659958,68.80484410168026,84.73437041754622,147.4106037701962,68.80484410168026,98.22789307890764,78.5153073879016,353.14782662138055,68.80484410168026,68.80484410168026,98.22789307890764,68.80484410168026,68.80484410168026,116.0164400158559,174.3574512906843,107.36243211986854,353.14782662138055,68.80484410168026,80.89934522671669,244.14139287813725,526.4090689984207,526.4090689984207,172.0539981557709,68.80484410168026,144.22123818659958,136.9871282332542,68.80484410168026,116.0164400158559,101.65348907780475,174.3574512906843,78.22798553810006,248.12482115314148,110.50318119167733,72.40119118938307,68.80484410168026,68.80484410168026,112.37947021923895,329.02109507256324,107.36243211986854,101.65348907780475,68.80484410168026,116.0164400158559,248.12482115314148,0.0,221.75127409505905,68.80484410168026,286.03904926243376,162.5117344242708,109.35855200749734,172.0539981557709,246.0771415254319,286.03904926243376,109.35855200749734,213.18602398948877,107.36243211986854,0.0,213.18602398948877,144.22123818659958,112.37947021923895,68.80484410168026,136.9871282332542,68.80484410168026,270.8283301392929,147.4106037701962,162.5117344242708,78.22798553810006,68.80484410168026,498.91455520985966,68.80484410168026,124.87983716674418,168.8686162240304,109.35855200749734,221.75127409505905,270.8283301392929,136.9871282332542,244.14139287813725,68.80484410168026,68.80484410168026,174.3574512906843,68.80484410168026,68.80484410168026,110.50318119167733,498.91455520985966,147.4106037701962,148.94861387864842,246.0771415254319,68.80484410168026,68.80484410168026,68.80484410168026,68.80484410168026,244.14139287813725,110.50318119167733,68.80484410168026,78.22798553810006,112.37947021923895,72.40119118938307,68.80484410168026
filtrado_dysplasia_FA_HN11A_1_otras.csv,33.01939606493019,279.65274731290225,29.42304897722738,41.51755010226381,29.42304897722738,29.42304897722738,109.56681875419555,29.42304897722738,98.22789307890764,0.0,29.42304897722738,29.42304897722738,39.13351226344872,132.67220303131802,29.42304897722738,85.4980420422913,207.81221260993473,195.21497179686853,29.42304897722738,45.35257529309334,29.42304897722738,29.42304897722738,114.66455699120382,62.27169395335187,114.66455699120382,29.42304897722738,29.42304897722738,29.42304897722738,123.12993929981792,137.7038478990755,39.13351226344872,246.6572541379809,482.1521436149317,85.4980420422913,109.56681875419555,285.76596981788555,229.71513739940016,173.8042288650359,29.42304897722738,41.51755010226381,285.76596981788555,45.35257529309334,456.4271028492667,104.8394430621467,29.42304897722738,104.8394430621467,29.42304897722738,45.35257529309334,105.02054561025318,29.42304897722738,0.0,39.13351226344872,279.65274731290225,29.42304897722738,29.42304897722738,0.0,29.42304897722738,29.42304897722738,76.63464489140303,91.95037647452868,28.296440217688776,279.65274731290225,29.42304897722738,41.51755010226381,202.61481946092832,482.1521436149317,482.1521436149317,132.67220303131802,29.42304897722738,104.8394430621467,97.60533310880132,29.42304897722738,76.63464489140303,62.27169395335187,91.95037647452868,34.67441682178864,207.81221260993473,69.61616908044137,33.01939606493019,29.42304897722738,29.42304897722738,72.99767509478608,285.76596981788555,28.296440217688776,62.27169395335187,29.42304897722738,76.63464489140303,207.81221260993473,98.22789307890764,137.7038478990755,29.42304897722738,246.6572541379809,123.12993929981792,69.97675688304446,132.67220303131802,195.21497179686853,246.6572541379809,69.97675688304446,173.8042288650359,28.296440217688776,98.22789307890764,173.8042288650359,104.8394430621467,72.99767509478608,29.42304897722738,97.60533310880132,29.42304897722738,229.71513739940016,105.02054561025318,123.12993929981792,34.67441682178864,29.42304897722738,456.4271028492667,29.42304897722738,85.4980420422913,114.66455699120382,69.97675688304446,137.7038478990755,229.71513739940016,97.60533310880132,202.61481946092832,29.42304897722738,29.42304897722738,91.95037647452868,29.42304897722738,29.42304897722738,69.61616908044137,456.4271028492667,105.02054561025318,109.56681875419555,195.21497179686853,29.42304897722738,29.42304897722738,29.42304897722738,29.42304897722738,202.61481946092832,69.61616908044137,29.42304897722738,34.67441682178864,72.99767509478608,33.01939606493019,29.42304897722738
filtrado_filtrado_stroma_ad_dysplasia_FA_HN11A_5_otras.csv,3.59634708770281,284.34298251970023,0.0,12.09450112503643,0.0,0.0,80.14376977696817,0.0,68.80484410168026,29.42304897722738,0.0,0.0,9.71046328622134,103.24915405409064,0.0,56.07499306506393,179.31997705146122,177.27229742375164,0.0,15.929526315865957,0.0,0.0,100.06377212235014,32.84864497612449,100.06377212235014,0.0,0.0,0.0,93.70689032259054,152.94642999337879,9.71046328622134,217.2342051607535,457.60422489674056,56.07499306506393,80.14376977696817,260.2162509708829,202.02348603761268,144.38117988780854,0.0,12.09450112503643,260.2162509708829,15.929526315865957,430.10971110817945,75.41639408491932,0.0,75.41639408491932,0.0,15.929526315865957,78.60575966851593,0.0,29.42304897722738,9.71046328622134,284.34298251970023,0.0,0.0,29.42304897722738,0.0,0.0,47.211595914175646,105.55260718900404,38.5575880181883,284.34298251970023,0.0,12.09450112503643,175.33654877645702,457.60422489674056,457.60422489674056,103.24915405409064,0.0,75.41639408491932,68.18228413157394,0.0,47.211595914175646,32.84864497612449,105.55260718900404,9.423141436419797,179.31997705146122,41.698337089997075,3.59634708770281,0.0,0.0,43.574626117558694,260.2162509708829,38.5575880181883,32.84864497612449,0.0,47.211595914175646,179.31997705146122,68.80484410168026,152.94642999337879,0.0,217.2342051607535,93.70689032259054,40.55370790581707,103.24915405409064,177.27229742375164,217.2342051607535,40.55370790581707,144.38117988780854,38.5575880181883,68.80484410168026,144.38117988780854,75.41639408491932,43.574626117558694,0.0,68.18228413157394,0.0,202.02348603761268,78.60575966851593,93.70689032259054,9.423141436419797,0.0,430.10971110817945,0.0,56.07499306506393,100.06377212235014,40.55370790581707,152.94642999337879,202.02348603761268,68.18228413157394,175.33654877645702,0.0,0.0,105.55260718900404,0.0,0.0,41.698337089997075,430.10971110817945,78.60575966851593,80.14376977696817,177.27229742375164,0.0,0.0,0.0,0.0,175.33654877645702,41.698337089997075,0.0,9.423141436419797,43.574626117558694,3.59634708770281,0.0
filtrado_filtrado_carcinoma_FA_HN11A_3_otras.csv,3.59634708770281,284.34298251970023,0.0,12.09450112503643,0.0,0.0,80.14376977696817,0.0,68.80484410168026,29.42304897722738,0.0,0.0,9.71046328622134,103.24915405409064,0.0,56.07499306506393,179.31997705146122,177.27229742375164,0.0,15.929526315865957,0.0,0.0,100.06377212235014,32.84864497612449,100.06377212235014,0.0,0.0,0.0,93.70689032259054,152.94642999337879,9.71046328622134,217.2342051607535,457.60422489674056,56.07499306506393,80.14376977696817,260.2162509708829,202.02348603761268,144.38117988780854,0.0,12.09450112503643,260.2162509708829,15.929526315865957,430.10971110817945,75.41639408491932,0.0,75.41639408491932,0.0,15.929526315865957,78.60575966851593,0.0,29.42304897722738,9.71046328622134,284.34298251970023,0.0,0.0,29.42304897722738,0.0,0.0,47.211595914175646,105.55260718900404,38.5575880181883,284.34298251970023,0.0,12.09450112503643,175.33654877645702,457.60422489674056,457.60422489674056,103.24915405409064,0.0,75.41639408491932,68.18228413157394,0.0,47.211595914175646,32.84864497612449,105.55260718900404,9.423141436419797,179.31997705146122,41.698337089997075,3.59634708770281,0.0,0.0,43.574626117558694,260.2162509708829,38.5575880181883,32.84864497612449,0.0,47.211595914175646,179.31997705146122,68.80484410168026,152.94642999337879,0.0,217.2342051607535,93.70689032259054,40.55370790581707,103.24915405409064,177.27229742375164,217.2342051607535,40.55370790581707,144.38117988780854,38.5575880181883,68.80484410168026,144.38117988780854,75.41639408491932,43.574626117558694,0.0,68.18228413157394,0.0,202.02348603761268,78.60575966851593,93.70689032259054,9.423141436419797,0.0,430.10971110817945,0.0,56.07499306506393,100.06377212235014,40.55370790581707,152.94642999337879,202.02348603761268,68.18228413157394,175.33654877645702,0.0,0.0,105.55260718900404,0.0,0.0,41.698337089997075,430.10971110817945,78.60575966851593,80.14376977696817,177.27229742375164,0.0,0.0,0.0,0.0,175.33654877645702,41.698337089997075,0.0,9.423141436419797,43.574626117558694,3.59634708770281,0.0
filtrado_dysplasia_FA_HN14_1_otras.csv,13.30681037392415,294.0534458059216,9.71046328622134,21.80496441125777,9.71046328622134,9.71046328622134,89.85423306318951,9.71046328622134,78.5153073879016,39.13351226344872,9.71046328622134,9.71046328622134,0.0,112.95961734031198,9.71046328622134,65.78545635128526,189.03044033768256,186.98276070997298,9.71046328622134,25.639989602087297,9.71046328622134,9.71046328622134,109.77423540857149,42.55910826234583,109.77423540857149,9.71046328622134,9.71046328622134,9.71046328622134,103.41735360881188,162.65689327960013,0.0,226.94466844697487,467.3146881829618,65.78545635128526,89.85423306318951,269.9267142571043,211.733949323834,154.09164317402985,9.71046328622134,21.80496441125777,269.9267142571043,25.639989602087297,439.82017439440074,85.12685737114066,9.71046328622134,85.12685737114066,9.71046328622134,25.639989602087297,88.31622295473727,9.71046328622134,39.13351226344872,0.0,294.0534458059216,9.71046328622134,9.71046328622134,39.13351226344872,9.71046328622134,9.71046328622134,56.92205920039699,115.26307047522538,48.26805130440963,294.0534458059216,9.71046328622134,21.80496441125777,185.04701206267833,467.3146881829618,467.3146881829618,112.95961734031198,9.71046328622134,85.12685737114066,77.89274741779528,9.71046328622134,56.92205920039699,42.55910826234583,115.26307047522538,19.133604722641138,189.03044033768256,51.408800376218416,13.30681037392415,9.71046328622134,9.71046328622134,53.285089403780034,269.9267142571043,48.26805130440963,42.55910826234583,9.71046328622134,56.92205920039699,189.03044033768256,78.5153073879016,162.65689327960013,9.71046328622134,226.94466844697487,103.41735360881188,50.26417119203841,112.95961734031198,186.98276070997298,226.94466844697487,50.26417119203841,154.09164317402985,48.26805130440963,78.5153073879016,154.09164317402985,85.12685737114066,53.285089403780034,9.71046328622134,77.89274741779528,9.71046328622134,211.733949323834,88.31622295473727,103.41735360881188,19.133604722641138,9.71046328622134,439.82017439440074,9.71046328622134,65.78545635128526,109.77423540857149,50.26417119203841,162.65689327960013,211.733949323834,77.89274741779528,185.04701206267833,9.71046328622134,9.71046328622134,115.26307047522538,9.71046328622134,9.71046328622134,51.408800376218416,439.82017439440074,88.31622295473727,89.85423306318951,186.98276070997298,9.71046328622134,9.71046328622134,9.71046328622134,9.71046328622134,185.04701206267833,51.408800376218416,9.71046328622134,19.133604722641138,53.285089403780034,13.30681037392415,9.71046328622134
filtrado_stroma_ad_carcinoma_FA_HN14_4_otras.csv,106.84550114179345,326.10968005979623,103.24915405409064,115.34365517912707,103.24915405409064,103.24915405409064,128.7633073382113,103.24915405409064,172.0539981557709,132.67220303131802,103.24915405409064,103.24915405409064,112.95961734031198,0.0,103.24915405409064,106.73863794772831,194.75376584192298,230.62818761762327,103.24915405409064,119.1786803699566,103.24915405409064,103.24915405409064,140.71474912970274,136.09779903021513,140.71474912970274,103.24915405409064,103.24915405409064,103.24915405409064,133.89782650623275,232.0422534191344,112.95961734031198,300.8016384489748,450.4477579630615,106.73863794772831,128.7633073382113,291.33628823759204,167.57207252884348,219.2858501308109,103.24915405409064,115.34365517912707,291.33628823759204,119.1786803699566,442.6915773608709,138.8817833482563,103.24915405409064,138.8817833482563,103.24915405409064,119.1786803699566,137.70050996363972,103.24915405409064,132.67220303131802,112.95961734031198,326.1096800597961,103.24915405409064,103.24915405409064,132.67220303131802,103.24915405409064,103.24915405409064,150.4607499682663,195.34055744304777,141.80674207227892,326.1096800597961,103.24915405409064,115.34365517912707,229.6447351536169,450.4477579630615,450.4477579630615,0.0,103.24915405409064,138.8817833482563,124.77613424714038,103.24915405409064,150.4607499682663,136.09779903021513,195.34055744304777,112.67229549051044,194.75376584192298,122.67301500827958,106.84550114179345,103.24915405409064,103.24915405409064,146.82378017164933,291.33628823759204,141.80674207227892,136.09779903021513,103.24915405409064,150.4607499682663,194.75376584192298,172.05399815577087,232.0422534191344,103.24915405409064,300.8016384489748,133.89782650623275,120.40096813828251,0.0,230.62818761762327,300.8016384489748,120.40096813828251,219.2858501308109,141.80674207227892,172.05399815577087,219.2858501308109,138.8817833482563,146.82378017164933,103.24915405409064,124.77613424714038,103.24915405409064,167.57207252884348,137.70050996363972,133.89782650623275,112.67229549051044,103.24915405409064,442.6915773608709,103.24915405409064,106.73863794772831,140.71474912970274,120.40096813828251,232.0422534191344,167.57207252884348,124.77613424714038,229.6447351536169,103.24915405409064,103.24915405409064,195.34055744304777,103.24915405409064,103.24915405409064,122.67301500827958,442.6915773608709,137.70050996363972,128.7633073382113,230.62818761762327,103.24915405409064,103.24915405409064,103.24915405409064,103.24915405409064,229.6447351536169,122.67301500827958,103.24915405409064,112.67229549051044,146.82378017164933,106.84550114179345,103.24915405409064
